5 0.0625 0.05 0.0375 0.04375
5 0.08594 0.0625 0.03437 0.04375
5 0.10156 0.07969 0.02813 0.04063
5 0.14688 0.1 0.03125 0.0375
5 0.1625 0.11719 0.0375 0.04688
5 0.34531 0.10625 0.04688 0.03125
48 0.42188 0.13125 0.15 0.16875
48 0.77188 0.14688 0.2375 0.26875
48 0.675 0.32031 0.23125 0.20312
48 0.5875 0.43594 0.19375 0.17188
48 0.53438 0.52656 0.2375 0.18438
48 0.86875 0.37188 0.225 0.2625
48 0.71875 0.45938 0.15625 0.15
48 0.59375 0.60781 0.18125 0.22813
48 0.725 0.64531 0.25 0.33438
48 0.8625 0.57031 0.11875 0.12187
48 0.94062 0.62656 0.11875 0.19688
48 0.82969 0.77812 0.24687 0.2375
48 0.90938 0.79219 0.18125 0.27813
48 0.97969 0.875 0.04063 0.1375
48 0.95156 0.94062 0.09688 0.11875
48 0.99375 0.93281 0.0125 0.13438
5 0.97812 0.99531 0.04375 0.00938
5 0.6875 0.81406 0.04375 0.04688
5 0.6 0.75156 0.05 0.04063
5 0.54531 0.7125 0.04063 0.0375
5 0.44063 0.75625 0.05 0.0375
5 0.32969 0.67188 0.04688 0.0375
9 0.30156 0.55469 0.05938 0.10312
48 0.23594 0.80312 0.35938 0.3
48 0.09219 0.63125 0.10312 0.1
48 0.04844 0.65312 0.09688 0.13125
5 0.02188 0.95625 0.0375 0.03125
5 0.04688 0.97812 0.05 0.0375
5 0.06562 0.99062 0.0625 0.01875
48 0.02188 0.70781 0.04375 0.14062
48 0.0125 0.99062 0.025 0.01875
48 0.4 0.93906 0.5875 0.12187
48 0.19062 0.21719 0.38125 0.43438
5 0.37031 0.20781 0.04688 0.03438
55 0.92188 0.43906 0.15625 0.14687
55 0.92812 0.5125 0.14375 0.1375
