5 0.43594 0.34531 0.04062 0.05313
5 0.55781 0.13594 0.04063 0.05938
5 0.58438 0.14688 0.0375 0.05
9 0.88281 0.9875 0.05313 0.025
6 0.55469 0.05469 0.08438 0.10938
48 0.25 0.33594 0.4125 0.40938
48 0.36094 0.11406 0.42812 0.22812
48 0.09688 0.06719 0.19375 0.13438
48 0.04219 0.26406 0.08438 0.37188
5 0.49219 0.275 0.02812 0.0375
5 0.93438 0.33125 0.05625 0.03125
5 0.375 0.89688 0.0375 0.04375
5 0.73438 0.96875 0.0625 0.03125
5 0.95625 0.525 0.03125 0.05
5 0.88281 0.4875 0.06563 0.025
5 0.45781 0.38125 0.05312 0.05
5 0.90625 0.21094 0.05 0.03437
5 0.56094 0.60781 0.04688 0.04688
5 0.94687 0.08438 0.0375 0.05
5 0.74219 0.15 0.05313 0.05625
5 0.74844 0.02656 0.04063 0.05312
5 0.41562 0.57344 0.05 0.04688
5 0.98438 0.63437 0.03125 0.0375
5 0.55 0.65 0.05 0.05625
5 0.97188 0.48438 0.04375 0.05
5 0.74219 0.07812 0.06563 0.05625
5 0.81094 0.27344 0.03438 0.04063
5 0.57031 0.99375 0.03438 0.0125
5 0.61094 0.61094 0.05312 0.06563
5 0.94062 0.30781 0.075 0.04063
5 0.35938 0.66406 0.04375 0.05313
5 0.46719 0.91562 0.05313 0.05
5 0.58125 0.25312 0.04375 0.05
5 0.89688 0.45 0.06875 0.0375
5 0.98594 0.69844 0.02812 0.04688
5 0.79062 0.31875 0.05625 0.05
5 0.73281 0.75469 0.05312 0.06562
5 0.62344 0.09688 0.02812 0.05625
5 0.44063 0.98281 0.04375 0.03438
5 0.27344 0.9 0.02187 0.0625
5 0.825 0.65312 0.06875 0.0375
5 0.49062 0.82969 0.0375 0.04063
8 0.62813 0.50625 0.05 0.05625
8 0.89219 0.47031 0.06563 0.03437
5 0.75312 0.68281 0.04375 0.05312
5 0.83125 0.63281 0.05625 0.02812
5 0.94062 0.57344 0.025 0.04688
5 0.57969 0.9625 0.05312 0.04375
5 0.66719 0.37031 0.05312 0.05312
5 0.61875 0.83438 0.05625 0.05
5 0.97812 0.85781 0.04375 0.05937
8 0.77188 0.00625 0.06875 0.0125
5 0.62344 0.43594 0.04688 0.04688
5 0.45781 0.99844 0.04688 0.00313
5 0.76562 0.6375 0.05 0.04375
5 0.4875 0.54375 0.05625 0.05625
5 0.29531 0.82812 0.05313 0.05625
5 0.97344 0.23906 0.05312 0.03437
5 0.7125 0.54531 0.0625 0.05312
5 0.86562 0.11406 0.05 0.04062
8 0.79531 0.74375 0.07188 0.04375
5 0.74844 0.91875 0.06563 0.03125
5 0.64531 0.74531 0.02187 0.05312
5 0.7625 0.85625 0.05625 0.03125
5 0.47812 0.87031 0.04375 0.04063
5 0.52344 0.22188 0.04688 0.05625
5 0.89375 0.02656 0.0375 0.04688
5 0.75 0.89688 0.04375 0.03125
5 0.81875 0.69687 0.06875 0.0375
5 0.77969 0.59688 0.04063 0.04375
5 0.98906 0.35781 0.02187 0.05313
5 0.89062 0.25469 0.0625 0.05937
5 0.85469 0.37656 0.05312 0.04688
48 0.1625 0.65312 0.325 0.33125
5 0.63906 0.78594 0.04688 0.04063
5 0.90625 0.375 0.04375 0.0375
5 0.8125 0.97969 0.03125 0.04063
5 0.70156 0.28125 0.03438 0.04375
5 0.67656 0.91406 0.04063 0.05313
5 0.71875 0.99219 0.08125 0.01562
5 0.84531 0.88906 0.05312 0.05312
5 0.425 0.47031 0.03125 0.05938
5 0.94062 0.88125 0.04375 0.05
5 0.68125 0.6625 0.04375 0.04375
5 0.63281 0.3875 0.03438 0.03125
5 0.76406 0.40469 0.05937 0.04688
5 0.50625 0.78594 0.0625 0.05312
5 0.47812 0.95781 0.05 0.05312
5 0.59219 0.91875 0.04688 0.05
5 0.85781 0.83594 0.04688 0.05313
5 0.35469 0.75469 0.04063 0.04688
5 0.95156 0.97031 0.07188 0.05937
5 0.93125 0.13594 0.05625 0.05313
5 0.32656 0.73906 0.03437 0.04063
5 0.24375 0.98281 0.03125 0.03438
5 0.71562 0.79688 0.04375 0.04375
5 0.325 0.83594 0.04375 0.05313
5 0.90781 0.67344 0.04688 0.05937
5 0.33438 0.6625 0.03125 0.04375
5 0.95938 0.04219 0.0375 0.05313
8 0.57344 0.56719 0.05938 0.05312
5 0.66719 0.3 0.04688 0.05
5 0.99844 0.04219 0.00313 0.02812
5 0.82344 0.93594 0.03437 0.05312
5 0.76562 0.83125 0.0625 0.025
5 0.7875 0.78125 0.05625 0.03125
5 0.3 0.91875 0.0375 0.05625
5 0.45938 0.24219 0.025 0.04688
5 0.49375 0.37344 0.04375 0.05313
5 0.38281 0.51094 0.04063 0.03437
5 0.97969 0.18281 0.04063 0.04062
5 0.87031 0.53438 0.04688 0.025
5 0.68438 0.86719 0.05625 0.05937
5 0.66094 0.95781 0.04688 0.04688
5 0.69062 0.62187 0.05625 0.04375
5 0.59219 0.51719 0.05937 0.04688
5 0.60625 0.47969 0.05625 0.04688
5 0.98125 0.01406 0.0375 0.02812
5 0.70312 0.83438 0.025 0.0375
5 0.38438 0.7625 0.03125 0.05625
5 0.79375 0.55781 0.05 0.05938
5 0.80781 0.50781 0.04688 0.04062
5 0.85 0.15156 0.0375 0.03438
48 0.11719 0.9 0.23438 0.2
5 0.775 0.81406 0.05 0.02812
5 0.43281 0.62031 0.05938 0.05938
5 0.7 0.58281 0.0625 0.03437
5 0.69844 0.20312 0.05312 0.0625
5 0.82344 0.47031 0.02813 0.05313
5 0.9125 0.55937 0.01875 0.0375
5 0.9875 0.41562 0.025 0.04375
5 0.87656 0.50625 0.05937 0.025
5 0.93125 0.35625 0.075 0.0375
5 0.525 0.72812 0.0625 0.05625
5 0.80625 0.04531 0.0375 0.04688
5 0.31563 0.98906 0.05 0.02187
5 0.81562 0.67031 0.06875 0.02187
5 0.73125 0.50625 0.05625 0.04375
5 0.91875 0.17656 0.05 0.04062
5 0.92969 0.50938 0.03438 0.05
5 0.61094 0.87188 0.03438 0.0375
5 0.87344 0.79219 0.05937 0.05938
5 0.83906 0.61094 0.06562 0.01562
5 0.84062 0.40938 0.04375 0.0375
5 0.87656 0.07187 0.04688 0.04375
5 0.64844 0.98438 0.03438 0.03125
