48 0.01406 0.86875 0.02812 0.1
48 0.01562 0.95625 0.03125 0.0875
48 0.39844 0.80625 0.67188 0.3875
48 0.79688 0.88437 0.0375 0.05625
48 0.79375 0.78906 0.05 0.08438
48 0.76719 0.50938 0.05937 0.15
48 0.67656 0.04531 0.19062 0.09062
48 0.51719 0.075 0.19063 0.15
48 0.24688 0.0125 0.31875 0.025
9 0.97812 0.175 0.03125 0.075
9 0.98906 0.55312 0.02187 0.0625
11 0.70312 0.46562 0.075 0.0375
14 0.35625 0.36406 0.175 0.06562
56 0.51719 0.2875 0.38438 0.1625
57 0.22188 0.3375 0.025 0.0625
57 0.19531 0.33438 0.03437 0.05625
57 0.16094 0.33125 0.03438 0.05625
57 0.12656 0.33594 0.02812 0.05312
57 0.22031 0.27187 0.02188 0.05625
57 0.19219 0.26094 0.02812 0.05312
57 0.16094 0.24375 0.02188 0.05625
56 0.27656 0.47031 0.23438 0.10312
57 0.22812 0.06719 0.1125 0.03438
57 0.40625 0.11562 0.125 0.1375
14 0.99219 0.74219 0.01562 0.16562
