48 0.45469 0.91875 0.14062 0.1625
48 0.66719 0.65 0.19062 0.2
48 0.97344 0.80938 0.05312 0.1875
5 0.425 0.68438 0.03125 0.05625
48 0.25938 0.9375 0.15625 0.125
48 0.91562 0.27031 0.1125 0.10938
48 0.37656 0.60781 0.15313 0.09062
48 0.54844 0.73281 0.13437 0.07812
48 0.24375 0.74219 0.225 0.14062
48 0.93125 0.51719 0.1375 0.19063
48 0.16562 0.65469 0.14375 0.07812
48 0.00938 0.85312 0.01875 0.13125
48 0.55 0.55156 0.09375 0.07188
48 0.70156 0.53906 0.09062 0.10312
48 0.07344 0.01406 0.14688 0.02812
48 0.82969 0.39531 0.27187 0.17812
48 0.66875 0.08438 0.15 0.16875
48 0.83281 0.59219 0.12812 0.18437
50 0.41562 0.12656 0.1 0.12812
48 0.29375 0.475 0.19375 0.2
48 0.08125 0.15781 0.1625 0.27188
