49 0.24844 0.02656 0.49688 0.05312
48 0.42031 0.00781 0.40312 0.01562
48 0.7125 0.21719 0.575 0.43438
48 0.90625 0.22969 0.1875 0.45938
48 0.5625 0.99062 0.35 0.01875
5 0.12812 0.06719 0.05 0.03438
5 0.03281 0.16719 0.05938 0.04062
11 0.49688 0.33906 0.18125 0.10313
11 0.88281 0.525 0.19687 0.0875
5 0.7875 0.55 0.0625 0.04375
5 0.93906 0.59688 0.04688 0.025
5 0.25469 0.28438 0.05313 0.0375
5 0.37344 0.35 0.05313 0.03125
5 0.19062 0.1375 0.05 0.0375
5 0.22969 0.15625 0.04062 0.03125
5 0.27187 0.18125 0.04375 0.03125
5 0.14688 0.11562 0.04375 0.0375
5 0.59844 0.48125 0.05938 0.04375
5 0.94844 0.51094 0.04688 0.02813
5 0.6625 0.77188 0.05625 0.03125
5 0.20781 0.59531 0.05937 0.04063
11 0.93906 0.99219 0.09688 0.01562
5 0.08125 0.60469 0.05625 0.02813
5 0.16406 0.65469 0.04688 0.03438
5 0.17812 0.63125 0.05625 0.03125
5 0.12188 0.62813 0.05 0.0375
5 0.19375 0.67656 0.05625 0.03437
5 0.22656 0.65625 0.04063 0.03125
5 0.25156 0.70156 0.04688 0.03438
5 0.30625 0.70469 0.04375 0.03438
5 0.35156 0.73281 0.04688 0.03438
14 0.35312 0.76406 0.0875 0.04688
5 0.40938 0.80469 0.05 0.02812
5 0.43125 0.77969 0.05 0.03438
9 0.525 0.8375 0.05 0.0375
5 0.48281 0.84375 0.04688 0.0375
5 0.47812 0.80312 0.05 0.03125
5 0.52969 0.86875 0.04688 0.03125
5 0.57656 0.85625 0.04063 0.03125
5 0.82656 0.88125 0.05312 0.0375
5 0.7125 0.90781 0.05 0.03438
5 0.68125 0.84844 0.05 0.03437
5 0.26406 0.68125 0.04062 0.03125
5 0.02969 0.58281 0.05312 0.03437
5 0.64062 0.93281 0.05 0.03437
5 0.56719 0.89844 0.04688 0.03438
5 0.61875 0.89375 0.0625 0.0375
5 0.63281 0.85938 0.05313 0.03125
5 0.67969 0.95469 0.04688 0.02812
5 0.67344 0.91875 0.04063 0.0375
5 0.73438 0.9875 0.05625 0.025
5 0.99531 0.97812 0.00938 0.0375
5 0.97188 0.92969 0.05 0.03438
5 0.81562 0.99219 0.05 0.01562
5 0.13438 0.60625 0.04375 0.03125
5 0.00938 0.53125 0.01875 0.025
5 0.2875 0.72969 0.04375 0.03437
5 0.07031 0.57031 0.04688 0.03438
6 0.79688 0.95312 0.10625 0.0625
