48 0.18438 0.08906 0.225 0.05938
48 0.35156 0.41094 0.19688 0.08437
48 0.14375 0.27344 0.225 0.10938
48 0.09375 0.34688 0.1875 0.0875
48 0.4625 0.05 0.2 0.1
48 0.39688 0.32656 0.2125 0.09687
48 0.12812 0.18438 0.18125 0.10625
48 0.17656 0.02656 0.19062 0.05312
48 0.46406 0.14219 0.20937 0.08438
48 0.41094 0.22656 0.20937 0.08437
48 0.51562 0.00469 0.19375 0.00938
5 0.30312 0.48594 0.05625 0.03438
48 0.19375 0.60469 0.125 0.14687
48 0.08438 0.57031 0.14375 0.15938
48 0.01406 0.56719 0.02812 0.16563
48 0.31875 0.60312 0.1375 0.1375
