48 0.08594 0.42344 0.17188 0.55312
5 0.58438 0.13281 0.075 0.02813
5 0.58125 0.16094 0.075 0.03438
5 0.52656 0.26094 0.05938 0.02813
5 0.49688 0.30469 0.06875 0.02812
5 0.49844 0.33125 0.07812 0.03125
5 0.74375 0.08281 0.05 0.05312
5 0.72344 0.13594 0.05312 0.05313
5 0.05469 0.85312 0.05938 0.0375
5 0.25312 0.68594 0.0625 0.02812
5 0.62813 0.6125 0.04375 0.05625
5 0.67812 0.6125 0.04375 0.05
5 0.86875 0.64531 0.04375 0.04688
5 0.47344 0.38594 0.04063 0.04063
5 0.31719 0.50625 0.07188 0.03125
53 0.57656 0.27344 0.42188 0.54688
5 0.59844 0.43281 0.04063 0.04688
48 0.27812 0.61562 0.15 0.1375
48 0.78594 0.43594 0.42812 0.82812
