48 0.40938 0.01406 0.11875 0.02812
5 0.01562 0.05156 0.03125 0.02813
48 0.02188 0.17344 0.04375 0.20313
48 0.35781 0.89688 0.14688 0.20625
48 0.83438 0.49531 0.175 0.08437
48 0.8375 0.68594 0.15 0.06563
48 0.10312 0.66406 0.15 0.10938
48 0.14531 0.80312 0.07187 0.10625
48 0.575 0.24219 0.175 0.04688
48 0.56719 0.12344 0.14687 0.05938
10 0.69531 0.53125 0.02188 0.05625
48 0.37344 0.13438 0.05313 0.09375
48 0.24062 0.86094 0.1125 0.27812
48 0.52656 0.87031 0.23438 0.25938
48 0.07187 0.12188 0.025 0.1
48 0.175 0.11719 0.04375 0.08438
48 0.21562 0.125 0.03125 0.0875
48 0.11562 0.1125 0.05625 0.11875
48 0.05 0.92812 0.1 0.14375
5 0.70156 0.23906 0.02812 0.04688
48 0.02969 0.80781 0.05938 0.07812
48 0.00312 0.48594 0.00625 0.17188
48 0.55156 0.68594 0.13438 0.10938
48 0.10781 0.95469 0.09688 0.09062
48 0.29063 0.27031 0.1625 0.19062
48 0.85938 0.32812 0.15 0.11875
48 0.55156 0.33594 0.20937 0.10313
48 0.28906 0.13438 0.10938 0.0875
48 0.85938 0.18906 0.13125 0.05938
48 0.88594 0.12656 0.16563 0.06562
48 0.13906 0.52656 0.09063 0.20937
48 0.825 0.59688 0.14375 0.13125
48 0.57187 0.18125 0.1625 0.075
48 0.27969 0.00312 0.05313 0.00625
48 0.98906 0.32656 0.02187 0.12188
48 0.02344 0.46875 0.04688 0.1375
48 0.83281 0.85469 0.33438 0.29063
48 0.58125 0.02031 0.16875 0.04062
48 0.87031 0.24531 0.13438 0.07812
5 0.19062 0.43281 0.0375 0.02187
48 0.35781 0.67344 0.17188 0.07188
48 0.55 0.55 0.14375 0.08125
48 0.35469 0.51094 0.17188 0.15313
48 0.96406 0.52812 0.07188 0.13125
48 0.23906 0.00469 0.03437 0.00938
48 0.54688 0.62344 0.14375 0.09688
48 0.37344 0.61406 0.18438 0.06562
48 0.56875 0.27969 0.16875 0.04688
48 0.54688 0.45938 0.15 0.08125
5 0.24219 0.44375 0.04688 0.025
48 0.06719 0.47344 0.04688 0.14062
48 0.0875 0.82188 0.0375 0.0625
48 0.01875 0.64062 0.0375 0.11875
48 0.42188 0.12188 0.025 0.08125
48 0.40312 0.27344 0.0375 0.14687
48 0.10312 0.76406 0.05625 0.05312
48 0.11719 0.27031 0.15937 0.16563
48 0.89375 0.02812 0.1375 0.04375
48 0.9 0.00156 0.15 0.00312
