5 0.87031 0.94687 0.03437 0.05625
5 0.66562 0.85938 0.04375 0.04375
5 0.85 0.28438 0.03125 0.0375
6 0.93125 0.12812 0.0375 0.0375
5 0.94687 0.04531 0.0375 0.03438
48 0.93125 0.89062 0.1375 0.21875
10 0.43125 0.54062 0.0625 0.06875
8 0.99375 0.00156 0.0125 0.00312
8 0.0875 0.40781 0.05625 0.05938
8 0.73438 0.65781 0.05 0.05937
5 0.59531 0.99062 0.02812 0.01875
5 0.34375 0.97031 0.0375 0.05312
5 0.15937 0.41562 0.025 0.0375
10 0.56719 0.29219 0.10313 0.13438
5 0.61719 0.32188 0.02812 0.04375
5 0.025 0.49219 0.03125 0.03438
5 0.27656 0.85 0.02813 0.05
5 0.47812 0.5625 0.03125 0.04375
8 0.89844 0.24062 0.05937 0.075
