5 0.79844 0.92188 0.07812 0.01875
5 0.81719 0.94687 0.07188 0.025
5 0.61719 0.94531 0.07187 0.02812
5 0.62344 0.97344 0.07188 0.02187
5 0.62969 0.99062 0.06562 0.01875
5 0.90625 0.93125 0.075 0.025
5 0.82969 0.99219 0.07188 0.01562
5 0.91719 0.99688 0.07188 0.00625
5 0.91562 0.98125 0.06875 0.025
5 0.32656 0.88281 0.04688 0.04688
5 0.32344 0.94062 0.02813 0.04375
53 0.7125 0.89531 0.575 0.20937
5 0.09531 0.40938 0.07188 0.04375
5 0.15469 0.39062 0.06562 0.025
5 0.45 0.21094 0.05625 0.02813
5 0.67031 0.37344 0.04688 0.04688
5 0.78438 0.34688 0.0625 0.03125
5 0.38906 0.15313 0.06562 0.03125
5 0.36094 0.14062 0.07812 0.03125
5 0.30938 0.10781 0.06875 0.02812
5 0.28906 0.09063 0.07812 0.04375
5 0.26406 0.07031 0.07187 0.04062
5 0.26406 0.02031 0.06562 0.03437
5 0.29063 0.01094 0.075 0.02188
5 0.31562 0.00156 0.0625 0.00312
5 0.43437 0.03281 0.05 0.03438
8 0.52969 0.00156 0.07812 0.00312
48 0.24844 0.21875 0.25938 0.15
48 0.37812 0.7125 0.75625 0.575
53 0.34531 0.08594 0.36562 0.17188
53 0.06875 0.50313 0.1375 0.2875
48 0.69844 0.1625 0.60312 0.325
5 0.34062 0.12188 0.05625 0.0375
