48 0.58594 0.00938 0.15938 0.01875
48 0.21406 0.97031 0.42812 0.05937
48 0.275 0.0375 0.14375 0.075
48 0.05 0.13281 0.0875 0.07188
48 0.04219 0.22656 0.08438 0.12813
48 0.00625 0.14688 0.0125 0.075
48 0.00625 0.00469 0.0125 0.00938
48 0.45781 0.05781 0.12188 0.11562
48 0.09062 0.17344 0.06875 0.07187
48 0.14844 0.12344 0.13438 0.15313
48 0.52812 0.03594 0.1375 0.07187
48 0.4 0.15937 0.1125 0.10625
48 0.26406 0.21094 0.09063 0.12187
48 0.32812 0.01406 0.14375 0.02812
48 0.5 0.04375 0.11875 0.0875
48 0.24062 0.09375 0.1625 0.18125
48 0.03125 0.00781 0.0625 0.01562
48 0.14844 0.24062 0.11562 0.10625
24 0.91875 0.13438 0.05625 0.04375
24 0.99062 0.10312 0.01875 0.05
23 0.82031 0.17344 0.08438 0.04688
24 0.04688 0.425 0.09375 0.0625
51 0.65625 0.92656 0.6875 0.14687
23 0.72344 0.20625 0.06562 0.04375
