48 0.08594 0.05 0.12812 0.1
48 0.0375 0.17969 0.075 0.08437
48 0.02656 0.11094 0.05312 0.08438
48 0.02812 0.14375 0.05625 0.08125
48 0.29844 0.39219 0.07812 0.08438
48 0.16094 0.31875 0.18438 0.1375
48 0.30625 0.53125 0.2375 0.1875
48 0.26406 0.33281 0.10312 0.10313
48 0.03594 0.03906 0.07187 0.07812
48 0.53125 0.04844 0.14375 0.09688
48 0.64375 0.27812 0.275 0.20625
48 0.09844 0.11406 0.13438 0.13438
48 0.17344 0.15625 0.08438 0.075
48 0.18281 0.2 0.07812 0.06875
48 0.11406 0.17812 0.07187 0.06875
48 0.075 0.21719 0.15 0.12812
48 0.12656 0.23594 0.10312 0.09063
48 0.06719 0.29844 0.13438 0.13437
48 0.05 0.41875 0.1 0.1125
48 0.20312 0.3875 0.125 0.1125
48 0.20625 0.4625 0.16875 0.11875
48 0.14688 0.42656 0.1 0.10938
48 0.01875 0.34375 0.0375 0.10625
48 0.11875 0.59531 0.13125 0.14062
48 0.05 0.61719 0.06875 0.09062
48 0.02812 0.69687 0.05625 0.0875
48 0.03906 0.74219 0.05938 0.05313
48 0.05156 0.77031 0.07187 0.06562
48 0.06875 0.80156 0.06875 0.06562
48 0.03281 0.83594 0.06562 0.09062
48 0.01875 0.83438 0.0375 0.16875
48 0.00938 0.725 0.01875 0.1125
