29 0.23281 0.15781 0.10937 0.31562
31 0.29844 0.19375 0.09063 0.24375
23 0.36406 0.19219 0.07188 0.24062
29 0.32656 0.51875 0.08438 0.25625
23 0.175 0.47188 0.0625 0.21875
23 0.26875 0.49844 0.075 0.25938
24 0.35 0.70156 0.09375 0.08437
24 0.30469 0.8 0.05312 0.10625
24 0.275 0.775 0.05625 0.125
24 0.46094 0.33281 0.11563 0.04688
24 0.43281 0.43437 0.07188 0.05
24 0.44688 0.41094 0.0625 0.06562
24 0.45938 0.39375 0.0625 0.06875
24 0.45312 0.49062 0.0625 0.0625
24 0.42969 0.50156 0.04688 0.05938
24 0.41406 0.51094 0.04688 0.04688
24 0.65469 0.13125 0.09688 0.075
24 0.69531 0.0875 0.12187 0.0625
48 0.875 0.45781 0.25 0.21563
48 0.56563 0.71406 0.325 0.36562
48 0.50781 0.17969 0.20312 0.24062
48 0.97188 0.50313 0.05625 0.3875
48 0.76562 0.1875 0.125 0.1125
48 0.84219 0.67344 0.16563 0.20312
48 0.91562 0.75156 0.14375 0.12813
48 0.81562 0.83281 0.09375 0.09687
13 0.95312 0.27344 0.09375 0.12187
48 0.62969 0.83906 0.15313 0.17812
48 0.54375 0.9375 0.18125 0.125
29 0.21875 0.48125 0.06875 0.225
