48 0.09219 0.77344 0.18438 0.12187
52 0.98906 0.49531 0.02187 0.07813
5 0.29844 0.31562 0.04062 0.0625
48 0.02969 0.91562 0.05938 0.06875
48 0.60156 0.94844 0.29062 0.07188
48 0.2 0.34844 0.16875 0.14062
48 0.00938 0.1875 0.01875 0.16875
48 0.45625 0.26875 0.11875 0.15
48 0.49531 0.05781 0.10938 0.11562
48 0.94062 0.08438 0.11875 0.16875
48 0.8 0.43906 0.18125 0.10938
48 0.00625 0.04844 0.0125 0.07188
48 0.18281 0.1375 0.14062 0.075
48 0.60938 0.31719 0.1 0.09063
48 0.83281 0.00938 0.05312 0.01875
48 0.85625 0.35469 0.06875 0.03437
48 0.83594 0.58281 0.10938 0.04688
48 0.625 0.17188 0.05625 0.04375
48 0.65469 0.79688 0.17812 0.15625
48 0.26719 0.82812 0.04688 0.05
48 0.20469 0.80156 0.04688 0.04688
48 0.25156 0.24688 0.10312 0.05
50 0.025 0.00781 0.05 0.01562
48 0.65156 0.12656 0.09687 0.07188
48 0.71406 0.16875 0.10938 0.0625
