5 0.59844 0.89375 0.03437 0.05
5 0.62813 0.75781 0.03125 0.02188
5 0.89688 0.50469 0.025 0.04063
5 0.94844 0.50469 0.03437 0.04063
5 0.83125 0.64219 0.03125 0.03438
5 0.62031 0.92813 0.01562 0.0375
5 0.98281 0.53906 0.03438 0.02812
5 0.57344 0.9625 0.02813 0.03125
5 0.96562 0.59219 0.05625 0.02812
5 0.7125 0.7125 0.025 0.04375
5 0.89062 0.56875 0.05625 0.03125
5 0.98906 0.5 0.02187 0.0375
5 0.94375 0.57344 0.04375 0.02187
5 0.88125 0.60938 0.0375 0.05
5 0.69687 0.78125 0.0375 0.05
48 0.88125 0.07969 0.1 0.09687
48 0.91719 0.03281 0.16563 0.06562
48 0.95469 0.08906 0.09062 0.13438
48 0.97656 0.17188 0.04688 0.09375
48 0.9375 0.24688 0.1 0.0875
48 0.88594 0.30469 0.12188 0.10938
48 0.9625 0.30781 0.0625 0.05938
48 0.76875 0.29219 0.08125 0.09688
48 0.68281 0.37812 0.13438 0.0875
48 0.80938 0.35469 0.1625 0.11562
48 0.91406 0.3625 0.06563 0.0625
48 0.69531 0.32656 0.07812 0.05938
48 0.77031 0.22813 0.19062 0.1625
48 0.85312 0.20625 0.15625 0.125
48 0.89375 0.15625 0.15625 0.1
5 0.75938 0.775 0.05 0.03125
5 0.77188 0.73594 0.0375 0.02812
5 0.45156 0.39531 0.02813 0.02813
5 0.52031 0.30625 0.02813 0.03125
5 0.49375 0.29688 0.03125 0.03125
5 0.36094 0.39531 0.02813 0.02187
5 0.325 0.3875 0.03125 0.03125
48 0.24375 0.42031 0.025 0.03437
48 0.29531 0.49062 0.02188 0.025
48 0.36562 0.43281 0.01875 0.01562
48 0.19844 0.36719 0.02188 0.02812
48 0.08438 0.675 0.025 0.025
5 0.10938 0.80469 0.0375 0.03438
48 0.38594 0.78438 0.09687 0.11875
48 0.45469 0.79688 0.09063 0.125
48 0.24219 0.99219 0.09062 0.01562
48 0.38281 0.925 0.19688 0.15
5 0.84844 0.67031 0.04063 0.02187
48 0.19219 0.99062 0.05313 0.01875
48 0.11875 0.98281 0.1 0.03438
5 0.61406 0.98281 0.03437 0.03438
5 0.78125 0.59219 0.0625 0.04063
48 0.31719 0.8125 0.07812 0.05
48 0.37188 0.86094 0.05625 0.05312
5 0.49844 0.77188 0.04688 0.03125
5 0.89219 0.64844 0.04688 0.05313
48 0.56094 0.66562 0.25938 0.225
5 0.65469 0.71875 0.03438 0.0375
5 0.81875 0.55937 0.0375 0.0375
10 0.00625 0.65938 0.0125 0.05
5 0.65781 0.08906 0.03438 0.04062
5 0.17031 0.17656 0.03437 0.05313
5 0.40469 0.19375 0.04062 0.05
5 0.37031 0.52188 0.04063 0.05
5 0.35 0.64219 0.05 0.05312
5 0.31875 0.67656 0.0375 0.04688
5 0.55937 0.34062 0.03125 0.05
5 0.18281 0.2375 0.03438 0.05625
5 0.45312 0.52188 0.0375 0.04375
5 0.30469 0.27812 0.03438 0.04375
5 0.42344 0.55 0.04688 0.04375
5 0.475 0.03125 0.04375 0.05625
5 0.48438 0.48594 0.04375 0.04062
5 0.62656 0.13281 0.03438 0.03437
5 0.33594 0.04219 0.02812 0.04688
5 0.10156 0.91094 0.04062 0.04688
48 0.07187 0.09219 0.14375 0.18438
5 0.37656 0.175 0.04688 0.04375
5 0.28906 0.71094 0.03438 0.03438
5 0.59844 0.27187 0.04063 0.05
5 0.23125 0.37656 0.0375 0.04688
5 0.15469 0.23594 0.02813 0.04688
5 0.12656 0.65312 0.04063 0.04375
5 0.61563 0.01719 0.0375 0.03438
5 0.32031 0.31094 0.03438 0.04062
5 0.39688 0.58125 0.05 0.04375
5 0.68594 0.00938 0.03438 0.01875
5 0.66719 0.18125 0.03437 0.04375
5 0.25 0.1375 0.0375 0.0375
5 0.0125 0.78438 0.025 0.0375
48 0.00469 0.25313 0.00938 0.2
5 0.18438 0.54531 0.05 0.04688
5 0.47031 0.46719 0.02813 0.03437
5 0.29531 0.03594 0.04062 0.04062
5 0.125 0.31406 0.0375 0.04688
5 0.37656 0.46094 0.04062 0.04063
5 0.47188 0.26406 0.0375 0.04687
5 0.42188 0.04844 0.04375 0.04063
5 0.2875 0.08125 0.0375 0.04375
5 0.65625 0.14688 0.03125 0.04375
5 0.475 0.21875 0.0375 0.05
5 0.00156 0.77188 0.00312 0.04375
5 0.32812 0.58438 0.0375 0.05
5 0.21094 0.79531 0.04688 0.04688
5 0.1125 0.5625 0.04375 0.05
5 0.59844 0.18125 0.04063 0.04375
5 0.56719 0.27656 0.03437 0.04063
5 0.07344 0.39531 0.04062 0.04688
5 0.01719 0.80781 0.03438 0.03437
5 0.57031 0.18438 0.03438 0.0375
5 0.24219 0.08594 0.03438 0.04688
5 0.72188 0.10625 0.04375 0.05625
5 0.33594 0.52656 0.04063 0.04688
5 0.39062 0.2875 0.0375 0.04375
5 0.23281 0.58125 0.03437 0.04375
5 0.69844 0.02969 0.04063 0.04688
5 0.47812 0.07812 0.0375 0.04375
5 0.28438 0.57188 0.0375 0.04375
5 0.57812 0.11094 0.0375 0.04063
5 0.47969 0.4125 0.04688 0.05
5 0.12656 0.61562 0.04688 0.04375
5 0.4 0.32031 0.0375 0.04063
