55 0.65938 0.00781 0.11875 0.01562
48 0.40625 0.10625 0.34375 0.2125
48 0.76875 0.07812 0.33125 0.15625
48 0.98594 0.04375 0.02812 0.0875
5 0.84531 0.42656 0.04688 0.02187
48 0.43906 0.49375 0.27812 0.225
48 0.92031 0.34844 0.15938 0.29063
5 0.3625 0.96406 0.025 0.03437
53 0.38906 0.96719 0.34062 0.06563
5 0.00938 0.59844 0.01875 0.03437
48 0.75469 0.51094 0.15313 0.10938
5 0.45312 0.96875 0.0375 0.04375
8 0.02031 0.93594 0.04062 0.05937
5 0.89375 0.1875 0.0625 0.04375
5 0.40938 0.19375 0.05 0.05625
5 0.32188 0.97656 0.0375 0.04688
48 0.91875 0.71562 0.1625 0.19375
48 0.97812 0.99688 0.04375 0.00625
48 0.45469 0.78438 0.34688 0.3125
5 0.27656 0.97031 0.02187 0.04688
48 0.72344 0.69688 0.19062 0.14375
5 0.12031 0.99688 0.04062 0.00625
8 0.02031 0.02812 0.04062 0.05
5 0.52812 0.97031 0.025 0.04688
8 0.075 0.74688 0.0375 0.0625
5 0.41562 0.97031 0.03125 0.04688
