5 0.99531 0.95156 0.00938 0.03438
5 0.32656 0.88594 0.03437 0.02187
5 0.37031 0.86875 0.03437 0.01875
5 0.42188 0.85156 0.0375 0.02812
5 0.62969 0.75938 0.02813 0.01875
5 0.71406 0.70469 0.02187 0.04063
5 0.73438 0.69687 0.025 0.0375
5 0.75469 0.69219 0.02813 0.04063
5 0.83594 0.66719 0.02812 0.03437
5 0.85312 0.65781 0.01875 0.03438
5 0.87344 0.64375 0.02187 0.03125
5 0.8875 0.63594 0.025 0.03437
5 0.90625 0.63125 0.025 0.025
5 0.92031 0.01406 0.05312 0.02812
5 0.93125 0.06406 0.04375 0.02812
5 0.925 0.03594 0.05 0.03438
5 0.9125 0.00312 0.05 0.00625
5 0.81094 0.14531 0.03438 0.02188
5 0.76875 0.16719 0.05 0.03438
48 0.81094 0.975 0.29688 0.05
48 0.91094 0.96562 0.17812 0.06875
48 0.87812 0.49844 0.24375 0.18437
48 0.7375 0.52969 0.325 0.24687
48 0.64844 0.59375 0.22812 0.2125
48 0.81094 0.82656 0.28438 0.25938
48 0.92188 0.69844 0.15625 0.20312
48 0.95156 0.85156 0.09688 0.17813
5 0.80469 0.67969 0.04062 0.05313
5 0.53125 0.79375 0.03125 0.025
48 0.55312 0.65 0.2375 0.24375
5 0.97344 0.59219 0.04063 0.03438
5 0.98594 0.15625 0.02812 0.04375
5 0.61406 0.2625 0.04688 0.03125
5 0.57031 0.25312 0.04062 0.03125
5 0.53281 0.27344 0.04063 0.03438
5 0.45156 0.3625 0.04062 0.03125
5 0.2 0.41562 0.05 0.0375
5 0.01094 0.50313 0.02188 0.025
48 0.09844 0.14062 0.19688 0.28125
5 0.08438 0.46562 0.04375 0.025
5 0.48125 0.28906 0.05 0.03438
5 0.66406 0.2625 0.04062 0.0375
5 0.31406 0.36406 0.04688 0.03437
48 0.85625 0.36875 0.2875 0.1875
48 0.875 0.22969 0.25 0.17188
48 0.7125 0.3375 0.16875 0.1875
5 0.90781 0.15469 0.04063 0.02813
48 0.13906 0.82031 0.27812 0.24687
48 0.23438 0.77812 0.29375 0.25
48 0.33594 0.73906 0.27812 0.24062
48 0.44062 0.67813 0.26875 0.25625
48 0.175 0.575 0.18125 0.21875
48 0.26094 0.52969 0.21562 0.22813
48 0.37031 0.48438 0.24062 0.20625
5 0.43281 0.30938 0.04688 0.0375
5 0.39062 0.32656 0.05625 0.04062
48 0.57031 0.38906 0.22812 0.22813
5 0.66875 0.74063 0.05 0.0375
5 0.50313 0.80625 0.04375 0.03125
48 0.59062 0.8875 0.21875 0.225
48 0.11719 0.32188 0.20937 0.225
48 0.30781 0.07031 0.24688 0.14062
48 0.47344 0.14844 0.19688 0.24062
48 0.01875 0.35312 0.0375 0.25
48 0.32031 0.23281 0.23438 0.25312
48 0.25625 0.96406 0.2 0.07188
48 0.69531 0.06562 0.32812 0.13125
48 0.41719 0.94375 0.19688 0.1125
48 0.05938 0.60469 0.11875 0.21562
48 0.00625 0.87031 0.0125 0.25938
