50 0.04844 0.3375 0.09688 0.09375
48 0.04062 0.92344 0.08125 0.10313
48 0.15 0.42656 0.15625 0.14062
48 0.49062 0.02344 0.14375 0.04688
48 0.60156 0.33438 0.09688 0.10625
48 0.53125 0.13281 0.15625 0.15937
48 0.56563 0.51719 0.14375 0.14062
48 0.39219 0.71875 0.11563 0.13125
48 0.3125 0.02188 0.09375 0.04375
48 0.16406 0.77188 0.17188 0.15625
48 0.24688 0.32031 0.1125 0.09688
48 0.84375 0.93438 0.1125 0.1
48 0.14531 0.20937 0.21562 0.15
8 0.16406 0.61563 0.03437 0.05625
48 0.67344 0.93594 0.15312 0.12813
