48 0.65469 0.37031 0.10313 0.09063
48 0.02188 0.69219 0.04375 0.10313
48 0.66719 0.27344 0.06562 0.10938
48 0.40938 0.74375 0.125 0.1375
48 0.04844 0.05469 0.09688 0.10938
48 0.20781 0.56094 0.14062 0.20938
48 0.5375 0.91406 0.29375 0.17188
48 0.98438 0.97812 0.03125 0.04375
48 0.38594 0.43906 0.34062 0.24062
48 0.05781 0.17656 0.11562 0.14688
48 0.5625 0.07656 0.30625 0.15313
48 0.08594 0.26406 0.17188 0.13438
48 0.9625 0.84531 0.075 0.30937
48 0.875 0.25156 0.25 0.14688
48 0.23438 0.00312 0.24375 0.00625
48 0.35312 0.25469 0.33125 0.15312
48 0.0625 0.95781 0.125 0.08437
48 0.44375 0.59531 0.3 0.17812
48 0.86719 0.10312 0.26562 0.16875
48 0.74375 0.92188 0.16875 0.15625
48 0.08594 0.36094 0.17188 0.15313
48 0.03281 0.84375 0.06562 0.14375
48 0.24219 0.95312 0.22813 0.09375
48 0.1375 0.69375 0.2375 0.14375
48 0.54219 0.74844 0.17188 0.09688
48 0.07812 0.57812 0.13125 0.14375
48 0.2 0.88437 0.2375 0.13125
48 0.30469 0.10469 0.22188 0.20938
48 0.82031 0.01562 0.35938 0.03125
48 0.75 0.59375 0.5 0.46875
48 0.92812 0.45625 0.14375 0.24375
48 0.15625 0.80156 0.2 0.11562
