48 0.86094 0.85625 0.08437 0.06875
48 0.84375 0.92188 0.04375 0.05625
48 0.26094 0.84688 0.05938 0.05
48 0.03594 0.98125 0.07187 0.0375
48 0.6 0.85938 0.04375 0.09375
48 0.62813 0.79688 0.08125 0.0375
48 0.14688 0.87969 0.03125 0.02813
48 0.82812 0.98906 0.04375 0.02187
48 0.60156 0.98594 0.04688 0.02812
48 0.21875 0.88438 0.08125 0.04375
48 0.16563 0.95156 0.05625 0.09062
48 0.90156 0.77656 0.07188 0.10313
48 0.78438 0.98281 0.05 0.03438
48 0.70312 0.99688 0.075 0.00625
48 0.20938 0.95469 0.05 0.07812
48 0.32188 0.75937 0.1 0.1
48 0.70156 0.97344 0.10313 0.05312
48 0.08125 0.875 0.08125 0.0375
48 0.09688 0.92188 0.08125 0.0375
48 0.30312 0.87969 0.06875 0.07188
48 0.16406 0.78594 0.09063 0.08437
39 0.39375 0.99688 0.0625 0.00625
50 0.49375 0.85312 0.125 0.1375
48 0.94531 0.95 0.07812 0.06875
48 0.99062 0.92812 0.01875 0.0625
48 0.76719 0.73594 0.08437 0.10313
