48 0.37969 0.38594 0.05938 0.07188
48 0.12656 0.08906 0.07812 0.16562
48 0.13594 0.25625 0.13438 0.16875
48 0.26094 0.29688 0.11562 0.125
48 0.82188 0.28125 0.0625 0.0625
48 0.97969 0.53594 0.04063 0.12188
48 0.92031 0.59062 0.10938 0.075
48 0.36094 0.70156 0.08438 0.08437
48 0.97344 0.06875 0.05312 0.1125
48 0.88906 0.03594 0.12187 0.05312
48 0.425 0.32969 0.0875 0.10312
48 0.49375 0.38281 0.09375 0.12813
48 0.22969 0.50781 0.09688 0.09688
48 0.25781 0.225 0.05937 0.05
48 0.45469 0.37031 0.09063 0.13438
48 0.83594 0.35312 0.12813 0.15625
48 0.57969 0.71562 0.12187 0.1125
48 0.09844 0.60312 0.06562 0.06875
48 0.72188 0.35469 0.15 0.11562
48 0.29219 0.58125 0.11562 0.09375
48 0.59219 0.16094 0.05312 0.05937
48 0.45156 0.81875 0.08438 0.075
48 0.02812 0.63594 0.05625 0.09687
48 0.01719 0.93594 0.03438 0.04063
48 0.00938 0.08594 0.01875 0.12188
48 0.52344 0.56094 0.14062 0.11562
48 0.26719 0.46094 0.05938 0.05937
48 0.08594 0.64531 0.05938 0.04063
48 0.73281 0.08906 0.04688 0.09062
48 0.63594 0.04688 0.06562 0.08125
48 0.77656 0.4625 0.08437 0.08125
48 0.40312 0.85 0.13125 0.11875
48 0.41719 0.10469 0.07188 0.07187
48 0.74375 0.52344 0.11875 0.12813
48 0.53125 0.32188 0.0625 0.05625
48 0.56406 0.27969 0.06563 0.05938
48 0.0125 0.5125 0.025 0.06875
48 0.76719 0.13906 0.05937 0.04688
48 0.08594 0.95625 0.17188 0.0875
48 0.9 0.19375 0.2 0.1375
48 0.82344 0.55625 0.10313 0.16875
48 0.37812 0.63906 0.125 0.12187
48 0.35312 0.51719 0.1 0.10938
48 0.99062 0.24219 0.01875 0.08437
48 0.55625 0.02969 0.075 0.05312
48 0.92344 0.52188 0.09062 0.08125
48 0.06719 0.67812 0.07812 0.075
48 0.07656 0.14688 0.02812 0.05
48 0.03125 0.85 0.0625 0.10625
48 0.325 0.3625 0.1 0.08125
48 0.94219 0.44531 0.11562 0.13437
48 0.87031 0.47969 0.10313 0.09063
48 0.73906 0.425 0.09063 0.0875
48 0.60938 0.6375 0.175 0.13125
48 0.29375 0.49375 0.10625 0.1
48 0.1875 0.57344 0.06875 0.06562
48 0.66406 0.20312 0.07187 0.06875
48 0.69219 0.39531 0.07812 0.07812
48 0.25938 0.62969 0.11875 0.10938
48 0.675 0.66719 0.1125 0.10313
48 0.24062 0.70781 0.0875 0.08437
48 0.00938 0.71719 0.01875 0.05937
5 0.98594 0.35469 0.02812 0.04688
48 0.61406 0.3 0.10313 0.1
48 0.52031 0.66562 0.10937 0.10625
48 0.13438 0.55625 0.1 0.08125
48 0.31406 0.66875 0.05938 0.05625
48 0.15625 0.62969 0.1125 0.08437
48 0.42969 0.77188 0.07812 0.0875
48 0.37656 0.89844 0.05938 0.04688
48 0.18594 0.88281 0.27188 0.22188
48 0.67188 0.47656 0.125 0.11563
48 0.01406 0.99219 0.02812 0.01562
48 0.47656 0.71094 0.09062 0.08438
48 0.37813 0.30625 0.08125 0.09375
48 0.45469 0.62187 0.10938 0.1
48 0.79062 0.08125 0.06875 0.08125
48 0.21562 0.125 0.13125 0.11875
48 0.56094 0.41562 0.10313 0.1125
48 0.84844 0.08594 0.09687 0.08438
