9 0.02031 0.07656 0.04062 0.07187
9 0.62969 0.12969 0.04688 0.04062
48 0.20625 0.79062 0.0625 0.0625
48 0.29844 0.84375 0.05313 0.0625
48 0.22969 0.81562 0.04062 0.025
13 0.92969 0.19062 0.14062 0.1375
13 0.93125 0.1625 0.1375 0.075
48 0.15313 0.63437 0.125 0.15
48 0.68438 0.49375 0.29375 0.2125
48 0.75156 0.65312 0.27812 0.2
48 0.91719 0.93125 0.16563 0.1375
5 0.17031 0.00156 0.05938 0.00312
5 0.07812 0.03125 0.05 0.025
48 0.96719 0.86562 0.06563 0.26875
5 0.55781 0.13594 0.05312 0.03438
48 0.79375 0.98281 0.4125 0.03438
48 0.85938 0.44688 0.28125 0.33125
4 0.22188 0.09531 0.075 0.04688
5 0.04531 0.01094 0.05312 0.02188
