48 0.21875 0.075 0.15625 0.15
5 0.025 0.32812 0.03125 0.05
48 0.00469 0.07812 0.00938 0.1125
48 0.38281 0.04219 0.16563 0.08438
5 0.24375 0.24531 0.0375 0.04062
48 0.675 0.93438 0.3 0.13125
48 0.625 0.03281 0.06875 0.06562
48 0.36875 0.01875 0.175 0.0375
5 0.27344 0.2375 0.04688 0.05625
48 0.85625 0.90156 0.2875 0.19688
48 0.0125 0.19375 0.025 0.0875
48 0.19375 0.01719 0.1375 0.03438
48 0.07031 0.01406 0.14062 0.02812
5 0.98594 0.45156 0.02812 0.02813
48 0.54062 0.07656 0.13125 0.15313
5 0.20781 0.26562 0.05313 0.0625
48 0.45469 0.14375 0.14062 0.11875
5 0.12188 0.29844 0.0375 0.04688
48 0.70156 0.04219 0.14687 0.08438
5 0.16406 0.29063 0.02813 0.05
48 0.04062 0.2625 0.08125 0.1
48 0.09844 0.10625 0.17188 0.15625
48 0.60312 0.09375 0.1 0.10625
5 0.45938 0.99219 0.0625 0.01562
5 0.38906 0.6625 0.05938 0.0375
5 0.06719 0.30781 0.04062 0.05312
48 0.075 0.0375 0.15 0.075
48 0.40625 0.08125 0.1375 0.10625
48 0.51094 0.00312 0.17188 0.00625
48 0.23594 0.2 0.33438 0.16875
