5 0.27812 0.40156 0.025 0.04688
5 0.23125 0.31875 0.025 0.05625
5 0.14219 0.29375 0.02813 0.05
5 0.03906 0.07656 0.03438 0.04688
5 0.03438 0.02188 0.025 0.04375
5 0.12031 0.06094 0.02812 0.04062
5 0.10156 0.01875 0.02813 0.0375
5 0.00469 0.00625 0.00938 0.0125
5 0.1875 0.18906 0.05 0.04688
48 0.86406 0.04688 0.27187 0.09375
5 0.275 0.20312 0.0375 0.0375
48 0.45781 0.32969 0.32812 0.22812
48 0.91094 0.925 0.17812 0.15
48 0.69375 0.94219 0.2125 0.11562
5 0.5375 0.96875 0.04375 0.0375
48 0.92344 0.16094 0.15312 0.23438
48 0.95312 0.39531 0.09375 0.23437
48 0.22188 0.00938 0.2625 0.01875
5 0.01406 0.58281 0.02812 0.04063
5 0.05625 0.56563 0.05625 0.03125
5 0.10938 0.24531 0.0375 0.03438
5 0.26875 0.6 0.04375 0.05
5 0.175 0.39219 0.03125 0.04062
5 0.03594 0.68281 0.03438 0.03437
48 0.5625 0.53594 0.24375 0.23437
48 0.63438 0.77188 0.28125 0.2375
48 0.08125 0.33906 0.1625 0.45313
48 0.14531 0.68438 0.19688 0.16875
48 0.22656 0.8875 0.19062 0.225
48 0.02344 0.80312 0.04688 0.3
