10 0.32812 0.37031 0.1125 0.04063
5 0.33281 0.52969 0.06562 0.03438
10 0.78438 0.5375 0.11875 0.04375
48 0.92812 0.79375 0.14375 0.4125
5 0.53281 0.38438 0.07812 0.03125
5 0.82344 0.38438 0.06562 0.0375
10 0.53906 0.49687 0.13437 0.05
10 0.48906 0.5375 0.11562 0.04375
10 0.93281 0.55781 0.09063 0.03437
6 0.9875 0.31094 0.025 0.02188
6 0.96719 0.34844 0.06563 0.02813
48 0.76719 0.04688 0.30937 0.09375
48 0.95469 0.04062 0.09062 0.08125
48 0.49375 0.06875 0.0625 0.1125
48 0.55937 0.01406 0.0875 0.02812
