19 0.38906 0.59844 0.08438 0.12188
19 0.30156 0.84219 0.07188 0.12187
19 0.43594 0.49062 0.07812 0.125
19 0.5 0.36719 0.09375 0.12187
19 0.55781 0.25312 0.08437 0.11875
19 0.26094 0.95 0.07812 0.1
19 0.34531 0.72031 0.07187 0.13438
56 0.775 0.33906 0.1875 0.54062
56 0.83906 0.01562 0.16563 0.03125
19 0.8 0.91094 0.05 0.10313
20 0.85 0.87656 0.0625 0.15938
20 0.8375 0.97969 0.05 0.04063
20 0.42969 0.33594 0.12187 0.15938
20 0.35938 0.50469 0.125 0.17187
20 0.30625 0.6625 0.10625 0.15
20 0.26094 0.80625 0.09063 0.15
20 0.17656 0.97812 0.08438 0.04375
20 0.21875 0.92344 0.1 0.10938
19 0.79844 0.775 0.02812 0.1625
