12 0.55 0.025 0.1 0.05
5 0.2125 0.02188 0.03125 0.0375
48 0.175 0.1125 0.2875 0.18125
9 0.75938 0.06875 0.0625 0.05
9 0.77812 0.04844 0.06875 0.05312
9 0.8 0.02344 0.075 0.04688
48 0.96094 0.05156 0.07812 0.10312
12 0.55 0.07187 0.09375 0.05
12 0.5375 0.10625 0.1 0.0625
12 0.53594 0.1375 0.07812 0.05625
12 0.525 0.175 0.10625 0.05625
12 0.74688 0.08281 0.09375 0.06562
12 0.73281 0.11719 0.09062 0.07812
12 0.72031 0.12969 0.09688 0.07813
12 0.69219 0.16562 0.11562 0.09375
9 0.04844 0.93281 0.04687 0.08437
9 0.07344 0.65781 0.04062 0.19688
5 0.09688 0.86719 0.0375 0.05313
5 0.23281 0.98906 0.04062 0.02187
5 0.65781 0.3875 0.03438 0.05625
9 0.15 0.38125 0.05625 0.16875
9 0.12188 0.275 0.0375 0.10625
9 0.0125 0.36562 0.025 0.0625
6 0.19219 0.34844 0.02188 0.05312
9 0.23906 0.38438 0.02188 0.05
12 0.78438 0.96875 0.04375 0.0625
10 0.51562 0.91562 0.03125 0.06875
10 0.48438 0.92188 0.025 0.05625
10 0.64219 0.89219 0.02187 0.05937
10 0.66719 0.88906 0.02813 0.05937
48 0.03594 0.81719 0.07187 0.17188
48 0.88438 0.95938 0.075 0.08125
48 0.86406 0.99062 0.07812 0.01875
14 0.5625 0.85625 0.0625 0.15
56 0.74844 0.88281 0.09688 0.13437
57 0.7625 0.79531 0.11875 0.06563
48 0.54219 0.725 0.06562 0.05625
48 0.59531 0.6 0.16563 0.19375
48 0.70781 0.43125 0.19688 0.24375
48 0.79375 0.31719 0.09375 0.08437
48 0.85 0.25313 0.15625 0.2
48 0.94531 0.275 0.10938 0.2
56 0.83594 0.63125 0.13437 0.24375
57 0.59844 0.73438 0.04063 0.0625
56 0.94531 0.58125 0.10938 0.33125
57 0.925 0.77969 0.05625 0.07188
56 0.98281 0.92969 0.03438 0.14062
48 0.92188 0.11875 0.11875 0.125
48 0.8625 0.35938 0.0625 0.05
48 0.85156 0.38906 0.07812 0.05313
48 0.8375 0.43437 0.0875 0.08125
48 0.92969 0.42188 0.09688 0.13125
