48 0.17031 0.19688 0.14062 0.1125
48 0.31406 0.2 0.15937 0.10625
48 0.42344 0.21406 0.07812 0.10312
48 0.50781 0.21719 0.10938 0.10937
48 0.69375 0.23594 0.2875 0.11562
48 0.08438 0.04062 0.0625 0.04375
48 0.13281 0.00938 0.06562 0.01875
48 0.19688 0.00625 0.05625 0.0125
48 0.99531 0.79688 0.00938 0.14375
48 0.90156 0.04844 0.06562 0.04687
48 0.89688 0.32969 0.1 0.04688
48 0.87812 0.23438 0.11875 0.0625
48 0.48906 0.02969 0.11562 0.05938
48 0.56563 0.00625 0.09375 0.0125
48 0.67344 0.03906 0.04688 0.03438
5 0.22188 0.10156 0.06875 0.02813
48 0.35 0.025 0.1125 0.05
48 0.00312 0.21406 0.00625 0.03438
48 0.01406 0.125 0.02812 0.04375
