48 0.99219 0.375 0.01562 0.1375
48 0.68438 0.57031 0.175 0.15938
48 0.36562 0.66406 0.0875 0.09062
5 0.175 0.51094 0.05 0.06562
48 0.52656 0.60469 0.12188 0.15313
48 0.07656 0.37031 0.15313 0.14062
48 0.35 0.3125 0.125 0.15625
5 0.79375 0.70469 0.05625 0.05312
48 0.08594 0.54219 0.17188 0.14063
48 0.2375 0.52344 0.11875 0.12187
48 0.58594 0.43594 0.10938 0.15312
48 0.63906 0.29063 0.19688 0.09375
48 0.88281 0.42812 0.09688 0.1375
6 0.72344 0.72031 0.09687 0.04688
48 0.82812 0.02969 0.1625 0.05938
48 0.07812 0.69375 0.15625 0.15625
48 0.15625 0.19844 0.15 0.10938
48 0.24844 0.65938 0.14688 0.1625
48 0.39062 0.48594 0.1125 0.14687
48 0.9375 0.51562 0.125 0.1
48 0.01875 0.25156 0.0375 0.14063
48 0.50781 0.45469 0.07812 0.14062
