48 0.0625 0.74375 0.125 0.1375
48 0.07812 0.63438 0.15625 0.1875
48 0.00625 0.50781 0.0125 0.11563
48 0.09688 0.56406 0.19375 0.15938
48 0.01875 0.40938 0.0375 0.11875
48 0.10469 0.46875 0.20938 0.15
48 0.03438 0.34062 0.06875 0.08125
48 0.16094 0.36562 0.19688 0.14375
48 0.15313 0.26094 0.1875 0.14687
48 0.17031 0.1625 0.12812 0.1125
48 0.23281 0.08906 0.19688 0.14688
48 0.24844 0.03281 0.22812 0.06562
48 0.00781 0.02656 0.01562 0.05312
48 0.04375 0.03594 0.0875 0.07187
48 0.99375 0.325 0.0125 0.0875
