5 0.94375 0.52969 0.0625 0.05937
5 0.09219 0.9625 0.03438 0.0375
8 0.95781 0.22031 0.08437 0.05938
5 0.08438 0.00781 0.05 0.01562
5 0.9875 0.05 0.025 0.05
5 0.04219 0.975 0.04688 0.0375
5 0.77188 0.2375 0.05 0.05
5 0.84062 0.1125 0.04375 0.04375
48 0.18594 0.46719 0.37188 0.59688
5 0.84531 0.34531 0.05312 0.05313
5 0.95312 0.04219 0.04375 0.06562
5 0.78125 0.025 0.05625 0.05
5 0.22812 0.11406 0.05625 0.05937
5 0.47344 0.00625 0.05312 0.0125
5 0.41719 0.09687 0.05312 0.05
48 0.43125 0.96719 0.8625 0.06563
5 0.82031 0.41406 0.06563 0.05937
5 0.59219 0.22188 0.05312 0.03125
