5 0.22344 0.19219 0.04688 0.06563
48 0.08438 0.28438 0.16875 0.11875
48 0.50938 0.88594 0.1375 0.22813
5 0.15781 0.01719 0.05313 0.02812
6 0.24375 0.00625 0.0625 0.0125
5 0.56563 0.02656 0.05 0.03437
6 0.64219 0.06562 0.06563 0.0375
5 0.89062 0.10312 0.05625 0.03125
48 0.78438 0.69062 0.10625 0.13125
48 0.77812 0.79375 0.1125 0.125
5 0.77812 0.98594 0.10625 0.02812
5 0.51406 0.0125 0.04688 0.025
5 0.50469 0.03594 0.05938 0.03438
5 0.5125 0.07031 0.05625 0.02813
5 0.44844 0.05781 0.04688 0.02812
5 0.36094 0.04219 0.06562 0.03437
5 0.37344 0.01562 0.05938 0.03125
5 0.28906 0.03594 0.04688 0.02813
5 0.31875 0.075 0.04375 0.025
5 0.62031 0.09062 0.05312 0.03125
5 0.34375 0.15156 0.04375 0.04062
5 0.25 0.14375 0.04375 0.04375
5 0.31094 0.14844 0.04062 0.04063
5 0.375 0.15469 0.04375 0.04688
6 0.41094 0.15469 0.05312 0.04688
6 0.48438 0.16875 0.0625 0.05
5 0.54844 0.18594 0.05937 0.04062
5 0.57656 0.2 0.04688 0.03125
5 0.5125 0.18125 0.04375 0.0375
5 0.28281 0.14375 0.04062 0.03125
5 0.78906 0.08594 0.05313 0.03437
5 0.72188 0.07344 0.05625 0.03437
9 0.9875 0.11094 0.025 0.03437
5 0.975 0.25 0.05 0.04375
48 0.91562 0.38438 0.16875 0.2375
48 0.9375 0.52344 0.125 0.07187
48 0.9125 0.71875 0.175 0.3625
48 0.96719 0.86875 0.06563 0.18125
48 0.55625 0.67031 0.09375 0.05312
48 0.77812 0.91875 0.11875 0.1375
5 0.70312 0.12188 0.0625 0.0375
5 0.93594 0.13125 0.04688 0.0375
5 0.4125 0.00781 0.05625 0.01562
5 0.09063 0.04844 0.05 0.03438
5 0.7625 0.05469 0.0375 0.03437
48 0.09844 0.37188 0.09062 0.09375
5 0.71719 0.04219 0.04063 0.03437
48 0.04062 0.46562 0.08125 0.10625
48 0.08438 0.18125 0.14375 0.10625
5 0.14844 0.28906 0.03437 0.05312
5 0.52656 0.11719 0.06562 0.03437
48 0.01719 0.20937 0.03438 0.0875
