5 0.81719 0.74375 0.04688 0.03125
5 0.38125 0.58281 0.05 0.03437
5 0.13594 0.55156 0.05938 0.03437
5 0.72656 0.79688 0.05313 0.0375
6 0.38906 0.52031 0.08438 0.05938
5 0.18594 0.49687 0.05313 0.03125
8 0.52031 0.84062 0.05938 0.04375
5 0.59375 0.68281 0.06875 0.03437
5 0.09375 0.50156 0.0625 0.03438
6 0.82344 0.93438 0.09063 0.04375
8 0.92656 0.72344 0.05938 0.04063
5 0.44531 0.57031 0.05937 0.04062
5 0.72656 0.87656 0.05937 0.04063
5 0.33125 0.54219 0.06875 0.03437
5 0.60781 0.80469 0.05937 0.04062
