48 0.93906 0.33906 0.09688 0.04063
5 0.6125 0.45312 0.03125 0.075
5 0.65781 0.45469 0.03438 0.06562
5 0.15625 0.66562 0.025 0.0375
48 0.61406 0.34688 0.12812 0.06875
48 0.47812 0.35156 0.16875 0.05937
48 0.40938 0.29688 0.1125 0.1
48 0.48594 0.27656 0.04688 0.06563
48 0.40938 0.20312 0.0625 0.075
5 0.09531 0.96562 0.04688 0.03125
5 0.18281 0.27812 0.02188 0.05
48 0.72969 0.46094 0.10313 0.16562
48 0.29219 0.46094 0.14062 0.16562
48 0.47812 0.97344 0.15625 0.05312
48 0.48438 0.88906 0.15625 0.10938
48 0.97188 0.79219 0.05625 0.07188
5 0.57188 0.45 0.03125 0.04375
5 0.11094 0.57812 0.02812 0.04375
48 0.27344 0.67812 0.12187 0.09375
48 0.7125 0.85312 0.05625 0.11875
48 0.48594 0.67656 0.09063 0.10938
5 0.72031 0.02969 0.05312 0.02188
48 0.99531 0.47344 0.00938 0.15313
48 0.36875 0.675 0.06875 0.125
48 0.75469 0.77969 0.07812 0.04063
48 0.80469 0.69844 0.17813 0.12188
48 0.83906 0.25938 0.09687 0.23125
5 0.15469 0.78125 0.02188 0.05
48 0.04219 0.84062 0.08438 0.2875
48 0.29063 0.27344 0.1375 0.20937
48 0.96719 0.70781 0.06563 0.09687
5 0.10781 0.4625 0.03438 0.04375
48 0.32969 0.97344 0.13437 0.05312
48 0.76875 0.85781 0.05 0.11562
48 0.03125 0.51406 0.0625 0.29688
5 0.09688 0.27344 0.025 0.04063
5 0.09375 0.91562 0.05 0.025
48 0.73125 0.28281 0.1 0.16562
5 0.57656 0.02344 0.02812 0.04688
48 0.88281 0.86094 0.14062 0.12187
5 0.18594 0.97031 0.02813 0.04063
48 0.33594 0.89219 0.13438 0.10938
5 0.1125 0.51719 0.03125 0.04062
48 0.01875 0.99844 0.0375 0.00313
48 0.60312 0.25625 0.09375 0.125
48 0.99688 0.25938 0.00625 0.1375
48 0.50469 0.79844 0.10937 0.06563
5 0.15781 0.6125 0.05313 0.04375
48 0.27187 0.76719 0.13125 0.08437
48 0.9375 0.46719 0.10625 0.16563
5 0.18125 0.6625 0.025 0.04375
