5 0.68906 0.85156 0.07188 0.02812
48 0.97188 0.58281 0.05625 0.10938
48 0.97812 0.48125 0.04375 0.13125
48 0.97656 0.39219 0.04688 0.11563
48 0.95312 0.05312 0.09375 0.10625
48 0.92344 0.15156 0.09062 0.09062
48 0.88125 0.23438 0.1125 0.125
48 0.96562 0.00625 0.06875 0.0125
5 0.4125 0.05781 0.04375 0.02188
48 0.66719 0.03281 0.22187 0.06562
48 0.63281 0.09219 0.15938 0.09688
48 0.62969 0.1875 0.16563 0.1125
48 0.625 0.30937 0.0875 0.08125
48 0.59062 0.37656 0.1875 0.12188
48 0.47344 0.46094 0.10313 0.09688
5 0.275 0.55156 0.05625 0.02187
48 0.45 0.55781 0.08125 0.08437
5 0.04219 0.71875 0.05938 0.01875
48 0.60312 0.48594 0.15 0.10938
48 0.57656 0.61719 0.18437 0.25937
48 0.78125 0.50469 0.26875 0.09063
48 0.83281 0.58594 0.12188 0.11563
48 0.73594 0.68594 0.27187 0.22188
48 0.45781 0.89531 0.04688 0.04688
48 0.25781 0.89688 0.15312 0.13125
48 0.08906 0.84375 0.14062 0.1125
48 0.04219 0.96406 0.08438 0.07188
48 0.03906 0.56875 0.07812 0.15625
48 0.09375 0.57031 0.1125 0.14688
48 0.14844 0.60938 0.05938 0.0625
48 0.18281 0.59062 0.07812 0.08125
48 0.0125 0.46094 0.025 0.17813
48 0.12812 0.44688 0.21875 0.13125
48 0.13594 0.32188 0.19062 0.1375
48 0.15469 0.22813 0.25937 0.1
48 0.23906 0.15625 0.20938 0.1125
48 0.03125 0.19062 0.0625 0.1
48 0.26562 0.05781 0.21875 0.09688
48 0.27812 0.00938 0.2375 0.01875
48 0.95469 0.67813 0.09062 0.1
48 0.45312 0.68594 0.08125 0.08437
48 0.4 0.67813 0.075 0.06875
48 0.42188 0.62969 0.09375 0.07188
48 0.01094 0.94844 0.02188 0.10313
