48 0.97344 0.04375 0.05312 0.0875
48 0.95469 0.50469 0.09062 0.28438
48 0.90312 0.97031 0.19375 0.05937
48 0.9375 0.9 0.125 0.2
6 0.93281 0.76562 0.07188 0.05625
48 0.67031 0.99062 0.40938 0.01875
48 0.80625 0.225 0.3875 0.45
5 0.51094 0.92188 0.05312 0.03125
10 0.44062 0.98281 0.09375 0.03438
5 0.98438 0.74062 0.03125 0.03125
5 0.87812 0.76875 0.05 0.03125
5 0.92969 0.70469 0.03438 0.02812
5 0.80156 0.77344 0.04688 0.03438
5 0.64688 0.85156 0.03125 0.03438
5 0.73906 0.8125 0.02813 0.01875
5 0.59062 0.87969 0.05625 0.02187
5 0.875 0.73438 0.03125 0.025
10 0.72344 0.9125 0.09687 0.05625
5 0.98438 0.68281 0.025 0.02813
