48 0.07812 0.27969 0.11875 0.11563
48 0.47656 0.15469 0.05937 0.04062
47 0.52031 0.19688 0.05312 0.025
48 0.10781 0.11094 0.21562 0.11562
48 0.09219 0.3875 0.12812 0.06875
48 0.98438 0.96094 0.03125 0.07812
48 0.09219 0.02812 0.07812 0.05
48 0.42344 0.59062 0.17188 0.125
48 0.55 0.35469 0.35625 0.22188
48 0.04844 0.8625 0.09688 0.075
48 0.53281 0.13594 0.11562 0.05938
50 0.36094 0.16875 0.14062 0.13125
48 0.15625 0.57656 0.1375 0.10313
48 0.475 0.77031 0.1375 0.07812
48 0.24844 0.30938 0.05938 0.05625
48 0.16094 0.02812 0.05937 0.05625
48 0.24688 0.38594 0.19375 0.06562
48 0.46719 0.08438 0.08438 0.04375
48 0.11875 0.7 0.15625 0.13125
48 0.42344 0.02344 0.06562 0.04688
48 0.06719 0.98438 0.11562 0.03125
48 0.65625 0.04531 0.13125 0.09062
48 0.99062 0.2625 0.01875 0.14375
48 0.37031 0.87969 0.12812 0.11562
48 0.40938 0.97969 0.16875 0.04063
