48 0.99844 0.85156 0.00313 0.20312
48 0.60156 0.87656 0.15938 0.13438
48 0.63281 0.77031 0.17188 0.09687
48 0.2 0.92188 0.175 0.1125
48 0.17656 0.97812 0.22813 0.04375
5 0.33125 0.97656 0.0375 0.04688
5 0.35938 0.97812 0.0375 0.04375
5 0.43125 0.97656 0.0375 0.04688
48 0.70625 0.94375 0.1875 0.1125
48 0.84062 0.95781 0.14375 0.08437
48 0.94531 0.96406 0.10938 0.07188
48 0.01719 0.87344 0.03438 0.18437
48 0.99062 0.66719 0.01875 0.17188
48 0.75937 0.62344 0.18125 0.18437
48 0.9125 0.63437 0.175 0.1625
5 0.0125 0.91719 0.025 0.04063
5 0.52969 0.77031 0.03438 0.04063
48 0.55 0.425 0.28125 0.1625
48 0.86406 0.27812 0.27187 0.55625
48 0.40469 0.17656 0.32188 0.20938
6 0.05469 0.56094 0.03437 0.04688
5 0.15781 0.15625 0.04062 0.05
5 0.17812 0.36094 0.0375 0.04688
5 0.1125 0.62969 0.0375 0.04688
5 0.15156 0.26406 0.03438 0.05313
5 0.20938 0.09531 0.04375 0.05938
5 0.20625 0.15781 0.03125 0.04688
48 0.00625 0.04531 0.0125 0.09062
48 0.07969 0.04844 0.15937 0.09688
5 0.61406 0.57812 0.05312 0.025
48 0.03594 0.52344 0.07187 0.17813
5 0.13906 0.40156 0.02813 0.03437
5 0.16094 0.01406 0.03438 0.02812
48 0.01875 0.67031 0.0375 0.19063
48 0.90625 0.80625 0.1875 0.18125
48 0.99844 0.97344 0.00313 0.05312
48 0.05 0.34688 0.1 0.18125
48 0.27187 0.71406 0.19375 0.10938
48 0.62656 0.18594 0.15312 0.14688
48 0.37344 0.55312 0.39062 0.25625
48 0.76719 0.78438 0.14062 0.11875
48 0.51875 0.05156 0.4 0.10312
48 0.23906 0.81875 0.19688 0.15625
48 0.40781 0.825 0.22812 0.1625
48 0.87344 0.07187 0.25313 0.14375
