48 0.15469 0.02656 0.19688 0.05312
48 0.79375 0.25156 0.225 0.27187
48 0.17031 0.75781 0.29062 0.38437
11 0.20781 0.97344 0.22188 0.05312
48 0.41094 0.85312 0.08437 0.05625
48 0.37969 0.06406 0.07812 0.12812
48 0.96406 0.99062 0.07188 0.01875
48 0.00781 0.94531 0.01562 0.10312
48 0.15313 0.12188 0.125 0.09375
48 0.56563 0.96406 0.2375 0.07188
48 0.96094 0.21719 0.07812 0.18438
48 0.15313 0.43281 0.1625 0.25938
48 0.40938 0.67812 0.1625 0.25
48 0.95156 0.925 0.09688 0.1375
48 0.94531 0.525 0.10938 0.14375
48 0.52969 0.3625 0.16563 0.29375
48 0.3375 0.3375 0.0875 0.14375
