48 0.23125 0.30312 0.4625 0.60625
48 0.05 0.75469 0.1 0.49062
48 0.56563 0.03438 0.30625 0.06875
10 0.54219 0.03281 0.07812 0.06562
5 0.475 0.09844 0.05625 0.02812
10 0.3125 0.25938 0.06875 0.06875
10 0.275 0.36719 0.1125 0.09062
10 0.25625 0.33125 0.05625 0.075
10 0.17812 0.525 0.11875 0.11875
5 0.15 0.4875 0.06875 0.0625
10 0.1 0.49687 0.13125 0.125
5 0.10625 0.5375 0.05625 0.0625
5 0.00469 0.97031 0.00938 0.04688
5 0.00625 0.9 0.0125 0.05
5 0.03125 0.92969 0.04375 0.04688
5 0.0625 0.89219 0.04375 0.04688
5 0.09531 0.85781 0.04688 0.04063
5 0.13594 0.82188 0.05938 0.0625
5 0.0125 0.88125 0.025 0.0375
5 0.02656 0.85625 0.05312 0.0375
5 0.05156 0.82969 0.05938 0.04063
5 0.07656 0.80625 0.05938 0.04375
5 0.11719 0.74844 0.05938 0.04688
5 0.19531 0.74688 0.04688 0.05625
5 0.14531 0.725 0.05313 0.05
5 0.16719 0.70156 0.05937 0.04063
5 0.2375 0.70781 0.05625 0.05312
5 0.27969 0.6625 0.04688 0.05
5 0.32656 0.61875 0.04688 0.04375
5 0.20625 0.65469 0.05625 0.04063
5 0.23281 0.63594 0.05313 0.04063
5 0.25312 0.61406 0.05625 0.04688
5 0.275 0.59688 0.0625 0.0375
5 0.29531 0.57344 0.05938 0.04063
5 0.375 0.57031 0.04375 0.04688
5 0.30781 0.54531 0.05938 0.04688
5 0.33125 0.52656 0.05625 0.04688
5 0.35312 0.50625 0.05625 0.04375
5 0.37969 0.48594 0.04688 0.03438
5 0.4625 0.47656 0.05625 0.05313
5 0.50625 0.42656 0.04375 0.04688
5 0.39531 0.45781 0.06562 0.05312
5 0.42188 0.42656 0.05625 0.04688
5 0.44219 0.40312 0.05938 0.05
5 0.4625 0.3875 0.0625 0.05
5 0.48125 0.36875 0.0625 0.05
5 0.50156 0.35 0.05938 0.05
5 0.525 0.32812 0.05625 0.04375
5 0.54219 0.3 0.05938 0.04375
5 0.59844 0.33438 0.05938 0.05
5 0.63594 0.29219 0.06562 0.05312
5 0.68281 0.24375 0.06562 0.05625
5 0.7375 0.19219 0.05 0.04688
5 0.77812 0.14375 0.05 0.04375
5 0.57187 0.27187 0.05625 0.04375
5 0.6 0.24844 0.05625 0.04062
5 0.61719 0.225 0.05313 0.0375
5 0.63594 0.20469 0.04063 0.04062
5 0.65625 0.18281 0.0625 0.04688
5 0.67969 0.1625 0.05937 0.0375
5 0.69531 0.13438 0.05313 0.04375
5 0.71875 0.11562 0.05 0.0375
5 0.75312 0.1 0.05 0.0375
5 0.76719 0.06562 0.05312 0.05
5 0.79062 0.05 0.0625 0.0375
5 0.81094 0.02344 0.07188 0.04688
5 0.83906 0.00625 0.04688 0.0125
5 0.93594 0.00469 0.05312 0.00938
5 0.9 0.01875 0.05 0.0375
5 0.86094 0.05625 0.04063 0.04375
