5 0.2875 0.57812 0.0375 0.05
5 0.325 0.63437 0.04375 0.05625
5 0.34531 0.51406 0.04062 0.03437
5 0.35156 0.5375 0.04063 0.0375
5 0.36719 0.56094 0.04063 0.04063
5 0.47344 0.7 0.04688 0.04375
5 0.41406 0.76562 0.03438 0.04375
5 0.63125 0.9125 0.04375 0.0375
5 0.57344 0.98125 0.03437 0.0375
5 0.21094 0.51875 0.04063 0.05
48 0.99688 0.125 0.00625 0.1375
48 0.76094 0.11875 0.25938 0.225
48 0.45781 0.22656 0.25312 0.24688
48 0.0625 0.07969 0.125 0.15937
48 0.79844 0.70625 0.40312 0.525
9 0.16562 0.44219 0.05 0.08437
