48 0.9875 0.36875 0.025 0.44375
5 0.24062 0.325 0.01875 0.03125
5 0.28906 0.32812 0.02187 0.03125
5 0.71719 0.77344 0.04063 0.02812
8 0.66719 0.77344 0.04063 0.02812
48 0.09531 0.86563 0.15313 0.15
48 0.1 0.96406 0.2 0.07188
48 0.72812 0.53281 0.2 0.19063
48 0.03594 0.71719 0.07187 0.13438
48 0.22812 0.84844 0.14375 0.17812
48 0.07969 0.27812 0.15937 0.20625
48 0.85938 0.11562 0.19375 0.23125
48 0.95312 0.71094 0.09375 0.15938
48 0.89688 0.38438 0.20625 0.44375
48 0.43906 0.32812 0.12813 0.11875
48 0.31875 0.61094 0.25 0.23438
48 0.32656 0.45625 0.17813 0.175
5 0.35938 0.11094 0.0375 0.02187
5 0.34688 0.07031 0.03125 0.02188
5 0.33594 0.03281 0.03438 0.02188
5 0.325 0.00156 0.03125 0.00312
5 0.41406 0.05938 0.02812 0.0375
5 0.01562 0.08594 0.03125 0.03437
5 0.01719 0.06406 0.03438 0.02812
5 0.03594 0.05 0.03438 0.03125
5 0.08594 0.03437 0.02813 0.05
5 0.10625 0.04375 0.025 0.04375
5 0.12656 0.05469 0.02188 0.04062
5 0.17812 0.0875 0.025 0.04375
5 0.2 0.10625 0.025 0.0375
53 0.12344 0.0875 0.24688 0.175
48 0.22656 0.35625 0.21562 0.1375
53 0.76562 0.31875 0.33125 0.29375
5 0.53438 0.70312 0.05 0.0375
5 0.51875 0.67031 0.0375 0.02812
5 0.5375 0.72188 0.05 0.0375
5 0.5625 0.75937 0.04375 0.025
5 0.46719 0.73594 0.02188 0.04063
5 0.49844 0.74219 0.02812 0.04688
5 0.48594 0.69062 0.03438 0.04375
5 0.54219 0.74219 0.04688 0.03438
53 0.70781 0.71562 0.22187 0.1875
53 0.49687 0.61875 0.20625 0.375
5 0.33906 0.05 0.03437 0.0125
5 0.33281 0.01094 0.02813 0.01562
53 0.36875 0.07031 0.13125 0.14062
48 0.30156 0.12656 0.13438 0.25312
5 0.74375 0.40156 0.0125 0.04688
8 0.72188 0.68594 0.05625 0.03438
48 0.98438 0.83594 0.03125 0.18437
48 0.6125 0.45781 0.14375 0.16563
5 0.14062 0.33438 0.03125 0.025
8 0.49688 0.4625 0.04375 0.05625
5 0.95469 0.52188 0.02187 0.05
5 0.12812 0.36094 0.03125 0.02813
5 0.81094 0.42031 0.02187 0.04688
48 0.94219 0.94531 0.11562 0.10938
5 0.92344 0.61406 0.04063 0.03437
8 0.87656 0.2375 0.03438 0.05
5 0.99531 0.36719 0.00938 0.02812
5 0.67188 0.75469 0.04375 0.02187
5 0.92344 0.79688 0.02187 0.05
5 0.76406 0.40469 0.01562 0.04062
