5 0.1125 0.14375 0.05 0.05
5 0.05469 0.13438 0.02813 0.04375
5 0.03438 0.09063 0.0375 0.04375
5 0.0875 0.08594 0.04375 0.04062
5 0.07656 0.04531 0.04062 0.05312
5 0.01562 0.04375 0.03125 0.05
5 0.19844 0.46562 0.04688 0.05
5 0.31406 0.61094 0.04062 0.04063
5 0.31562 0.72344 0.03125 0.04063
5 0.95781 0.41719 0.03437 0.04063
5 0.93594 0.42812 0.03438 0.0375
5 0.92656 0.44531 0.04063 0.03438
5 0.87656 0.46094 0.03438 0.03438
48 0.00312 0.21094 0.00625 0.27187
48 0.00781 0.55937 0.01562 0.5375
48 0.69219 0.7125 0.16563 0.0875
48 0.16094 0.67031 0.07813 0.10938
48 0.19062 0.76719 0.10625 0.07812
48 0.0875 0.53125 0.175 0.15
48 0.95469 0.00156 0.09062 0.00312
48 0.84375 0.875 0.275 0.225
48 0.30781 0.29688 0.25938 0.28125
48 0.38125 0.83906 0.2125 0.10313
43 0.1375 0.04844 0.06875 0.06562
