51 0.65 0.68906 0.7 0.62187
48 0.96406 0.14062 0.07188 0.28125
9 0.26094 0.21406 0.08437 0.05937
48 0.06094 0.21562 0.12188 0.35
48 0.11094 0.56094 0.22188 0.42188
48 0.0125 0.44844 0.025 0.70312
48 0.53906 0.63125 0.05937 0.04375
48 0.51719 0.70469 0.07187 0.05937
48 0.74844 0.08594 0.50313 0.17188
5 0.64688 0.15313 0.0375 0.0375
5 0.79844 0.2125 0.04688 0.05
5 0.84375 0.225 0.04375 0.04375
5 0.88594 0.2375 0.04063 0.0375
5 0.09687 0.14531 0.04375 0.02812
48 0.29375 0.39062 0.1125 0.1
5 0.32031 0.49688 0.03438 0.05625
47 0.21875 0.59375 0.05 0.05
5 0.26719 0.72969 0.04062 0.04688
48 0.34062 0.74844 0.13125 0.09688
5 0.10469 0.78125 0.06563 0.03125
5 0.08906 0.81719 0.05313 0.02187
5 0.00938 0.78125 0.01875 0.03125
5 0.08594 0.84375 0.05313 0.025
5 0.17188 0.82812 0.04375 0.04375
48 0.03594 0.95312 0.07187 0.09375
48 0.275 0.88594 0.08125 0.05312
48 0.82969 0.89062 0.06563 0.05
48 0.7625 0.93438 0.05625 0.05
48 0.8375 0.96406 0.06875 0.05312
