48 0.87344 0.54531 0.25313 0.17188
48 0.98594 0.3375 0.02812 0.1125
5 0.70156 0.01094 0.04063 0.02188
48 0.87656 0.82656 0.08437 0.07812
5 0.7375 0.52969 0.0375 0.02812
48 0.90156 0.42188 0.19688 0.21875
48 0.43438 0.64062 0.43125 0.41875
5 0.20781 0.24375 0.04062 0.03125
6 0.68281 0.10938 0.02187 0.04375
5 0.64688 0.12344 0.025 0.03438
48 0.97031 0.85625 0.05937 0.2875
48 0.79062 0.25781 0.25625 0.14687
48 0.77812 0.34531 0.33125 0.15313
48 0.85312 0.15469 0.28125 0.19062
48 0.68906 0.4 0.28438 0.21875
48 0.03438 0.6375 0.06875 0.19375
48 0.25312 0.14062 0.50625 0.28125
48 0.94844 0.07031 0.10313 0.14062
48 0.29688 0.92812 0.59375 0.14375
48 0.33906 0.03438 0.67812 0.06875
