48 0.57969 0.54062 0.11562 0.1125
48 0.88437 0.55469 0.0875 0.07187
48 0.53906 0.97188 0.11563 0.05625
48 0.70312 0.33281 0.0875 0.09063
48 0.35781 0.13125 0.14688 0.09375
48 0.7 0.06562 0.13125 0.10625
48 0.45 0.16406 0.11875 0.10312
48 0.75469 0.79375 0.15313 0.125
48 0.1375 0.24219 0.1 0.07188
48 0.15469 0.75625 0.07812 0.09375
48 0.40469 0.43125 0.15937 0.15625
48 0.42031 0.825 0.12188 0.0875
48 0.60781 0.09219 0.05937 0.05938
48 0.84219 0.14219 0.06563 0.09062
48 0.86719 0.7875 0.10312 0.075
48 0.26875 0.36719 0.11875 0.14062
48 0.73438 0.5 0.09375 0.06875
48 0.5875 0.29375 0.1625 0.15625
48 0.83906 0.225 0.09687 0.08125
48 0.9125 0.47188 0.1125 0.10625
48 0.21719 0.29375 0.07812 0.075
48 0.89375 0.14062 0.05625 0.075
48 0.93438 0.18281 0.08125 0.08438
48 0.31875 0.74531 0.125 0.09687
48 0.41875 0.54375 0.06875 0.075
48 0.61719 0.76562 0.07812 0.0625
48 0.50937 0.90625 0.1 0.0875
48 0.58906 0.93438 0.09687 0.1125
48 0.73594 0.99062 0.10938 0.01875
48 0.75469 0.43125 0.08437 0.09375
48 0.30469 0.99531 0.15312 0.00938
48 0.56563 0.07344 0.04375 0.04688
48 0.67188 0.95312 0.075 0.05625
48 0.67344 0.57344 0.11562 0.09687
48 0.47656 0.27344 0.09688 0.06563
48 0.19062 0.35938 0.06875 0.09375
48 0.47188 0.57031 0.1 0.08438
48 0.63438 0.44531 0.15625 0.14062
48 0.91719 0.64531 0.11562 0.09063
48 0.35156 0.53594 0.07812 0.06562
48 0.98125 0.47812 0.0375 0.10625
48 0.55781 0.80469 0.07188 0.05937
48 0.97031 0.775 0.05937 0.1125
48 0.13906 0.54688 0.10312 0.0875
48 0.85156 0.00469 0.09688 0.00938
48 0.09687 0.41875 0.125 0.1125
48 0.52031 0.19219 0.09687 0.05313
48 0.12656 0.15625 0.10938 0.0875
48 0.77188 0.13594 0.11875 0.15938
48 0.95 0.38438 0.1 0.1
48 0.08438 0.64375 0.11875 0.1
48 0.18594 0.68594 0.11562 0.10938
48 0.17031 0.47188 0.10312 0.06875
48 0.51875 0.68438 0.1375 0.175
48 0.64688 0.625 0.10625 0.06875
48 0.11562 0.82344 0.09375 0.08437
48 0.61875 0.8375 0.125 0.11875
48 0.93594 0.8625 0.12813 0.125
48 0.37187 0.89219 0.1375 0.08437
48 0.3625 0.66719 0.2125 0.14062
48 0.6125 0.03906 0.08125 0.07812
48 0.83906 0.84062 0.10313 0.08125
48 0.99219 0.7 0.01562 0.0625
48 0.17344 0.09531 0.11562 0.09062
48 0.34375 0.96719 0.1125 0.06563
48 0.23906 0.57812 0.09687 0.075
48 0.4625 0.95469 0.11875 0.09062
48 0.075 0.21094 0.1 0.10313
48 0.61875 0.69062 0.1125 0.1
48 0.54219 0.15781 0.07812 0.05938
48 0.52031 0.04531 0.09063 0.07812
48 0.75625 0.97344 0.10625 0.05312
48 0.9625 0.54062 0.075 0.075
48 0.27656 0.50625 0.10312 0.08125
48 0.66562 0.14531 0.1 0.10312
48 0.67812 0.90938 0.075 0.05
48 0.87344 0.71562 0.12187 0.1375
48 0.95625 0.93281 0.0875 0.13438
48 0.93906 0.025 0.12187 0.05
48 0.39844 0.8625 0.13438 0.075
48 0.95938 0.6 0.08125 0.075
48 0.96562 0.57031 0.06875 0.05937
48 0.24844 0.05625 0.16562 0.1125
48 0.84844 0.99844 0.10938 0.00313
48 0.33594 0.59062 0.11562 0.0875
48 0.77969 0.91562 0.15312 0.14375
48 0.53906 0.01406 0.10938 0.02812
48 0.64375 0.98125 0.06875 0.0375
48 0.24844 0.17812 0.12812 0.0875
48 0.69375 0.8625 0.0875 0.10625
48 0.36562 0.93438 0.11875 0.0625
48 0.31719 0.01094 0.14062 0.02188
48 0.1375 0.32031 0.09375 0.10313
48 0.71094 0.52812 0.08438 0.0625
48 0.3875 0.27656 0.08125 0.08437
48 0.5 0.23125 0.0875 0.0625
48 0.48125 0.09688 0.11875 0.0875
48 0.07656 0.925 0.12188 0.15
48 0.47656 0.00469 0.08438 0.00938
48 0.98125 0.32188 0.0375 0.1375
