48 0.72031 0.8875 0.30937 0.225
48 0.47344 0.46094 0.89062 0.26562
48 0.34219 0.7625 0.14688 0.075
48 0.10781 0.77344 0.13438 0.10312
5 0.00469 0.15937 0.00938 0.04375
5 0.025 0.15313 0.04375 0.04375
5 0.01094 0.78906 0.02188 0.05313
5 0.37344 0.81875 0.04688 0.05
5 0.29688 0.82188 0.0625 0.05
5 0.26719 0.89844 0.07187 0.03438
5 0.06719 0.925 0.07812 0.03125
5 0.14062 0.95 0.0625 0.04375
5 0.06719 0.98906 0.07812 0.02187
5 0.89375 0.23438 0.06875 0.03125
53 0.05312 0.95 0.10625 0.1
53 0.25625 0.93125 0.275 0.1375
53 0.03125 0.15937 0.0625 0.05625
