48 0.78438 0.07812 0.43125 0.15625
48 0.95 0.00312 0.1 0.00625
48 0.74531 0.00312 0.14687 0.00625
48 0.71875 0.05938 0.13125 0.11875
48 0.5 0.03438 0.10625 0.06875
48 0.8625 0.02656 0.0875 0.05312
48 0.81875 0.09063 0.0875 0.09375
48 0.89219 0.11719 0.10313 0.11562
48 0.95781 0.06406 0.08437 0.12188
48 0.91719 0.03594 0.08437 0.07187
48 0.98906 0.14687 0.02187 0.15
48 0.9625 0.13438 0.075 0.0625
48 0.45156 0.01719 0.17188 0.03438
48 0.82812 0.28281 0.11875 0.12812
48 0.91875 0.30312 0.10625 0.11875
48 0.96562 0.35938 0.06875 0.175
48 0.79688 0.39219 0.10625 0.12188
48 0.88594 0.4125 0.09687 0.1125
48 0.77656 0.5 0.12812 0.1125
48 0.90469 0.52188 0.12813 0.10625
48 0.96562 0.58125 0.06875 0.175
48 0.86563 0.61562 0.15 0.1125
5 0.86719 0.21719 0.04062 0.02813
6 0.97656 0.24844 0.04688 0.03437
48 0.67344 0.25781 0.14687 0.16563
48 0.59688 0.42969 0.1875 0.13438
48 0.40469 0.11719 0.18438 0.10312
48 0.37656 0.18438 0.12188 0.1
48 0.53594 0.20781 0.10313 0.12187
5 0.44688 0.24062 0.0375 0.05625
48 0.43906 0.31406 0.19687 0.10312
48 0.53281 0.51094 0.13437 0.10313
48 0.62344 0.52812 0.06563 0.075
48 0.51094 0.57969 0.12188 0.07812
48 0.31406 0.55781 0.12812 0.11562
48 0.36094 0.42188 0.15313 0.18125
48 0.45625 0.625 0.1 0.075
48 0.43125 0.49531 0.13125 0.27187
48 0.25156 0.38438 0.15313 0.2
48 0.05469 0.4875 0.10938 0.16875
48 0.05312 0.35938 0.10625 0.125
48 0.24219 0.20156 0.12187 0.15937
48 0.27656 0.08906 0.08437 0.07812
48 0.02812 0.10625 0.05625 0.15625
48 0.02812 0.02969 0.05625 0.05938
48 0.07969 0.10156 0.12812 0.19688
48 0.14062 0.17188 0.16875 0.16875
48 0.22188 0.06719 0.0625 0.07812
48 0.75156 0.56406 0.10313 0.06563
48 0.72656 0.6125 0.09688 0.075
48 0.70781 0.68438 0.10938 0.09375
48 0.80625 0.70469 0.1125 0.10313
48 0.94687 0.72031 0.0875 0.12187
48 0.87969 0.72656 0.05938 0.10312
48 0.98906 0.75156 0.02187 0.11562
48 0.99531 0.92344 0.00938 0.11562
48 0.91875 0.89062 0.1625 0.125
48 0.76719 0.85625 0.17188 0.125
48 0.62031 0.83125 0.16563 0.14375
48 0.56094 0.93125 0.18437 0.1375
48 0.475 0.79844 0.15 0.14062
48 0.35156 0.75781 0.17188 0.14062
48 0.22031 0.73125 0.12188 0.15
48 0.11719 0.69688 0.14062 0.15625
48 0.04375 0.67031 0.0875 0.13438
48 0.12969 0.51875 0.09062 0.10625
48 0.24062 0.96094 0.48125 0.07812
5 0.58906 0.75469 0.04688 0.02813
5 0.77969 0.76562 0.04688 0.03125
5 0.71094 0.74531 0.04688 0.02813
48 0.18281 0.82969 0.20312 0.10313
48 0.18594 0.90156 0.19688 0.10938
5 0.48281 0.06094 0.04688 0.02812
5 0.37031 0.02969 0.05938 0.03438
