48 0.29688 0.08125 0.33125 0.1625
48 0.89219 0.79375 0.19063 0.11875
48 0.83906 0.94062 0.32188 0.11875
5 0.025 0.17188 0.05 0.03125
55 0.63906 0.41094 0.09062 0.12188
55 0.56406 0.39531 0.07812 0.05938
55 0.43594 0.42812 0.08438 0.08125
55 0.49688 0.40312 0.075 0.0875
55 0.68438 0.35625 0.0875 0.0625
48 0.03125 0.10781 0.0625 0.10312
55 0.0875 0.48281 0.175 0.38438
48 0.63125 0.08594 0.13125 0.14062
55 0.5875 0.65312 0.24375 0.20625
55 0.80625 0.58594 0.31875 0.22188
55 0.79531 0.40156 0.27187 0.26563
55 0.28125 0.71562 0.2625 0.23125
48 0.74688 0.09844 0.09375 0.12187
48 0.88438 0.00625 0.175 0.0125
48 0.97969 0.07969 0.04063 0.10938
55 0.06094 0.8125 0.12188 0.16875
48 0.87031 0.10312 0.15313 0.06875
