48 0.54375 0.1375 0.19375 0.21875
48 0.55 0.80156 0.1875 0.14062
48 0.64844 0.98906 0.10312 0.02187
48 0.83281 0.99844 0.14687 0.00313
48 0.85156 0.225 0.27812 0.1125
48 0.10312 0.18906 0.20625 0.20313
48 0.47031 0.49062 0.11562 0.125
48 0.05625 0.43281 0.1125 0.25312
48 0.975 0.55781 0.05 0.14063
48 0.05469 0.97812 0.10938 0.04375
48 0.05156 0.8 0.10312 0.15625
48 0.74062 0.34062 0.1375 0.2
48 0.45781 0.89062 0.13438 0.11875
48 0.79062 0.6375 0.2125 0.19375
48 0.28125 0.95625 0.16875 0.0875
48 0.11875 0.0375 0.20625 0.075
48 0.44375 0.75781 0.11875 0.14062
48 0.17969 0.64844 0.14062 0.11563
48 0.26719 0.34531 0.12188 0.12188
48 0.13906 0.49062 0.22812 0.175
48 0.94531 0.70781 0.09688 0.10313
48 0.34375 0.67188 0.175 0.16875
48 0.58281 0.57344 0.12812 0.14062
5 0.52656 0.63281 0.04688 0.04062
48 0.58281 0.38125 0.14687 0.14375
48 0.36094 0.39844 0.15937 0.15938
