5 0.13125 0.15 0.0625 0.03125
5 0.16562 0.30156 0.0625 0.03437
5 0.02031 0.26875 0.02813 0.04375
5 0.19219 0.25625 0.03438 0.04375
5 0.2125 0.26562 0.0375 0.05
5 0.25781 0.28125 0.03438 0.04375
5 0.30312 0.3 0.03125 0.04375
5 0.375 0.32188 0.0375 0.05625
5 0.41875 0.33594 0.03125 0.04688
5 0.23281 0.27812 0.03437 0.05
5 0.23438 0.22813 0.03125 0.0375
5 0.25469 0.23906 0.03437 0.04063
5 0.27969 0.24531 0.03437 0.04062
5 0.325 0.26094 0.0375 0.05312
5 0.34688 0.27187 0.0375 0.04375
5 0.36719 0.28125 0.03438 0.04375
5 0.39219 0.28125 0.02813 0.04375
5 0.43906 0.29844 0.02813 0.04062
5 0.45938 0.30469 0.03125 0.04688
5 0.41562 0.29219 0.03125 0.04688
5 0.29844 0.25469 0.03437 0.04688
5 0.35 0.31406 0.0375 0.05313
5 0.46562 0.34844 0.03125 0.04688
5 0.48281 0.3125 0.03437 0.05
5 0.50781 0.32188 0.03438 0.04375
5 0.48906 0.35938 0.03437 0.05
5 0.5125 0.36875 0.03125 0.05
5 0.53281 0.37656 0.03438 0.04688
5 0.53125 0.32812 0.03125 0.04375
5 0.55 0.33594 0.03125 0.04688
5 0.56094 0.38281 0.03438 0.05312
5 0.57656 0.34219 0.03438 0.05938
5 0.58125 0.38906 0.0375 0.04688
5 0.59531 0.35469 0.03438 0.04688
5 0.60312 0.40469 0.0375 0.04688
5 0.62031 0.36094 0.03437 0.05313
5 0.64688 0.36719 0.0375 0.05312
5 0.62344 0.40625 0.02812 0.05
5 0.65 0.41094 0.03125 0.04688
5 0.67031 0.42031 0.02812 0.05313
5 0.66719 0.37344 0.02813 0.05313
5 0.6875 0.38125 0.03125 0.05625
5 0.7125 0.39062 0.03125 0.05
5 0.69375 0.42969 0.03125 0.04688
5 0.7375 0.39688 0.0375 0.05625
5 0.7125 0.43906 0.03125 0.04688
5 0.74062 0.44219 0.03125 0.04688
5 0.75938 0.40469 0.03125 0.04688
5 0.78438 0.40938 0.0375 0.05
5 0.75938 0.45 0.03125 0.05625
5 0.78438 0.45781 0.0375 0.04688
5 0.82969 0.43125 0.03438 0.05
5 0.82969 0.47656 0.03438 0.05313
5 0.89688 0.45 0.03125 0.05
5 0.875 0.44219 0.03125 0.05312
5 0.85 0.48281 0.0375 0.05313
5 0.87344 0.49219 0.02812 0.05313
5 0.90156 0.49687 0.03437 0.05
5 0.91875 0.46094 0.0375 0.05312
5 0.94531 0.47031 0.03438 0.05313
5 0.79531 0.00469 0.03438 0.00938
5 0.82031 0.00781 0.03438 0.01562
5 0.84062 0.00938 0.03125 0.01875
5 0.8625 0.01562 0.0375 0.03125
5 0.88906 0.02188 0.03438 0.04375
5 0.90781 0.02656 0.03438 0.04062
5 0.93125 0.03281 0.0375 0.04688
5 0.95938 0.0375 0.0375 0.05
5 0.66406 0.00312 0.04062 0.00625
5 0.77031 0.025 0.04063 0.05
5 0.79531 0.03125 0.03438 0.04375
5 0.81875 0.03594 0.0375 0.04688
5 0.86563 0.05469 0.0375 0.04688
5 0.8875 0.06094 0.0375 0.04688
5 0.90938 0.07344 0.0375 0.05313
5 0.93281 0.07812 0.03437 0.05
5 0.95938 0.08125 0.0375 0.05
5 0.98438 0.0875 0.03125 0.05
5 0.99531 0.09531 0.00938 0.04063
5 0.39375 0.00156 0.03125 0.00312
5 0.41875 0.00312 0.03125 0.00625
5 0.43906 0.0125 0.03437 0.025
5 0.46094 0.01562 0.04063 0.03125
5 0.48594 0.01875 0.03438 0.0375
5 0.62031 0.06406 0.03437 0.04687
5 0.63906 0.07031 0.03438 0.04688
5 0.6625 0.07812 0.0375 0.05625
5 0.68438 0.09063 0.0375 0.05
5 0.70781 0.09844 0.03437 0.04062
5 0.73125 0.10625 0.04375 0.05
5 0.75156 0.11875 0.02812 0.0375
5 0.79531 0.13125 0.04063 0.05625
5 0.86719 0.15313 0.04062 0.04375
5 0.89062 0.15937 0.0375 0.05
5 0.93438 0.17344 0.0375 0.05313
5 0.95781 0.18438 0.04063 0.05
5 0.98281 0.19062 0.03438 0.04375
5 0.53125 0.03281 0.0375 0.04688
5 0.37344 0.02188 0.04062 0.04375
5 0.41875 0.0375 0.03125 0.04375
5 0.48594 0.0625 0.03438 0.04375
5 0.50938 0.06875 0.03125 0.04375
5 0.50469 0.12031 0.05312 0.04062
5 0.55 0.08906 0.0375 0.04688
5 0.57344 0.1 0.04063 0.05625
5 0.59844 0.10625 0.03437 0.05
5 0.62031 0.11562 0.03437 0.05
5 0.66562 0.12656 0.0375 0.05313
5 0.68594 0.13438 0.03438 0.05
5 0.70469 0.14375 0.03438 0.04375
5 0.72656 0.15313 0.02812 0.05
5 0.75312 0.1625 0.03125 0.05
5 0.79844 0.17656 0.03438 0.04688
5 0.94531 0.5125 0.03438 0.04375
5 0.96406 0.47656 0.04063 0.04688
5 0.99531 0.49375 0.00938 0.05
5 0.98594 0.52656 0.02812 0.04688
5 0.82344 0.18281 0.03437 0.04688
5 0.87031 0.19688 0.03437 0.05
5 0.91406 0.21406 0.03438 0.05937
5 0.93594 0.21875 0.03438 0.05
5 0.96406 0.22656 0.03437 0.04688
5 0.98438 0.23594 0.03125 0.05313
5 0.325 0.1125 0.03125 0.05625
5 0.34688 0.11406 0.03125 0.04688
5 0.37031 0.125 0.03437 0.05
5 0.39531 0.13281 0.03437 0.05312
5 0.41719 0.14375 0.03437 0.04375
5 0.4375 0.15 0.0375 0.04375
5 0.46094 0.1625 0.03438 0.05
5 0.48125 0.16875 0.0375 0.05
5 0.50313 0.17188 0.025 0.04375
5 0.52969 0.18125 0.04063 0.05
5 0.55313 0.18906 0.0375 0.05938
5 0.59531 0.2125 0.03438 0.04375
5 0.63906 0.22812 0.03438 0.05
5 0.70781 0.24844 0.03437 0.04687
5 0.75312 0.26562 0.03125 0.04375
5 0.77969 0.26875 0.02812 0.04375
5 0.88906 0.31406 0.02812 0.05313
5 0.91094 0.32188 0.03437 0.04375
5 0.9625 0.32812 0.0375 0.05
5 0.30469 0.1375 0.03438 0.04375
5 0.35156 0.1625 0.02812 0.04375
5 0.37656 0.17344 0.02813 0.04062
5 0.39531 0.175 0.02813 0.04375
5 0.42031 0.18438 0.03437 0.05
5 0.43906 0.19688 0.02813 0.04375
5 0.50625 0.22188 0.03125 0.05
5 0.55469 0.23906 0.03438 0.04688
5 0.61875 0.26562 0.0375 0.05
5 0.64219 0.27031 0.03438 0.05313
5 0.66562 0.27656 0.03125 0.05938
5 0.6875 0.28594 0.03125 0.04688
5 0.70781 0.29063 0.03437 0.05625
5 0.73281 0.30156 0.03438 0.04688
5 0.75781 0.30937 0.03438 0.05
5 0.80312 0.32188 0.03125 0.05
5 0.82187 0.33594 0.0375 0.04688
5 0.86719 0.35156 0.04062 0.04688
5 0.89375 0.35625 0.025 0.05
5 0.98125 0.38906 0.0375 0.05313
5 0.99844 0.39375 0.00313 0.04375
5 0.93906 0.36875 0.02812 0.05625
5 0.95938 0.37656 0.03125 0.05313
5 0.77969 0.31719 0.02812 0.05312
5 0.74844 0.02031 0.03438 0.04062
5 0.84375 0.04531 0.03125 0.05312
5 0.59688 0.05469 0.03125 0.05313
5 0.57344 0.05156 0.03437 0.04062
5 0.54844 0.04531 0.03438 0.04062
5 0.84375 0.14062 0.0375 0.05
5 0.48125 0.21094 0.03125 0.05312
5 0.8 0.27344 0.03125 0.04688
5 0.82187 0.28594 0.0375 0.04063
5 0.83906 0.3 0.03437 0.0375
5 0.99375 0.35 0.0125 0.04375
5 0.97969 0.34219 0.03437 0.04062
5 0.99531 0.44688 0.00938 0.03125
5 0.075 0.32656 0.03125 0.04688
5 0.10156 0.33125 0.03437 0.04375
5 0.125 0.33906 0.0375 0.04688
5 0.15 0.34219 0.0375 0.04062
5 0.21562 0.36562 0.0375 0.05
5 0.23281 0.37656 0.04687 0.04688
5 0.26094 0.38125 0.04062 0.05
5 0.30156 0.4 0.03437 0.04375
5 0.32188 0.41094 0.0375 0.04688
5 0.35312 0.41875 0.0375 0.05625
5 0.40312 0.42656 0.04375 0.05312
5 0.42344 0.4375 0.04062 0.05
5 0.44688 0.44062 0.0375 0.05625
5 0.51094 0.4625 0.03437 0.04375
5 0.55937 0.48281 0.0375 0.04688
5 0.58438 0.49062 0.0375 0.05
5 0.60469 0.49687 0.04063 0.05
5 0.62344 0.50937 0.03438 0.0375
5 0.64844 0.51875 0.03438 0.05
5 0.66875 0.52344 0.0375 0.04688
5 0.69219 0.53438 0.03437 0.05
5 0.71875 0.54062 0.03125 0.04375
5 0.76094 0.55625 0.03437 0.04375
5 0.7875 0.5625 0.03125 0.05
5 0.81094 0.56563 0.03438 0.04375
5 0.85312 0.57969 0.0375 0.04688
5 0.89688 0.6 0.0375 0.05
5 0.94844 0.61875 0.03437 0.05
5 0.97031 0.625 0.03438 0.05
5 0.9875 0.63438 0.025 0.04375
5 0.07969 0.37187 0.03438 0.05
5 0.10469 0.37656 0.02812 0.04688
5 0.12969 0.37813 0.02812 0.05
5 0.15156 0.38906 0.04062 0.05313
5 0.19531 0.40469 0.03437 0.04688
5 0.21875 0.41562 0.03125 0.05
5 0.24062 0.42344 0.0375 0.05313
5 0.28594 0.44219 0.03437 0.05312
5 0.30781 0.45 0.03437 0.05
5 0.32969 0.45625 0.03437 0.05
5 0.35156 0.46719 0.04063 0.05313
5 0.37656 0.47031 0.03437 0.04688
5 0.40156 0.47812 0.03437 0.05
5 0.425 0.48594 0.0375 0.05312
5 0.45 0.49375 0.04375 0.05625
5 0.49531 0.50625 0.04063 0.0625
5 0.54375 0.51875 0.0375 0.05625
5 0.56719 0.52656 0.03437 0.05938
5 0.60938 0.54844 0.04375 0.05312
5 0.63125 0.55625 0.0375 0.05
5 0.65312 0.56406 0.0375 0.04688
5 0.67969 0.57031 0.03438 0.04688
5 0.70312 0.57656 0.0375 0.05937
5 0.74531 0.59219 0.04063 0.05312
5 0.79062 0.60625 0.0375 0.05
5 0.83594 0.62187 0.04062 0.05625
5 0.86094 0.63281 0.03438 0.05313
5 0.88281 0.63906 0.04062 0.05312
5 0.90625 0.64688 0.0375 0.05625
5 0.92813 0.65938 0.0375 0.05625
5 0.94844 0.66094 0.03437 0.05312
5 0.98906 0.675 0.02187 0.05
5 0.06406 0.45938 0.03438 0.04375
5 0.07031 0.5 0.03437 0.05625
5 0.11094 0.47344 0.03437 0.04688
5 0.09375 0.51094 0.0375 0.05312
5 0.13281 0.48125 0.03437 0.04375
5 0.15313 0.48906 0.0375 0.05312
5 0.18125 0.49219 0.0375 0.05313
5 0.18594 0.53906 0.04062 0.05313
5 0.20937 0.54688 0.0375 0.05
5 0.20469 0.50156 0.03437 0.04688
5 0.24688 0.51875 0.0375 0.05
5 0.22344 0.51094 0.03438 0.04688
5 0.25469 0.5625 0.04063 0.05
5 0.29219 0.53594 0.03437 0.05312
5 0.31406 0.54531 0.04062 0.05312
5 0.325 0.58594 0.0375 0.05313
5 0.34219 0.54844 0.04062 0.05312
5 0.34688 0.59375 0.0375 0.05625
5 0.40938 0.57031 0.04375 0.05313
5 0.39219 0.60938 0.04688 0.05625
5 0.45625 0.58438 0.04375 0.05
5 0.44219 0.62813 0.04063 0.05
5 0.48438 0.63906 0.0375 0.04688
5 0.50313 0.6 0.0375 0.05
5 0.52344 0.60781 0.03438 0.04688
5 0.54688 0.61719 0.0375 0.05313
5 0.50625 0.64844 0.0375 0.05313
5 0.59219 0.64062 0.04688 0.05625
5 0.61719 0.64844 0.02812 0.04688
5 0.55313 0.66719 0.0375 0.04688
5 0.63594 0.65156 0.03437 0.05312
5 0.65781 0.66406 0.03438 0.05313
5 0.73438 0.72812 0.0375 0.05
5 0.77656 0.69219 0.04688 0.05938
5 0.77969 0.74062 0.04063 0.05
5 0.8 0.75 0.0375 0.0625
5 0.84375 0.77031 0.0375 0.05938
5 0.87031 0.77656 0.03437 0.05938
5 0.89062 0.78125 0.03125 0.05
5 0.91562 0.7875 0.0375 0.05
5 0.93594 0.79688 0.04063 0.05
5 0.90625 0.74375 0.0375 0.05
5 0.97812 0.76562 0.0375 0.05
5 0.83594 0.72656 0.03438 0.04688
5 0.59688 0.68125 0.0375 0.05
5 0.99375 0.775 0.0125 0.05
5 0.98281 0.81094 0.03438 0.04688
5 0.99219 0.82344 0.01562 0.04688
5 0.70781 0.725 0.03437 0.05
5 0.85938 0.73594 0.0375 0.04688
5 0.95312 0.7625 0.03125 0.04375
5 0.74844 0.68906 0.03438 0.04688
5 0.72656 0.68438 0.02812 0.04375
5 0.88438 0.74062 0.03125 0.04375
5 0.70469 0.67344 0.04063 0.05312
5 0.62187 0.68594 0.0375 0.05312
5 0.68438 0.71406 0.0375 0.05312
5 0.68125 0.66875 0.0375 0.05
5 0.81875 0.7125 0.0375 0.05
5 0.93125 0.75156 0.0375 0.04688
5 0.96875 0.67344 0.0375 0.05937
5 0.72344 0.58125 0.02813 0.05
5 0.8625 0.30625 0.0375 0.05
5 0.09531 0.60781 0.03438 0.04063
5 0.12031 0.61406 0.03438 0.04688
5 0.19219 0.6375 0.04062 0.05
5 0.28125 0.66875 0.04375 0.05625
5 0.325 0.6875 0.0375 0.05
5 0.35469 0.69687 0.04063 0.05625
5 0.39531 0.70938 0.04063 0.05625
5 0.44219 0.72969 0.04063 0.05312
5 0.48594 0.74063 0.04688 0.05625
5 0.53438 0.75937 0.04375 0.05625
5 0.55781 0.76094 0.03437 0.04688
5 0.58125 0.76719 0.04375 0.05937
5 0.60156 0.78281 0.04062 0.05312
5 0.64375 0.79219 0.0375 0.05312
5 0.66562 0.80312 0.0375 0.05
5 0.69219 0.80938 0.03437 0.05625
5 0.71719 0.82031 0.03438 0.04688
5 0.75781 0.83906 0.04062 0.05312
5 0.78281 0.84375 0.04063 0.05625
5 0.80938 0.84844 0.0375 0.05938
5 0.83125 0.85938 0.0375 0.05625
5 0.85312 0.86406 0.03125 0.04688
5 0.87344 0.875 0.03438 0.05
5 0.9 0.87969 0.0375 0.05938
5 0.92656 0.875 0.04063 0.0625
5 0.94375 0.89531 0.04375 0.05938
5 0.9625 0.90781 0.0375 0.05312
5 0.98125 0.91406 0.0375 0.05313
5 0.99375 0.92188 0.0125 0.05625
5 0.19531 0.7375 0.04063 0.05
5 0.21875 0.74531 0.0375 0.04688
5 0.22812 0.77812 0.04375 0.05625
5 0.275 0.80156 0.0375 0.05312
5 0.29844 0.80938 0.04688 0.05625
5 0.33281 0.78125 0.04688 0.05625
5 0.35938 0.78594 0.05 0.05938
5 0.38281 0.79688 0.04063 0.05625
5 0.38906 0.83906 0.04062 0.04688
5 0.4125 0.84531 0.04375 0.05312
5 0.43594 0.85469 0.04062 0.05312
5 0.47812 0.82188 0.04375 0.05
5 0.45469 0.86406 0.04062 0.04688
5 0.47656 0.875 0.04063 0.05625
5 0.34219 0.91094 0.04062 0.05938
5 0.36406 0.925 0.04063 0.05625
5 0.51719 0.84062 0.04062 0.05625
5 0.54062 0.84844 0.04375 0.04688
5 0.52344 0.8875 0.04062 0.05
5 0.54844 0.89531 0.03438 0.04688
5 0.56875 0.89844 0.04375 0.05937
5 0.61406 0.87031 0.04063 0.05312
5 0.63281 0.87812 0.04062 0.05625
5 0.65625 0.88906 0.0375 0.04688
5 0.67656 0.89688 0.03437 0.04375
5 0.72344 0.91406 0.04063 0.05313
5 0.77188 0.92188 0.0375 0.04375
5 0.81406 0.94531 0.03438 0.04688
5 0.83438 0.95312 0.0375 0.04375
5 0.8625 0.95781 0.0375 0.05312
5 0.88281 0.96562 0.03438 0.05625
5 0.90625 0.97344 0.0375 0.04688
5 0.92812 0.97812 0.03125 0.04375
5 0.94844 0.98594 0.03437 0.02812
5 0.97031 0.99219 0.03438 0.01562
5 0.9875 0.99531 0.025 0.00938
5 0.99531 0.99844 0.00938 0.00313
5 0.91094 0.99688 0.04063 0.00625
5 0.88906 0.99219 0.03438 0.01562
5 0.86563 0.99219 0.0375 0.01562
5 0.84219 0.98906 0.04063 0.02187
5 0.82031 0.97969 0.04062 0.04063
5 0.8 0.975 0.04375 0.05
5 0.77812 0.97188 0.0375 0.05
5 0.75469 0.96562 0.04063 0.05625
5 0.73281 0.95625 0.04688 0.05625
5 0.68125 0.94375 0.0375 0.05625
5 0.6625 0.93594 0.0375 0.05312
5 0.6375 0.92813 0.0375 0.05625
5 0.61719 0.92031 0.04062 0.05312
5 0.47188 0.96094 0.0375 0.05313
5 0.5 0.97031 0.04375 0.05937
5 0.525 0.97969 0.0375 0.04063
5 0.57344 0.98125 0.04688 0.0375
5 0.59844 0.99062 0.03437 0.01875
5 0.625 0.99375 0.05 0.0125
5 0.42812 0.58438 0.025 0.04375
5 0.375 0.42656 0.025 0.04063
5 0.18594 0.36562 0.02813 0.05
5 0.14062 0.25 0.03125 0.04375
5 0.04375 0.23594 0.03125 0.02813
5 0.27969 0.29375 0.02813 0.04375
5 0.32812 0.31094 0.03125 0.04688
5 0.39531 0.33281 0.02813 0.03437
5 0.47344 0.45469 0.02813 0.04062
5 0.58438 0.54062 0.03125 0.0375
5 0.51562 0.52188 0.03125 0.05
5 0.37812 0.57344 0.0375 0.04688
5 0.41406 0.62656 0.02812 0.04063
5 0.64062 0.69844 0.03125 0.04688
5 0.64062 0.12031 0.025 0.04062
5 0.68125 0.00781 0.025 0.01562
5 0.63594 0.00156 0.02187 0.00312
5 0.70781 0.00938 0.02187 0.01875
8 0.72812 0.01406 0.03125 0.02812
5 0.77812 0.17188 0.025 0.0375
5 0.81719 0.14219 0.02187 0.03437
8 0.84375 0.19375 0.025 0.0375
8 0.89375 0.20312 0.025 0.04375
8 0.9125 0.17031 0.025 0.03437
5 0.99531 0.25156 0.00938 0.04062
5 0.98594 0.48906 0.02812 0.03437
5 0.96562 0.525 0.025 0.0375
5 0.99844 0.54062 0.00313 0.04375
5 0.92031 0.50938 0.02187 0.03125
5 0.79688 0.71094 0.025 0.04062
5 0.875 0.59844 0.025 0.03437
5 0.92188 0.61406 0.01875 0.03437
5 0.8125 0.6125 0.025 0.0375
5 0.80156 0.47188 0.02813 0.04375
5 0.85 0.44375 0.025 0.0375
5 0.8 0.42656 0.025 0.02813
5 0.76875 0.60469 0.01875 0.03437
8 0.45781 0.21094 0.02813 0.05312
5 0.53125 0.22969 0.025 0.04062
5 0.57656 0.25312 0.02187 0.0375
5 0.61094 0.225 0.02812 0.04375
8 0.66094 0.23125 0.02187 0.0375
5 0.72969 0.25781 0.02813 0.03438
5 0.90781 0.37344 0.02187 0.02813
5 0.93438 0.32812 0.01875 0.03125
5 0.57031 0.63125 0.02812 0.04375
5 0.09844 0.00625 0.02812 0.0125
5 0.4375 0.05469 0.025 0.02813
5 0.39844 0.02812 0.02187 0.0375
5 0.99062 0.03594 0.01875 0.02813
