48 0.23281 0.92969 0.29063 0.14062
5 0.32344 0.90469 0.02813 0.03438
5 0.35 0.91094 0.03125 0.03437
48 0.01875 0.07031 0.0375 0.14062
48 0.03281 0.59375 0.06562 0.2125
5 0.03906 0.67188 0.03438 0.04375
5 0.05625 0.62969 0.025 0.03437
5 0.09688 0.70625 0.03125 0.0375
5 0.14844 0.575 0.02813 0.0375
5 0.09375 0.51406 0.03125 0.04063
5 0.10156 0.475 0.03437 0.03125
48 0.06406 0.43281 0.12812 0.21562
5 0.14062 0.38906 0.03125 0.03437
5 0.21406 0.37969 0.03438 0.03437
5 0.15781 0.34531 0.03437 0.04062
48 0.0875 0.27344 0.175 0.22813
5 0.22656 0.20937 0.03437 0.0375
5 0.27344 0.24375 0.03438 0.0375
5 0.25781 0.28281 0.03438 0.04688
48 0.12344 0.1125 0.24688 0.21875
6 0.43438 0.02031 0.0625 0.04062
48 0.17656 0.03906 0.35312 0.07812
5 0.35938 0.01875 0.0375 0.0375
5 0.78906 0.14375 0.04688 0.025
5 0.77344 0.17656 0.04688 0.02188
5 0.75156 0.23594 0.04688 0.02813
53 0.75469 0.22344 0.05938 0.07188
53 0.77969 0.1625 0.06563 0.0625
48 0.62969 0.11719 0.35937 0.23438
48 0.4375 0.39375 0.34375 0.225
48 0.38125 0.53438 0.35625 0.2125
48 0.34062 0.70312 0.33125 0.2375
5 0.46875 0.85 0.03125 0.0375
5 0.62813 0.73281 0.025 0.03438
5 0.65 0.73906 0.03125 0.03437
5 0.92188 0.95 0.05 0.025
5 0.90625 0.97188 0.04375 0.01875
48 0.81094 0.80156 0.37813 0.28437
48 0.83906 0.64375 0.32188 0.19375
48 0.85156 0.425 0.29688 0.3375
48 0.91719 0.18906 0.16563 0.27188
