5 0.0625 0.85781 0.04375 0.04063
48 0.37969 0.12969 0.43438 0.25938
48 0.49844 0.27188 0.42812 0.31875
48 0.60469 0.39219 0.42812 0.29062
48 0.96406 0.05781 0.07188 0.11562
48 0.95312 0.40156 0.09375 0.19688
48 0.89844 0.24062 0.20312 0.20625
48 0.75156 0.09375 0.21562 0.1875
48 0.65938 0.01406 0.25 0.02812
48 0.26094 0.01875 0.17812 0.0375
48 0.16875 0.05156 0.20625 0.10312
48 0.1375 0.7 0.275 0.2875
48 0.26406 0.87656 0.33438 0.24687
48 0.39531 0.9625 0.29063 0.075
5 0.51406 0.90156 0.03437 0.04063
5 0.53281 0.93125 0.03438 0.0375
5 0.60156 0.99844 0.04062 0.00313
48 0.75938 0.95469 0.25 0.09062
48 0.65625 0.87656 0.19375 0.15938
5 0.01875 0.97031 0.025 0.02187
48 0.03594 0.98438 0.05312 0.03125
5 0.49844 0.87969 0.03437 0.02813
5 0.61875 0.94844 0.03125 0.04063
5 0.65 0.9875 0.025 0.025
9 0.02812 0.00156 0.05625 0.00312
5 0.02188 0.16406 0.04375 0.04063
5 0.17344 0.16094 0.04062 0.05313
5 0.28438 0.28125 0.05 0.0375
