48 0.0375 0.75312 0.075 0.13125
48 0.12031 0.80781 0.10937 0.13438
48 0.12031 0.89688 0.10312 0.0875
48 0.12344 0.96875 0.10312 0.0625
48 0.85469 0.82812 0.12812 0.05625
48 0.7875 0.90156 0.2 0.19688
48 0.94844 0.97188 0.10313 0.05625
48 0.88906 0.94375 0.04063 0.075
48 0.92969 0.98438 0.14062 0.03125
48 0.95781 0.93281 0.08437 0.05312
48 0.86719 0.75312 0.26562 0.18125
48 0.93594 0.86562 0.12813 0.08125
48 0.04219 0.89531 0.08438 0.20937
48 0.89375 0.07812 0.2125 0.15625
48 0.10312 0.06094 0.1375 0.10312
48 0.6 0.24844 0.14375 0.11563
48 0.50313 0.225 0.10625 0.0875
48 0.05781 0.12344 0.11562 0.11562
48 0.425 0.01562 0.325 0.03125
6 0.725 0.02344 0.01875 0.04062
6 0.72188 0.07344 0.01875 0.03437
5 0.05781 0.64844 0.02812 0.02812
5 0.0875 0.725 0.0375 0.01875
48 0.54219 0.91562 0.15313 0.16875
51 0.92031 0.35938 0.15938 0.34375
51 0.43125 0.40938 0.375 0.4125
51 0.13594 0.28125 0.27187 0.35625
5 0.71875 0.12344 0.025 0.04062
