48 0.16719 0.45938 0.24062 0.18125
48 0.37187 0.35625 0.26875 0.175
48 0.22656 0.07344 0.17812 0.14688
48 0.45625 0.08594 0.25 0.14062
48 0.40156 0.20312 0.25312 0.1375
48 0.00156 0.00156 0.00312 0.00312
48 0.35625 0.525 0.1875 0.16875
48 0.0625 0.33281 0.125 0.25312
5 0.44531 0.75156 0.02812 0.04688
48 0.97031 0.10469 0.05937 0.14062
48 0.67344 0.90938 0.12187 0.1375
5 0.49219 0.60156 0.03438 0.04688
5 0.52812 0.46719 0.04375 0.04062
5 0.81562 0.85938 0.04375 0.03125
5 0.75312 0.83438 0.04375 0.025
48 0.74531 0.42344 0.30938 0.10938
48 0.24688 0.97656 0.2375 0.04688
48 0.83438 0.04219 0.2 0.08438
48 0.17031 0.74531 0.15313 0.15313
5 0.35469 0.6875 0.04688 0.03125
48 0.92812 0.30469 0.14375 0.14687
48 0.0875 0.91562 0.175 0.16875
48 0.9125 0.59531 0.13125 0.12187
48 0.29844 0.90469 0.11562 0.09688
5 0.97656 0.19844 0.04688 0.02812
48 0.77812 0.94375 0.125 0.1125
48 0.97812 0.78906 0.04375 0.14062
48 0.65781 0.65 0.24062 0.1625
48 0.875 0.73125 0.1875 0.175
48 0.98594 0.49688 0.02812 0.16875
5 0.60156 0.09375 0.02812 0.04375
48 0.52656 0.96562 0.05938 0.05625
5 0.76094 0.68906 0.05312 0.05312
48 0.81406 0.26094 0.11562 0.12813
48 0.01406 0.64375 0.02812 0.1625
5 0.44688 0.79688 0.04375 0.04375
48 0.31719 0.77656 0.15937 0.09687
5 0.42969 0.84375 0.04063 0.05
5 0.55469 0.00312 0.03438 0.00625
48 0.68125 0.22969 0.125 0.19688
48 0.89531 0.96875 0.16563 0.0625
48 0.69219 0.52656 0.23438 0.09063
48 0.98594 0.99375 0.02812 0.0125
48 0.54375 0.86094 0.15625 0.15312
