6 0.03281 0.94844 0.05938 0.02813
5 0.00312 0.9625 0.00625 0.025
5 0.37813 0.99531 0.04375 0.00938
5 0.19219 0.95625 0.04688 0.01875
53 0.41562 0.87031 0.83125 0.25938
53 0.9 0.91562 0.2 0.16875
5 0.98125 0.95938 0.0375 0.03125
5 0.9875 0.98125 0.025 0.025
5 0.94531 0.97031 0.05937 0.02187
5 0.85312 0.97812 0.05 0.025
5 0.79688 0.99062 0.05625 0.01875
5 0.85 0.99062 0.05625 0.01875
5 0.79844 0.99844 0.05937 0.00313
5 0.61406 0.82344 0.05938 0.02813
5 0.65781 0.9125 0.05937 0.03125
5 0.62656 0.84375 0.05312 0.025
5 0.42344 0.85156 0.05313 0.02812
5 0.68125 0.99375 0.06875 0.0125
5 0.61875 0.94687 0.0625 0.025
5 0.5125 0.95 0.0625 0.025
5 0.48594 0.88125 0.05938 0.025
5 0.47812 0.85625 0.0625 0.025
5 0.33125 0.87812 0.04375 0.01875
5 0.28281 0.89531 0.05938 0.02187
5 0.28125 0.91094 0.05 0.02813
5 0.33438 0.89688 0.05 0.025
5 0.30469 0.94219 0.05312 0.02813
5 0.31406 0.96719 0.05313 0.02187
5 0.36406 0.96719 0.05312 0.02187
5 0.31875 0.97812 0.05 0.01875
5 0.32344 0.99219 0.04688 0.01562
5 0.12812 0.92813 0.05 0.025
5 0.18594 0.93594 0.04688 0.02187
5 0.14375 0.94687 0.05625 0.025
5 0.14687 0.96875 0.05625 0.025
5 0.20156 0.97344 0.04688 0.02187
5 0.15156 0.98594 0.05313 0.02812
5 0.20469 0.98906 0.05313 0.02187
5 0.15937 0.99688 0.04375 0.00625
5 0.21094 0.99844 0.05312 0.00313
5 0.04688 0.99375 0.04375 0.0125
5 0.01094 0.98906 0.02188 0.02187
5 0.57187 0.8375 0.05625 0.025
