48 0.31094 0.2375 0.50313 0.2625
48 0.44063 0.53594 0.45 0.22188
5 0.99062 0.38594 0.01875 0.04063
5 0.97188 0.39219 0.03125 0.04062
5 0.94531 0.39219 0.04062 0.04062
5 0.9125 0.4 0.03125 0.0375
5 0.8875 0.41094 0.0375 0.04688
5 0.86094 0.42188 0.03438 0.04375
5 0.82969 0.425 0.04063 0.0375
5 0.8 0.43281 0.03125 0.03437
5 0.77344 0.43594 0.03438 0.03437
5 0.74844 0.44531 0.02812 0.03438
5 0.71562 0.45625 0.03125 0.03125
5 0.65781 0.47344 0.04063 0.02813
5 0.66562 0.49531 0.03125 0.02187
5 0.67969 0.51719 0.03438 0.02187
5 0.68594 0.54062 0.04063 0.025
5 0.69531 0.56094 0.04688 0.02812
5 0.70469 0.58438 0.04063 0.025
5 0.71406 0.60312 0.04688 0.025
53 0.69844 0.54062 0.11562 0.14375
53 0.80781 0.44219 0.22813 0.06562
53 0.91875 0.38906 0.1625 0.07812
