48 0.64531 0.56719 0.11562 0.10313
48 0.99688 0.875 0.00625 0.13125
48 0.025 0.75781 0.05 0.17188
5 0.75312 0.89844 0.05 0.02188
48 0.17656 0.80156 0.21562 0.15937
48 0.5125 0.9875 0.06875 0.025
48 0.58281 0.92344 0.17187 0.15312
48 0.87344 0.69375 0.14687 0.16875
48 0.22188 0.94375 0.1125 0.1125
48 0.32344 0.82969 0.09687 0.12187
48 0.04688 0.9 0.09375 0.2
48 0.73906 0.94688 0.14062 0.10625
48 0.89688 0.98125 0.19375 0.0375
48 0.44062 0.91719 0.11875 0.06562
48 0.48281 0.5875 0.21562 0.2625
48 0.40312 0.975 0.10625 0.05
48 0.31875 0.95469 0.1125 0.09062
48 0.72344 0.68906 0.14687 0.23438
48 0.56094 0.99688 0.10938 0.00625
48 0.13594 0.93281 0.10937 0.13438
48 0.96562 0.77031 0.06875 0.15937
