5 0.06094 0.90938 0.02187 0.03125
5 0.07812 0.87969 0.01875 0.02187
5 0.06094 0.88125 0.01563 0.025
5 0.0875 0.91406 0.03125 0.01562
5 0.00938 0.92812 0.0125 0.03125
5 0.07656 0.85781 0.01562 0.02187
48 0.27969 0.7 0.29063 0.06875
5 0.05 0.43594 0.01875 0.04062
48 0.23125 0.26094 0.3 0.07812
48 0.50937 0.30312 0.25625 0.1375
48 0.79219 0.19531 0.13438 0.07812
48 0.84844 0.35469 0.30312 0.09687
48 0.84844 0.275 0.30312 0.1125
48 0.78281 0.44375 0.19688 0.09375
48 0.80312 0.52656 0.175 0.09063
48 0.94531 0.46562 0.10938 0.1
48 0.94531 0.54688 0.10938 0.09375
48 0.68125 0.61562 0.0625 0.14375
48 0.78125 0.62813 0.14375 0.14375
48 0.92344 0.61875 0.15312 0.10625
48 0.86094 0.88281 0.27812 0.23438
48 0.77656 0.81094 0.05938 0.05937
48 0.71875 0.84531 0.05 0.12813
48 0.71562 0.95 0.1 0.1
5 0.61719 0.74531 0.02188 0.03437
48 0.50625 0.93125 0.16875 0.1375
48 0.575 0.83906 0.0625 0.07812
5 0.63281 0.96406 0.01562 0.03437
5 0.06094 0.85625 0.01563 0.025
48 0.53594 0.01719 0.23437 0.03438
48 0.03125 0.69844 0.0625 0.11562
48 0.29063 0.96562 0.21875 0.06875
48 0.80312 0.09688 0.15625 0.0875
48 0.51562 0.17344 0.2625 0.11562
48 0.54219 0.68281 0.18438 0.09687
5 0.10469 0.99688 0.04062 0.00625
48 0.27031 0.79531 0.20312 0.10938
48 0.325 0.46406 0.125 0.09063
48 0.22344 0.34531 0.27812 0.08438
48 0.00156 0.96406 0.00312 0.07188
48 0.52188 0.60625 0.19375 0.09375
48 0.81094 0.99688 0.37813 0.00625
5 0.09844 0.98281 0.04062 0.00938
48 0.02344 0.06562 0.04688 0.10625
5 0.09531 0.93906 0.04063 0.02187
5 0.09688 0.96406 0.0375 0.01562
5 0.06875 0.95938 0.025 0.0375
48 0.02656 0.02031 0.05312 0.04062
48 0.25938 0.15 0.2625 0.11875
48 0.17969 0.47969 0.11562 0.12188
48 0.51094 0.45 0.25312 0.125
48 0.94219 0.10938 0.11562 0.11875
48 0.85781 0.03438 0.28438 0.06875
48 0.27812 0.625 0.26875 0.125
48 0.02969 0.27344 0.05938 0.08437
5 0.08281 0.81719 0.04062 0.02187
48 0.0125 0.77188 0.025 0.10625
48 0.53438 0.04531 0.19375 0.09062
48 0.0125 0.6 0.025 0.1
48 0.27656 0.04531 0.25313 0.09062
