9 0.60469 0.87344 0.07188 0.07188
9 0.55 0.85938 0.08125 0.075
9 0.49688 0.85156 0.075 0.07812
5 0.35 0.92188 0.075 0.0375
9 0.89688 0.95625 0.08125 0.0875
9 0.95781 0.96406 0.08437 0.07188
5 0.21719 0.63281 0.07187 0.03438
5 0.18594 0.67344 0.06562 0.02812
48 0.07344 0.89688 0.14688 0.20625
48 0.23906 0.87031 0.32812 0.25938
48 0.46719 0.97344 0.88438 0.05312
48 0.63281 0.625 0.73438 0.39375
48 0.14531 0.48906 0.29063 0.35937
48 0.31094 0.12188 0.31562 0.24375
48 0.69687 0.01094 0.2875 0.02188
48 0.9 0.34062 0.2 0.24375
48 0.86719 0.44219 0.26562 0.19688
8 0.52188 0.91875 0.0875 0.04375
