13 0.01562 0.62813 0.03125 0.05625
48 0.30938 0.77344 0.61875 0.45312
48 0.14219 0.95938 0.28438 0.08125
5 0.01094 0.20312 0.02188 0.04375
5 0.01562 0.43125 0.03125 0.0375
49 0.70781 0.92031 0.58438 0.15938
48 0.89062 0.0875 0.21875 0.175
48 0.75781 0.42812 0.48438 0.5125
6 0.16094 0.18438 0.04688 0.05
5 0.03438 0.53438 0.025 0.0375
6 0.12969 0.28125 0.03438 0.05625
6 0.13906 0.17344 0.03438 0.05313
5 0.17656 0.35781 0.02812 0.03437
5 0.07969 0.4125 0.02812 0.04375
5 0.25469 0.23438 0.02812 0.04375
6 0.05313 0.14219 0.03125 0.04688
6 0.11406 0.16719 0.03438 0.05313
5 0.03906 0.44062 0.02188 0.0375
6 0.10312 0.26875 0.03125 0.05625
5 0.79375 0.72344 0.0375 0.04688
6 0.1875 0.30625 0.03125 0.04375
5 0.05938 0.44688 0.025 0.04375
5 0.11719 0.42969 0.02813 0.03438
5 0.05625 0.40156 0.03125 0.04063
6 0.1625 0.29688 0.03125 0.05
6 0.09219 0.46719 0.03438 0.04062
5 0.05469 0.54375 0.02813 0.04375
6 0.08281 0.14531 0.03438 0.04688
6 0.06719 0.25 0.04688 0.05625
