5 0.14531 0.75625 0.04688 0.05625
10 0.06719 0.19219 0.06562 0.07812
48 0.4625 0.86875 0.23125 0.2
48 0.74844 0.85938 0.16563 0.1375
48 0.61719 0.7 0.12187 0.1875
6 0.16719 0.63906 0.02812 0.05312
48 0.825 0.58594 0.35 0.55313
48 0.62187 0.30469 0.75625 0.60938
5 0.9875 0.96094 0.025 0.02812
10 0.7875 0.93281 0.11875 0.07188
8 0.05312 0.13438 0.04375 0.075
5 0.49219 0.26562 0.04688 0.05625
5 0.15156 0.50938 0.03438 0.05625
5 0.39844 0.27812 0.02812 0.0375
5 0.10781 0.54844 0.04688 0.02812
5 0.64688 0.88438 0.05 0.03125
8 0.82188 0.99375 0.1125 0.0125
5 0.5625 0.35312 0.05 0.03125
5 0.45938 0.41719 0.0375 0.03437
5 0.4375 0.275 0.03125 0.0375
5 0.10156 0.50469 0.04062 0.04687
8 0.12344 0.66094 0.04062 0.07188
8 0.07344 0.04531 0.04688 0.06562
