48 0.08125 0.97656 0.1625 0.04688
48 0.05 0.68281 0.1 0.24688
48 0.1 0.71406 0.1625 0.20312
48 0.23594 0.75312 0.27187 0.24375
48 0.29531 0.67656 0.10312 0.08437
48 0.47031 0.96406 0.25313 0.07188
48 0.51875 0.6625 0.09375 0.14375
48 0.60625 0.70781 0.075 0.06562
48 0.27656 0.35 0.55312 0.49375
48 0.32344 0.09531 0.32812 0.19062
48 0.05469 0.03906 0.10938 0.07812
39 0.1 0.12031 0.0625 0.04062
48 0.1 0.02188 0.2 0.04375
5 0.75938 0.00625 0.04375 0.0125
5 0.77344 0.11406 0.04688 0.02188
48 0.88281 0.25625 0.11563 0.125
5 0.79219 0.44063 0.02813 0.04375
5 0.76406 0.48281 0.02812 0.05313
7 0.80469 0.52344 0.02812 0.05937
5 0.85312 0.43281 0.05 0.03437
5 0.85625 0.49219 0.05 0.02812
5 0.87188 0.7 0.025 0.04375
7 0.89688 0.74844 0.0375 0.05312
48 0.95938 0.60625 0.08125 0.39375
48 0.96094 0.68438 0.07812 0.11875
5 0.97031 0.80938 0.02812 0.01875
48 0.96562 0.28125 0.06875 0.1125
48 0.91562 0.13906 0.16875 0.27812
