5 0.6875 0.425 0.025 0.0375
5 0.71094 0.42812 0.02188 0.03125
5 0.72812 0.44375 0.025 0.03125
5 0.77188 0.45625 0.025 0.03125
5 0.83906 0.48125 0.02813 0.0375
5 0.88437 0.49531 0.025 0.02813
5 0.90781 0.50313 0.02812 0.0375
5 0.92656 0.51406 0.03437 0.03437
5 0.73281 0.5375 0.02812 0.03125
5 0.69531 0.51406 0.02812 0.03437
5 0.67031 0.50938 0.02812 0.03125
5 0.64688 0.5 0.03125 0.03125
5 0.84844 0.57344 0.02813 0.03437
5 0.75781 0.59375 0.02812 0.04375
5 0.82187 0.62187 0.025 0.03125
5 0.95625 0.60938 0.03125 0.03125
48 0.175 0.45 0.35 0.9
5 0.87344 0.62969 0.02812 0.03437
5 0.9125 0.65 0.025 0.025
5 0.94062 0.65 0.025 0.03125
5 0.96406 0.65625 0.02187 0.025
5 0.98125 0.67031 0.025 0.02187
5 0.99844 0.67969 0.00313 0.03438
5 0.96875 0.75938 0.025 0.03125
5 0.94219 0.75625 0.02813 0.03125
5 0.92188 0.74531 0.025 0.02813
5 0.87344 0.77344 0.02812 0.03438
5 0.94531 0.79688 0.03438 0.03125
5 0.9875 0.82344 0.025 0.03437
5 0.87656 0.73281 0.02187 0.02812
5 0.84844 0.72656 0.02187 0.02812
5 0.8125 0.74375 0.025 0.03125
5 0.78594 0.73906 0.02813 0.02813
5 0.70312 0.71094 0.03125 0.04062
5 0.78438 0.69844 0.03125 0.03437
5 0.76719 0.73125 0.02812 0.03125
5 0.74531 0.72344 0.02813 0.03437
5 0.76406 0.69062 0.02187 0.03125
5 0.71875 0.67344 0.025 0.02812
5 0.67813 0.7 0.025 0.0375
5 0.63281 0.67969 0.02812 0.03438
5 0.65 0.64531 0.025 0.02813
5 0.60312 0.63438 0.025 0.03125
5 0.58594 0.67031 0.02812 0.03438
5 0.55937 0.61875 0.025 0.03125
5 0.55937 0.66094 0.03125 0.03437
5 0.99375 0.91094 0.0125 0.02813
5 0.99531 0.95781 0.00938 0.03437
5 0.97812 0.95 0.025 0.03125
5 0.95625 0.94531 0.025 0.03438
5 0.97656 0.90312 0.02188 0.04375
5 0.95312 0.89844 0.025 0.02812
5 0.92969 0.89062 0.02188 0.03125
5 0.90781 0.88125 0.02812 0.03125
5 0.93125 0.93438 0.025 0.03125
5 0.86406 0.86094 0.02813 0.03438
5 0.90781 0.92344 0.02187 0.02812
5 0.88594 0.91719 0.02187 0.03437
5 0.86562 0.90938 0.01875 0.03125
5 0.84375 0.89844 0.03125 0.03438
5 0.82031 0.89688 0.02188 0.03125
5 0.84062 0.85469 0.025 0.03437
5 0.81719 0.84688 0.02187 0.03125
5 0.75156 0.87188 0.02187 0.03125
5 0.79688 0.88281 0.025 0.03438
5 0.76719 0.83594 0.02187 0.03438
5 0.74062 0.8125 0.03125 0.0375
5 0.70625 0.80312 0.025 0.03125
5 0.73281 0.86094 0.02187 0.03438
5 0.70938 0.85 0.025 0.0375
5 0.68594 0.83906 0.02812 0.03437
5 0.65938 0.83281 0.025 0.03437
5 0.63437 0.83438 0.025 0.03125
5 0.61406 0.82812 0.02813 0.03125
5 0.59531 0.8125 0.02187 0.03125
5 0.57188 0.80781 0.03125 0.02813
5 0.65938 0.79062 0.03125 0.0375
5 0.59219 0.76719 0.02812 0.04063
5 0.54375 0.80312 0.025 0.03125
5 0.54688 0.75625 0.025 0.0375
5 0.525 0.78906 0.03125 0.03438
5 0.50313 0.78438 0.025 0.03125
5 0.52344 0.74375 0.02188 0.03125
5 0.41562 0.89219 0.0375 0.04063
5 0.45781 0.8625 0.03437 0.0375
5 0.4375 0.90156 0.03125 0.04688
5 0.47969 0.86719 0.03437 0.04062
5 0.50469 0.87344 0.03437 0.04688
5 0.50781 0.92656 0.04062 0.04688
5 0.52812 0.8875 0.0375 0.05
5 0.57656 0.95625 0.04063 0.04375
5 0.59219 0.91406 0.03438 0.04688
5 0.57031 0.90781 0.03438 0.04688
5 0.61719 0.91719 0.03438 0.04688
5 0.55 0.94219 0.0375 0.04063
5 0.54688 0.89688 0.0375 0.05
5 0.63594 0.92969 0.03437 0.04062
5 0.59375 0.95938 0.03125 0.04375
5 0.6625 0.9375 0.04375 0.04375
5 0.68438 0.94531 0.0375 0.04688
5 0.70625 0.95469 0.0375 0.04688
5 0.72969 0.96406 0.03437 0.03437
5 0.75312 0.96094 0.0375 0.04688
5 0.77188 0.975 0.03125 0.04375
5 0.79531 0.97969 0.03438 0.04063
5 0.82031 0.98125 0.03438 0.0375
5 0.84062 0.9875 0.03125 0.025
5 0.8625 0.99062 0.0375 0.01875
5 0.88906 0.99844 0.03438 0.00313
5 0.61875 0.96719 0.04375 0.05312
5 0.66406 0.97969 0.04062 0.04063
5 0.77031 0.99844 0.04063 0.00313
5 0.39375 0.97969 0.03125 0.04063
5 0.41875 0.97969 0.03125 0.04063
5 0.43906 0.99062 0.03437 0.01875
5 0.46094 0.99219 0.04063 0.01562
5 0.48594 0.99844 0.03438 0.00313
5 0.37344 0.99688 0.04062 0.00625
5 0.74844 0.99688 0.03438 0.00625
5 0.65781 0.01406 0.07188 0.02812
5 0.71875 0.03281 0.0625 0.03438
5 0.7625 0.04688 0.05625 0.03125
5 0.80469 0.05313 0.05313 0.03125
5 0.84375 0.06406 0.0625 0.03438
5 0.90156 0.08125 0.05312 0.03125
5 0.95 0.09062 0.0625 0.0375
5 0.04375 0.29531 0.05625 0.03437
5 0.19062 0.32344 0.05 0.03437
5 0.28125 0.34219 0.05 0.02813
5 0.23281 0.32969 0.05313 0.02813
5 0.21406 0.35469 0.03438 0.02813
5 0.25 0.36562 0.03125 0.025
5 0.16875 0.34688 0.025 0.01875
5 0.43906 0.1375 0.05313 0.0375
5 0.69687 0.25469 0.06875 0.03437
5 0.8 0.23906 0.0625 0.03437
5 0.89531 0.26875 0.06562 0.0375
5 0.84375 0.34219 0.05625 0.03437
5 0.8875 0.35469 0.05 0.03437
11 0.06094 0.86563 0.05312 0.06875
5 0.39688 0.54531 0.05 0.02812
5 0.39844 0.56719 0.04688 0.02187
5 0.79844 0.60469 0.02812 0.04063
5 0.46875 0.89375 0.01875 0.025
5 0.45938 0.91719 0.025 0.03437
5 0.68125 0.98906 0.025 0.02187
5 0.63594 0.98125 0.02187 0.0375
5 0.70781 0.98906 0.02187 0.02187
8 0.72812 0.98906 0.03125 0.02187
5 0.9 0.77969 0.0375 0.04688
5 0.8375 0.76094 0.03125 0.03437
5 0.79062 0.83906 0.025 0.03437
5 0.97188 0.81094 0.03125 0.04063
8 0.9875 0.77031 0.025 0.03437
5 0.47969 0.77812 0.02813 0.04375
5 0.88125 0.87344 0.025 0.04063
4 0.64844 0.55156 0.02812 0.04063
4 0.675 0.55156 0.025 0.04063
5 0.09844 0.9875 0.02812 0.025
9 0.17969 0.82656 0.09687 0.04688
9 0.01562 0.69688 0.03125 0.04375
9 0.16875 0.87031 0.0625 0.02813
5 0.07969 0.89219 0.03438 0.03438
5 0.06719 0.93906 0.04062 0.02812
5 0.23125 0.78125 0.04375 0.025
4 0.77656 0.875 0.02187 0.04375
5 0.97344 0.45 0.02813 0.025
5 0.38594 0.50156 0.04688 0.02187
5 0.01406 0.85469 0.02812 0.04063
5 0.99375 0.11094 0.0125 0.02812
5 0.97188 0.29063 0.05 0.03125
