48 0.42188 0.92188 0.84375 0.15625
8 0.15625 0.89375 0.06875 0.04375
8 0.14219 0.92656 0.06562 0.04688
8 0.12344 0.95938 0.07812 0.05
8 0.11406 0.97969 0.07813 0.04063
9 0.06719 0.99531 0.11562 0.00938
48 0.34531 0.69375 0.09687 0.14375
48 0.78906 0.84219 0.04688 0.05312
8 0.36406 0.4875 0.04063 0.05
48 0.52656 0.21719 0.10938 0.12812
48 0.49687 0.33125 0.05 0.09375
48 0.23438 0.22344 0.46875 0.44688
48 0.16562 0.47344 0.33125 0.26562
48 0.97188 0.74063 0.05625 0.06875
48 0.45 0.62344 0.05 0.04688
48 0.84531 0.6625 0.05937 0.05
38 0.86094 0.54688 0.25313 0.175
7 0.7875 0.04062 0.0625 0.0375
48 0.72188 0.14688 0.55625 0.29375
46 0.66875 0.86719 0.06875 0.11563
9 0.725 0.60625 0.0625 0.08125
48 0.83281 0.7 0.06562 0.04375
43 0.6125 0.79062 0.075 0.1125
38 0.54844 0.79375 0.09688 0.10625
16 0.43438 0.77969 0.125 0.09062
43 0.55 0.47656 0.06875 0.05313
