48 0.54844 0.02188 0.36562 0.04375
48 0.72656 0.06094 0.22812 0.12188
48 0.86719 0.09531 0.24063 0.19062
48 0.62969 0.11406 0.14062 0.11562
48 0.60469 0.17812 0.10313 0.1
48 0.76406 0.27969 0.22188 0.17813
48 0.34688 0.29375 0.23125 0.25
48 0.18906 0.78906 0.33438 0.40938
48 0.12344 0.25781 0.24688 0.36562
48 0.1875 0.3125 0.2875 0.35625
48 0.05469 0.45938 0.10938 0.2
48 0.07187 0.62656 0.14375 0.19063
48 0.00312 0.09219 0.00625 0.18438
8 0.33281 0.12656 0.04688 0.04063
8 0.76094 0.42969 0.05312 0.04063
9 0.92969 0.50781 0.04688 0.04062
5 0.82187 0.43125 0.0375 0.0375
