48 0.95938 0.85 0.08125 0.1375
48 0.66562 0.01875 0.175 0.0375
48 0.56406 0.04219 0.10313 0.08438
48 0.62031 0.04219 0.05938 0.07812
48 0.66719 0.04688 0.06562 0.0875
48 0.73906 0.04844 0.10938 0.09688
48 0.82656 0.07656 0.08437 0.09062
48 0.86562 0.03594 0.1125 0.07187
48 0.93438 0.02344 0.075 0.04688
48 0.92344 0.06562 0.15312 0.13125
48 0.96875 0.08906 0.0625 0.12188
48 0.93594 0.04219 0.12813 0.08438
48 0.20781 0.21875 0.15312 0.13125
48 0.29375 0.02812 0.2 0.05625
48 0.12812 0.03125 0.18125 0.0625
48 0.47031 0.13594 0.18438 0.14062
48 0.64688 0.15937 0.225 0.14375
48 0.05156 0.19062 0.10312 0.1375
48 0.82188 0.25312 0.2625 0.3
48 0.32188 0.22813 0.09375 0.125
48 0.53594 0.41562 0.22188 0.14375
48 0.36406 0.39375 0.17188 0.18125
48 0.29531 0.11094 0.17187 0.13438
48 0.05156 0.82812 0.10312 0.24375
48 0.15937 0.85781 0.175 0.23438
48 0.27187 0.87969 0.18125 0.19688
48 0.10312 0.97031 0.20625 0.05937
48 0.36719 0.90312 0.18437 0.19375
48 0.22969 0.99219 0.19688 0.01562
48 0.55625 0.91406 0.30625 0.17188
48 0.49844 0.99375 0.32188 0.0125
48 0.7125 0.6625 0.2 0.19375
48 0.67031 0.8 0.19063 0.175
48 0.74688 0.5375 0.20625 0.15
48 0.27656 0.725 0.22812 0.1625
48 0.92812 0.925 0.14375 0.15
48 0.90781 0.99531 0.18437 0.00938
48 0.00625 0.45938 0.0125 0.18125
48 0.17969 0.0875 0.09687 0.09375
5 0.79531 0.89844 0.04063 0.05313
5 0.91406 0.56563 0.05313 0.05625
48 0.13125 0.60156 0.2625 0.19687
5 0.75156 0.99219 0.04688 0.01562
48 0.35 0.57188 0.14375 0.14375
5 0.77969 0.95469 0.04063 0.05312
5 0.93281 0.60469 0.05312 0.05312
5 0.89062 0.62344 0.0625 0.04688
48 0.06406 0.07812 0.12188 0.0875
48 0.07812 0.3125 0.1125 0.10625
48 0.45625 0.01875 0.26875 0.0375
5 0.825 0.9125 0.04375 0.05625
5 0.87031 0.675 0.03437 0.04375
5 0.99688 0.24062 0.00625 0.03125
5 0.84375 0.84375 0.05625 0.05625
5 0.85312 0.72344 0.04375 0.05312
5 0.99531 0.32812 0.00938 0.0375
48 0.4375 0.23906 0.18125 0.10313
5 0.94844 0.37812 0.02813 0.03125
48 0.01875 0.0625 0.0375 0.125
48 0.60938 0.26719 0.16875 0.10312
5 0.8375 0.76719 0.05 0.04688
5 0.97344 0.28125 0.02813 0.05
48 0.54531 0.55781 0.20938 0.10313
