5 0.37812 0.99688 0.0875 0.00625
48 0.41094 0.92188 0.29687 0.15625
48 0.90312 0.95938 0.19375 0.08125
48 0.13594 0.81406 0.18438 0.11562
48 0.15938 0.625 0.2625 0.15
48 0.8375 0.70938 0.24375 0.18125
48 0.43594 0.51094 0.20938 0.11562
48 0.9375 0.55937 0.125 0.175
48 0.82031 0.44219 0.19063 0.11562
48 0.47188 0.28906 0.14375 0.07812
48 0.91719 0.34219 0.16563 0.19688
6 0.99688 0.19688 0.00625 0.06875
48 0.05312 0.11719 0.10625 0.14062
48 0.06406 0.1875 0.12812 0.1
48 0.57187 0.03594 0.25625 0.07187
48 0.79688 0.07656 0.375 0.15313
48 0.94531 0.00781 0.10938 0.01562
48 0.04219 0.95469 0.08438 0.06563
48 0.32344 0.64062 0.11562 0.09375
48 0.51719 0.72656 0.19063 0.10938
