48 0.29688 0.94375 0.05 0.0625
48 0.05156 0.81406 0.10312 0.14687
48 0.04531 0.71719 0.09062 0.11562
48 0.67969 0.98594 0.34062 0.02812
48 0.69219 0.77188 0.10313 0.13125
48 0.88437 0.02344 0.1 0.04688
50 0.82344 0.01875 0.12188 0.0375
48 0.55156 0.00781 0.05938 0.01562
48 0.425 0.775 0.175 0.125
48 0.49844 0.725 0.31562 0.14375
48 0.09687 0.075 0.075 0.0875
48 0.70625 0.30938 0.14375 0.125
48 0.3375 0.90938 0.10625 0.06875
48 0.33906 0.96406 0.06562 0.06562
48 0.70469 0.05312 0.15312 0.10625
48 0.98125 0.05312 0.0375 0.075
48 0.02031 0.00156 0.04062 0.00312
48 0.04062 0.95156 0.08125 0.08437
48 0.20469 0.16875 0.17812 0.18125
5 0.52656 0.23906 0.03437 0.05937
48 0.42969 0.95312 0.15312 0.09375
48 0.64844 0.20312 0.35938 0.1625
48 0.17188 0.02969 0.30625 0.05938
5 0.56563 0.60938 0.06875 0.04375
10 0.91562 0.29531 0.1 0.07187
48 0.56875 0.87969 0.18125 0.18438
