48 0.20312 0.02188 0.29375 0.04375
48 0.14062 0.06719 0.28125 0.13438
48 0.10469 0.19375 0.20938 0.21875
48 0.07187 0.38281 0.14375 0.21562
48 0.03906 0.55781 0.07812 0.20937
48 0.00938 0.74219 0.01875 0.20938
5 0.00625 0.8125 0.0125 0.03125
5 0.06406 0.6625 0.03438 0.0375
6 0.10312 0.57344 0.0375 0.04063
5 0.20781 0.30625 0.02812 0.03125
5 0.24062 0.23438 0.03125 0.0375
5 0.36562 0.05156 0.05 0.04688
48 0.84531 0.03594 0.30937 0.07187
5 0.55156 0.00469 0.03437 0.00938
5 0.49531 0.08125 0.05312 0.025
48 0.775 0.11719 0.3625 0.23438
48 0.65312 0.26406 0.3625 0.22812
48 0.46562 0.44844 0.35625 0.23438
48 0.70156 0.45312 0.14062 0.125
48 0.41719 0.625 0.33438 0.21875
48 0.34375 0.80625 0.3375 0.2375
5 0.20156 0.96562 0.04062 0.01875
5 0.325 0.98125 0.04375 0.01875
5 0.44375 0.99531 0.05 0.00938
5 0.53594 0.96406 0.02187 0.03437
5 0.51406 0.9625 0.02812 0.0375
5 0.875 0.99219 0.0375 0.01562
5 0.85625 0.90938 0.0375 0.0375
5 0.88125 0.87656 0.0375 0.03438
48 0.67656 0.84531 0.33438 0.21562
5 0.91719 0.82031 0.04063 0.03438
48 0.78594 0.6875 0.32188 0.2125
48 0.86719 0.5375 0.26562 0.2125
48 0.91719 0.4125 0.16563 0.1875
48 0.97812 0.24062 0.04375 0.2375
5 0.93438 0.90781 0.05 0.05312
48 0.99688 0.90469 0.00625 0.19063
5 0.12812 0.86562 0.05625 0.01875
5 0.13125 0.49375 0.025 0.025
5 0.22656 0.59531 0.03437 0.01562
