48 0.98125 0.60781 0.0375 0.16563
5 0.06406 0.16094 0.04063 0.04062
48 0.47812 0.65156 0.225 0.16563
48 0.33125 0.88281 0.175 0.17188
5 0.3375 0.24062 0.05 0.025
48 0.65156 0.01562 0.18438 0.03125
5 0.03281 0.45469 0.04062 0.05938
5 0.67656 0.27187 0.04688 0.025
48 0.77188 0.39219 0.2 0.19062
48 0.00469 0.82656 0.00938 0.10313
5 0.47812 0.99219 0.075 0.01562
48 0.73281 0.53438 0.10938 0.10625
5 0.07344 0.10469 0.02188 0.04687
48 0.55156 0.41875 0.24688 0.20625
48 0.82969 0.19531 0.19063 0.16563
48 0.97344 0.1125 0.05312 0.09375
48 0.12969 0.82187 0.14688 0.06875
48 0.93125 0.4125 0.1375 0.19375
48 0.01094 0.49531 0.02188 0.13438
48 0.89219 0.62344 0.14062 0.07812
48 0.85156 0.02188 0.19063 0.04375
5 0.04375 0.50625 0.0375 0.05625
48 0.11562 0.90781 0.16875 0.10938
5 0.12969 0.76406 0.05937 0.02812
48 0.49531 0.90156 0.15937 0.19688
48 0.37969 0.35625 0.14062 0.1625
48 0.67188 0.19375 0.14375 0.125
5 0.04531 0.29219 0.01562 0.05312
48 0.01719 0.02969 0.03438 0.05938
48 0.17031 0.60781 0.20938 0.22188
48 0.32188 0.64844 0.13125 0.14062
48 0.25469 0.0125 0.34688 0.025
48 0.52969 0.14688 0.15312 0.1625
5 0.15 0.26719 0.075 0.02813
48 0.00625 0.33125 0.0125 0.1625
48 0.20469 0.10938 0.19062 0.2125
48 0.01094 0.12656 0.02188 0.14062
5 0.38906 0.24062 0.03437 0.025
48 0.90156 0.99062 0.19688 0.01875
48 0.90312 0.93281 0.19375 0.13438
48 0.20312 0.97031 0.33125 0.05937
5 0.04531 0.34688 0.04062 0.0375
48 0.68594 0.68906 0.23438 0.20937
48 0.20312 0.37969 0.21875 0.19688
5 0.03281 0.57969 0.03438 0.05312
48 0.68125 0.9125 0.23125 0.175
48 0.95625 0.21406 0.0875 0.18438
48 0.3875 0.15937 0.14375 0.1375
48 0.96875 0.03906 0.0625 0.07812
5 0.22812 0.775 0.075 0.0375
