48 0.025 0.57656 0.05 0.34062
48 0.61562 0.90312 0.25 0.15
48 0.52031 0.38438 0.25312 0.14375
48 0.25312 0.31563 0.30625 0.35625
48 0.7625 0.54531 0.1625 0.17188
48 0.73438 0.22969 0.175 0.15938
48 0.01406 0.64688 0.02812 0.175
48 0.08281 0.84844 0.16562 0.27187
48 0.48125 0.76562 0.1375 0.1375
48 0.67188 0.42188 0.15625 0.11875
48 0.71875 0.33125 0.175 0.1375
48 0.64375 0.525 0.16875 0.1375
48 0.58594 0.70625 0.18437 0.15625
48 0.96719 0.90781 0.06563 0.13438
48 0.07187 0.98594 0.14375 0.02812
48 0.1375 0.57031 0.2375 0.31563
48 0.09844 0.07969 0.19688 0.15937
48 0.88125 0.88437 0.1875 0.13125
48 0.12031 0.77656 0.24062 0.17188
48 0.84219 0.27031 0.19063 0.14688
48 0.4625 0.57969 0.26875 0.15938
48 0.08594 0.925 0.17188 0.15
48 0.83281 0.36406 0.17812 0.12812
48 0.66094 0.1125 0.20312 0.15
48 0.96406 0.71562 0.07188 0.13125
48 0.92344 0.80625 0.15312 0.15625
48 0.10156 0.86875 0.20312 0.1375
48 0.37969 0.85938 0.30312 0.1625
48 0.67656 0.63125 0.26562 0.13125
48 0.31406 0.11406 0.30312 0.22812
48 0.55625 0.96562 0.2875 0.06875
48 0.62813 0.03906 0.24375 0.07812
48 0.99844 0.62813 0.00313 0.14375
48 0.61719 0.80938 0.31563 0.1625
48 0.84531 0.1125 0.29063 0.225
48 0.99062 0.22812 0.01875 0.175
48 0.53906 0.925 0.13437 0.05625
48 0.44219 0.67188 0.24688 0.14375
48 0.52812 0.16719 0.18125 0.15938
48 0.98281 0.32188 0.03438 0.1625
48 0.64688 0.21562 0.14375 0.15
48 0.88438 0.95781 0.23125 0.08437
48 0.05938 0.975 0.11875 0.05
48 0.06406 0.25938 0.12812 0.35
48 0.5125 0.48125 0.25 0.13125
48 0.56719 0.07656 0.10313 0.08438
48 0.95312 0.52812 0.09375 0.1375
48 0.93438 0.69219 0.13125 0.10938
48 0.25938 0.97656 0.15625 0.04688
48 0.70781 0.725 0.17188 0.14375
48 0.36406 0.93906 0.32188 0.12187
48 0.37031 0.75625 0.17812 0.13125
48 0.80469 0.42969 0.15938 0.09688
48 0.55937 0.29688 0.2375 0.1375
48 0.84844 0.02188 0.30312 0.04375
48 0.36875 0.99375 0.15625 0.0125
48 0.99531 0.98125 0.00938 0.0375
48 0.96406 0.40625 0.07188 0.14375
5 0.23281 0.7625 0.02813 0.05
5 0.29375 0.7625 0.0375 0.05625
14 0.22031 0.97344 0.04688 0.05312
5 0.94531 0.26562 0.04062 0.05
5 0.93438 0.31719 0.025 0.04688
