7 0.8125 0.07344 0.025 0.02812
10 0.08281 0.87344 0.06562 0.02812
48 0.37187 0.17969 0.14375 0.23438
48 0.46406 0.75625 0.12188 0.10625
48 0.97031 0.73281 0.05312 0.05312
48 0.65938 0.94375 0.10625 0.0875
48 0.12656 0.76719 0.09687 0.12187
48 0.84844 0.77656 0.10938 0.07812
48 0.77188 0.525 0.0875 0.06875
48 0.80312 0.61406 0.1375 0.09063
48 0.88281 0.48594 0.06563 0.12813
48 0.24844 0.16719 0.15313 0.25312
48 0.70156 0.4875 0.07812 0.08125
48 0.87031 0.57656 0.08437 0.07812
48 0.24844 0.97812 0.12188 0.04375
48 0.93906 0.50781 0.06563 0.20312
48 0.11562 0.14844 0.15625 0.24062
48 0.35625 0.63438 0.1375 0.1375
48 0.30469 0.72812 0.18438 0.15625
48 0.63125 0.15937 0.13125 0.18125
48 0.07969 0.66562 0.09062 0.11875
48 0.03125 0.44531 0.0625 0.15938
48 0.49375 0.16406 0.1375 0.19688
48 0.34844 0.98906 0.09063 0.02187
48 0.14531 0.68438 0.09062 0.08125
48 0.68438 0.77656 0.225 0.09063
48 0.96719 0.21406 0.06563 0.19688
48 0.04688 0.77031 0.05625 0.12188
48 0.55 0.77969 0.0625 0.10938
48 0.02969 0.12969 0.05938 0.24062
48 0.17031 0.48438 0.09063 0.125
48 0.72344 0.56563 0.12812 0.0625
48 0.59531 0.94375 0.07812 0.08125
48 0.74844 0.2375 0.17188 0.30625
48 0.42969 0.99062 0.09062 0.01875
48 0.01094 0.69219 0.02188 0.25312
48 0.78125 0.68906 0.125 0.09688
48 0.06875 0.92969 0.1375 0.14062
48 0.55937 0.99219 0.06875 0.01562
48 0.87344 0.24375 0.15938 0.30625
48 0.6125 0.62969 0.05 0.04688
48 0.5125 0.93281 0.11875 0.10313
