48 0.86406 0.00781 0.16563 0.01562
48 0.86562 0.08125 0.16875 0.13125
48 0.65156 0.075 0.15937 0.125
47 0.65312 0.00625 0.175 0.0125
48 0.44375 0.00625 0.1625 0.0125
48 0.44219 0.075 0.15937 0.125
48 0.05156 0.00469 0.10312 0.00938
48 0.04531 0.07187 0.09062 0.125
5 0.97188 0.35938 0.05625 0.025
5 0.81562 0.37188 0.0625 0.025
5 0.74531 0.37812 0.07188 0.025
5 0.65 0.37812 0.06875 0.025
5 0.025 0.36562 0.05 0.025
5 0.09219 0.36875 0.07187 0.025
5 0.99844 0.62344 0.00313 0.04688
5 0.98906 0.69688 0.02187 0.05
5 0.95938 0.77344 0.05 0.04688
5 0.93281 0.83281 0.04688 0.04063
5 0.91094 0.91094 0.03437 0.04063
5 0.05938 0.45781 0.0625 0.03437
48 0.68281 0.975 0.32812 0.05
48 0.8375 0.70312 0.325 0.19375
48 0.55937 0.775 0.35 0.1875
48 0.02031 0.74375 0.04062 0.1875
48 0.13906 0.67656 0.27812 0.18438
48 0.37187 0.61406 0.33125 0.20312
48 0.5625 0.56406 0.225 0.13437
48 0.13281 0.94688 0.26562 0.10625
48 0.00469 0.97969 0.00938 0.04063
