48 0.90625 0.80312 0.1875 0.3875
10 0.99062 0.175 0.01875 0.075
5 0.42656 0.27344 0.04688 0.07188
11 0.73438 0.01562 0.09375 0.03125
11 0.74375 0.09688 0.13125 0.0375
10 0.9875 0.02656 0.025 0.05312
10 0.77812 0.31719 0.075 0.03437
10 0.96875 0.2625 0.03125 0.075
10 0.92656 0.03125 0.03437 0.0625
11 0.89062 0.04531 0.04375 0.09062
10 0.75625 0.37656 0.075 0.02813
10 0.98906 0.25625 0.02187 0.0875
10 0.88125 0.19688 0.04375 0.075
10 0.91562 0.20469 0.03125 0.07187
10 0.95938 0.03125 0.03125 0.0625
10 0.74688 0.06562 0.11875 0.0375
5 0.97969 0.74219 0.04063 0.04062
10 0.80156 0.4625 0.03437 0.075
10 0.96875 0.1875 0.0375 0.075
10 0.7625 0.40156 0.075 0.02813
11 0.73125 0.0375 0.11875 0.03125
10 0.83594 0.47812 0.04062 0.06875
10 0.90625 0.27187 0.04375 0.08125
10 0.87031 0.25469 0.04063 0.09062
10 0.93438 0.26094 0.0375 0.07812
10 0.94219 0.2 0.04063 0.06875
10 0.8875 0.50156 0.03125 0.06563
10 0.72969 0.13594 0.05938 0.02812
8 0.8 0.54375 0.05 0.075
