55 0.88281 0.12188 0.08438 0.10625
44 0.97344 0.41719 0.02813 0.07188
44 0.94531 0.4125 0.03438 0.075
44 0.9125 0.41406 0.0375 0.07812
44 0.88906 0.42188 0.03438 0.075
44 0.85781 0.41406 0.03438 0.07812
5 0.03281 0.67188 0.02812 0.04375
48 0.7 0.02969 0.1125 0.05938
48 0.69844 0.25625 0.07188 0.08125
5 0.81562 0.8125 0.01875 0.04375
5 0.03906 0.02969 0.02188 0.04062
48 0.03594 0.08594 0.07187 0.11562
48 0.6875 0.60938 0.18125 0.30625
8 0.40938 0.74844 0.03125 0.04688
48 0.92344 0.6375 0.15312 0.3125
8 0.575 0.76719 0.03125 0.05312
8 0.61562 0.775 0.04375 0.06875
48 0.97188 0.9875 0.05625 0.025
48 0.44062 0.57344 0.175 0.32188
11 0.31563 0.80938 0.16875 0.0625
8 0.0125 0.29063 0.025 0.0375
5 0.38438 0.74062 0.0375 0.05
48 0.80781 0.62813 0.19062 0.3125
48 0.475 0.86719 0.95 0.26562
48 0.01406 0.47812 0.02812 0.3
48 0.07344 0.49844 0.14688 0.29688
48 0.05 0.09219 0.1 0.14062
8 0.90469 0.82031 0.02812 0.04688
8 0.75625 0.8 0.03125 0.04375
5 0.00781 0.67344 0.01562 0.04063
48 0.1875 0.53125 0.1875 0.3125
48 0.5625 0.58906 0.1875 0.29688
5 0.07031 0.69062 0.02188 0.025
48 0.30469 0.55156 0.19062 0.31562
8 0.34219 0.73281 0.02813 0.05312
48 0.25938 0.09844 0.075 0.10938
