5 0.22656 0.46406 0.04688 0.05312
5 0.01094 0.33438 0.02188 0.0375
5 0.02031 0.42031 0.04062 0.03437
5 0.29688 0.44844 0.0375 0.05312
5 0.27656 0.45469 0.04063 0.05313
5 0.12656 0.26719 0.05313 0.03437
53 0.02188 0.31719 0.04375 0.42187
5 0.00938 0.31094 0.01875 0.04062
5 0.35 0.42812 0.04375 0.05625
5 0.25469 0.45938 0.03437 0.05625
5 0.325 0.44062 0.0375 0.05625
5 0.1625 0.99688 0.05 0.00625
14 0.20938 0.9375 0.08125 0.0375
5 0.19375 0.91875 0.05 0.025
10 0.29688 0.9125 0.0625 0.03125
10 0.25156 0.89688 0.06562 0.0375
5 0.08281 0.16406 0.02812 0.04688
5 0.13438 0.15156 0.03125 0.05313
5 0.35625 0.86094 0.0625 0.04063
5 0.30625 0.87656 0.05 0.04688
5 0.29063 0.20312 0.075 0.0375
6 0.12344 0.89062 0.03438 0.0875
6 0.17969 0.87188 0.04063 0.10625
48 0.17969 0.99688 0.35938 0.00625
48 0.45781 0.5875 0.24688 0.3125
6 0.15313 0.88594 0.03125 0.07812
48 0.23125 0.65 0.28125 0.325
6 0.48594 0.95781 0.04688 0.07812
48 0.09844 0.75156 0.19688 0.47812
5 0.28125 0.18125 0.075 0.0375
13 0.61094 0.975 0.14062 0.05
