5 0.1625 0.01875 0.05625 0.025
5 0.18594 0.06562 0.05313 0.025
5 0.2 0.0875 0.05 0.03125
5 0.27344 0.17812 0.04688 0.03125
5 0.42656 0.05469 0.03437 0.02188
5 0.43438 0.46562 0.0375 0.04375
5 0.37187 0.53438 0.05 0.03125
5 0.32969 0.52969 0.04062 0.02812
5 0.20625 0.60781 0.0375 0.02187
5 0.05625 0.69219 0.05625 0.03437
5 0.1625 0.63281 0.0375 0.02812
5 0.70156 0.53281 0.04688 0.02187
5 0.90469 0.45781 0.04063 0.03437
5 0.99688 0.35938 0.00625 0.0375
5 0.74531 0.2625 0.04688 0.03125
5 0.69844 0.22969 0.04688 0.03438
5 0.66094 0.19531 0.04063 0.03437
5 0.64375 0.225 0.05625 0.025
5 0.68906 0.25469 0.04688 0.03437
5 0.58906 0.2625 0.04063 0.025
5 0.64531 0.29219 0.04688 0.02813
6 0.76562 0.06406 0.1375 0.05312
5 0.59688 0.08125 0.0625 0.03125
5 0.92344 0.05938 0.04688 0.025
5 0.98125 0.09062 0.0375 0.03125
48 0.0125 0.44219 0.025 0.35312
48 0.25 0.33906 0.5 0.49688
48 0.025 0.19531 0.05 0.28438
48 0.08125 0.06406 0.13125 0.12812
48 0.0125 0.03594 0.025 0.07187
5 0.06875 0.6125 0.0375 0.0375
5 0.09375 0.59844 0.03125 0.02813
5 0.00156 0.5125 0.00312 0.04375
5 0.85312 0.50781 0.025 0.02812
5 0.82656 0.52031 0.03438 0.02187
