48 0.06406 0.96406 0.12812 0.07188
48 0.1 0.89844 0.13125 0.11563
48 0.21562 0.93281 0.1875 0.12188
48 0.35156 0.90625 0.09062 0.05625
48 0.14219 0.81094 0.13438 0.08437
48 0.22812 0.73125 0.175 0.11875
48 0.10156 0.60625 0.12188 0.125
48 0.04844 0.78125 0.09062 0.1125
48 0.22969 0.62813 0.10938 0.1125
48 0.34219 0.65312 0.19688 0.1125
48 0.37187 0.59688 0.20625 0.09375
48 0.39688 0.53438 0.175 0.10625
48 0.25781 0.52969 0.14062 0.10313
48 0.10781 0.48594 0.08438 0.10312
48 0.41406 0.46719 0.12187 0.09687
48 0.35 0.4625 0.0625 0.075
48 0.21562 0.40781 0.175 0.14062
48 0.16094 0.3125 0.09062 0.1125
48 0.34062 0.30781 0.1125 0.07188
48 0.33438 0.35938 0.14375 0.10625
48 0.45 0.36562 0.14375 0.13125
48 0.09844 0.32344 0.07187 0.05312
5 0.61094 0.19375 0.05937 0.04375
5 0.62187 0.11875 0.05625 0.025
48 0.10469 0.07812 0.07187 0.0625
48 0.14375 0.03594 0.1375 0.07187
48 0.14062 0.00312 0.10625 0.00625
48 0.23438 0.08438 0.1125 0.1
48 0.33125 0.09219 0.1125 0.12812
48 0.40781 0.12344 0.09687 0.07812
48 0.51406 0.13125 0.17188 0.125
48 0.54531 0.05156 0.14062 0.10312
48 0.46875 0.04062 0.08125 0.08125
48 0.42188 0.03906 0.0875 0.07812
5 0.21875 0.15313 0.025 0.03125
