48 0.30781 0.49531 0.24062 0.15313
48 0.84219 0.55937 0.31563 0.675
5 0.74688 0.5 0.025 0.03125
5 0.43438 0.31406 0.05625 0.04062
5 0.40781 0.51875 0.02813 0.03125
5 0.58906 0.53906 0.04063 0.02188
48 0.2125 0.77969 0.425 0.38438
5 0.00312 0.94062 0.00625 0.03125
5 0.20312 0.6 0.025 0.03125
5 0.37969 0.53594 0.03437 0.02813
48 0.61875 0.73594 0.51875 0.52812
5 0.30781 0.37031 0.04688 0.02813
5 0.75781 0.44844 0.04688 0.04688
5 0.0125 0.97031 0.025 0.02812
47 0.0625 0.37031 0.06875 0.04688
5 0.72344 0.45938 0.02813 0.03125
5 0.25312 0.38281 0.0375 0.04688
