48 0.28281 0.74219 0.09687 0.12813
48 0.98438 0.24375 0.03125 0.1625
48 0.25469 0.20469 0.16563 0.16562
48 0.34688 0.50156 0.13125 0.19687
48 0.84062 0.23906 0.25625 0.19062
48 0.55781 0.18281 0.18438 0.10938
48 0.53594 0.02031 0.28438 0.04062
48 0.45625 0.91406 0.125 0.12187
48 0.92188 0.82188 0.125 0.1375
48 0.40312 0.19844 0.14375 0.19062
48 0.45781 0.76719 0.19688 0.14687
48 0.23281 0.99844 0.11563 0.00313
48 0.40781 0.98594 0.19687 0.02812
48 0.0875 0.99844 0.175 0.00313
48 0.10781 0.15469 0.10938 0.20312
48 0.96562 0.56719 0.06875 0.19688
48 0.69062 0.99688 0.25625 0.00625
48 0.99219 0.85781 0.01562 0.18437
48 0.50469 0.5 0.19062 0.24375
5 0.325 0.59375 0.05 0.025
48 0.2 0.48594 0.15 0.17188
48 0.95625 0.03906 0.0875 0.07812
48 0.15781 0.75 0.14062 0.1625
48 0.99688 0.99531 0.00625 0.00938
48 0.01406 0.15 0.02812 0.18125
48 0.21875 0.00312 0.10625 0.00625
48 0.00938 0.99062 0.01875 0.01875
48 0.05938 0.47969 0.11875 0.13438
48 0.8125 0.54844 0.26875 0.19063
48 0.81875 0.39375 0.25 0.1375
48 0.04375 0.78281 0.0875 0.22188
48 0.74063 0.85156 0.25625 0.26562
48 0.84844 0.03125 0.15937 0.0625
5 0.675 0.23125 0.025 0.04375
5 0.63281 0.48906 0.05313 0.04687
5 0.56563 0.90156 0.0375 0.02813
5 0.89375 0.67031 0.05 0.02187
5 0.675 0.27812 0.025 0.0375
5 0.67969 0.11094 0.02812 0.03437
5 0.82969 0.08594 0.05937 0.02813
5 0.95312 0.67656 0.0375 0.02187
5 0.55312 0.97812 0.03125 0.0375
5 0.64688 0.39375 0.025 0.03125
5 0.55781 0.93281 0.02187 0.02813
5 0.58594 0.76719 0.03438 0.04063
5 0.57656 0.82344 0.03438 0.03437
