48 0.46562 0.04062 0.1125 0.08125
48 0.30312 0.04062 0.11875 0.08125
48 0.45781 0.12344 0.13438 0.09063
48 0.36562 0.12031 0.05625 0.09062
48 0.31094 0.12812 0.05938 0.09375
48 0.11875 0.13281 0.11875 0.09687
48 0.02812 0.12812 0.05625 0.0875
48 0.12812 0.21875 0.09375 0.1
48 0.04219 0.21406 0.08438 0.07812
48 0.3375 0.50156 0.15625 0.05312
48 0.34062 0.39219 0.15625 0.05938
48 0.47188 0.45938 0.08125 0.1
48 0.47812 0.38438 0.05 0.0375
48 0.075 0.57344 0.15 0.10313
48 0.08906 0.6625 0.17812 0.10625
48 0.01719 0.74844 0.03438 0.09688
5 0.18125 0.12656 0.01875 0.04688
48 0.06875 0.40469 0.1375 0.17188
48 0.11562 0.48125 0.125 0.1125
