48 0.25625 0.19062 0.5125 0.38125
5 0.1375 0.28906 0.06875 0.04688
48 0.52969 0.64062 0.75312 0.49375
48 0.85312 0.85 0.29375 0.25
48 0.63594 0.95938 0.47812 0.08125
48 0.95938 0.95156 0.08125 0.09688
48 0.10469 0.61875 0.20938 0.19375
5 0.00938 0.36875 0.01875 0.0375
9 0.02031 0.70156 0.04062 0.05937
5 0.11406 0.72969 0.06562 0.04063
5 0.12969 0.75312 0.05937 0.04375
9 0.19375 0.80469 0.10625 0.05937
11 0.13125 0.86875 0.2125 0.13125
9 0.38125 0.90156 0.1 0.06562
5 0.4625 0.99688 0.05 0.00625
5 0.51094 0.97656 0.06562 0.04688
5 0.54375 0.96875 0.05625 0.0375
5 0.59219 0.925 0.06563 0.04375
9 0.46719 0.83906 0.07188 0.05938
5 0.64688 0.91562 0.0625 0.04375
5 0.70469 0.8375 0.06563 0.04375
9 0.79219 0.80156 0.08437 0.06562
11 0.91719 0.64844 0.16563 0.13437
9 0.90625 0.58594 0.1875 0.14062
5 0.33125 0.51875 0.0625 0.04375
48 0.08594 0.98281 0.17188 0.03438
9 0.95 0.99531 0.1 0.00938
13 0.97344 0.98438 0.05312 0.03125
53 0.94844 0.975 0.10313 0.05
53 0.12344 0.82187 0.24688 0.24375
53 0.52969 0.90312 0.24063 0.19375
53 0.35156 0.93594 0.14062 0.12813
48 0.03438 0.9125 0.06875 0.15
11 0.89844 0.55 0.11563 0.0875
53 0.89844 0.61094 0.20312 0.20937
