48 0.01406 0.15156 0.02812 0.16562
48 0.02969 0.87812 0.05938 0.15625
48 0.05312 0.43125 0.10625 0.225
48 0.02969 0.77344 0.05938 0.14688
48 0.05 0.95625 0.1 0.0875
48 0.03125 0.32812 0.0625 0.14375
48 0.06406 0.18438 0.12812 0.25
48 0.60312 0.76875 0.16875 0.10625
48 0.82031 0.78281 0.17188 0.10938
48 0.33906 0.09219 0.12188 0.18438
48 0.19688 0.83125 0.09375 0.0625
48 0.72344 0.81875 0.09687 0.0875
48 0.89844 0.67188 0.20312 0.18125
48 0.94062 0.88594 0.11875 0.09687
48 0.09063 0.85312 0.1125 0.13125
48 0.22188 0.12656 0.16875 0.22188
48 0.27031 0.68438 0.10313 0.15
48 0.35312 0.69062 0.16875 0.225
48 0.63906 0.94844 0.12187 0.07812
48 0.55625 0.70938 0.06875 0.0875
48 0.97656 0.76875 0.04688 0.14375
48 0.61562 0.57344 0.08125 0.07812
48 0.79844 0.72969 0.15312 0.10313
48 0.73594 0.59844 0.17188 0.14687
48 0.40312 0.375 0.13125 0.1625
48 0.17969 0.88594 0.15312 0.09063
48 0.95 0.03594 0.1 0.07187
48 0.14062 0.15156 0.16875 0.20312
48 0.37187 0.41562 0.08125 0.075
48 0.47812 0.09062 0.3125 0.18125
48 0.40625 0.90312 0.16875 0.19375
48 0.71875 0.89531 0.15625 0.19062
48 0.85625 0.10312 0.2875 0.20625
48 0.38281 0.25156 0.16563 0.22188
48 0.66875 0.23281 0.10625 0.12812
48 0.45312 0.61563 0.15625 0.15
48 0.66406 0.77812 0.08438 0.05625
48 0.47031 0.39062 0.10312 0.125
48 0.7125 0.77344 0.08125 0.07812
48 0.82969 0.875 0.16563 0.13125
48 0.12344 0.47969 0.17812 0.09063
48 0.19219 0.79375 0.11562 0.0875
48 0.85625 0.54688 0.225 0.14375
48 0.49844 0.22656 0.17188 0.17188
48 0.17969 0.75781 0.09063 0.05937
48 0.31719 0.88906 0.22188 0.22188
48 0.45 0.72031 0.2 0.17812
48 0.68438 0.71406 0.1125 0.09687
48 0.98594 0.86406 0.02812 0.07812
48 0.19219 0.33438 0.13438 0.23125
48 0.2875 0.43438 0.13125 0.09375
48 0.23594 0.98125 0.17812 0.0375
48 0.70312 0.00312 0.19375 0.00625
48 0.10625 0.35156 0.15625 0.22813
48 0.52656 0.32969 0.24688 0.17812
48 0.22188 0.93281 0.175 0.13438
48 0.11094 0.76406 0.09062 0.09688
48 0.60312 0.16875 0.2 0.14375
48 0.23281 0.69219 0.11563 0.15313
48 0.55313 0.61719 0.15 0.13437
48 0.70156 0.31719 0.20312 0.16563
48 0.28438 0.79219 0.15625 0.17188
48 0.64844 0.62656 0.12813 0.13438
48 0.11719 0.94688 0.20312 0.10625
48 0.52656 0.91875 0.16563 0.1625
48 0.92656 0.80781 0.11562 0.12812
48 0.15625 0.68906 0.1625 0.13438
48 0.76562 0.67656 0.1125 0.09063
48 0.50156 0.8375 0.14687 0.11875
48 0.225 0.45469 0.1375 0.10938
48 0.27969 0.31875 0.17187 0.2625
48 0.61875 0.85625 0.1625 0.15625
48 0.57969 0.69062 0.13438 0.1
5 0.85156 0.225 0.03438 0.04375
5 0.98438 0.51875 0.03125 0.0375
5 0.90469 0.34844 0.05312 0.07188
5 0.63125 0.99688 0.05625 0.00625
5 0.99375 0.4375 0.0125 0.0625
5 0.99531 0.55313 0.00938 0.0375
5 0.60312 0.02656 0.0375 0.05312
5 0.68125 0.12188 0.0375 0.03125
