5 0.06875 0.37344 0.05625 0.05938
5 0.03125 0.69688 0.05625 0.05
9 0.05469 0.24219 0.10938 0.05937
5 0.38594 0.00625 0.04688 0.0125
5 0.42812 0.00938 0.04375 0.01875
5 0.02656 0.90938 0.05312 0.05625
48 0.05 0.04375 0.1 0.0875
48 0.14688 0.04531 0.2125 0.09062
48 0.09062 0.08594 0.10625 0.12188
48 0.95312 0.72344 0.09375 0.22187
48 0.84062 0.64531 0.31875 0.21563
48 0.67031 0.46875 0.20312 0.23125
48 0.93281 0.15 0.13438 0.13125
48 0.83281 0.12812 0.19688 0.2
48 0.98906 0.175 0.02187 0.2125
48 0.95781 0.36875 0.08437 0.325
48 0.90625 0.28281 0.1875 0.14063
48 0.88281 0.40625 0.22812 0.1625
48 0.75312 0.29063 0.26875 0.31875
48 0.95625 0.57344 0.0875 0.27187
5 0.88125 0.02812 0.05 0.03125
9 0.28438 0.38438 0.0625 0.06875
5 0.45 0.21875 0.0375 0.04375
5 0.76719 0.79219 0.04688 0.03437
8 0.49219 0.47188 0.07812 0.075
5 0.58594 0.81094 0.05937 0.04688
5 0.42969 0.07344 0.05312 0.06562
5 0.21094 0.13594 0.05938 0.06563
5 0.87188 0.8375 0.075 0.05
5 0.2875 0.55313 0.04375 0.0375
11 0.08906 0.91719 0.17812 0.16563
5 0.51406 0.24062 0.05313 0.0625
5 0.56094 0.07031 0.04063 0.04688
5 0.375 0.55312 0.05625 0.0625
5 0.975 0.87344 0.05 0.04688
5 0.59062 0.3625 0.0375 0.04375
5 0.53906 0.02969 0.04062 0.05312
5 0.30156 0.66406 0.05938 0.05937
5 0.18594 0.75 0.07812 0.06875
5 0.60781 0.68281 0.05937 0.05938
5 0.0875 0.78125 0.05625 0.05625
