53 0.04531 0.9875 0.09062 0.025
48 0.98438 0.52031 0.03125 0.52813
48 0.01562 0.07656 0.03125 0.15313
48 0.2 0.0125 0.1125 0.025
48 0.07969 0.04062 0.15937 0.08125
48 0.75938 0.50938 0.28125 0.18125
48 0.83438 0.65625 0.33125 0.29375
48 0.89531 0.84062 0.20937 0.24375
48 0.94531 0.95156 0.10938 0.09688
48 0.9375 0.44688 0.125 0.1375
48 0.92812 0.675 0.14375 0.40625
48 0.34375 0.825 0.31875 0.35
48 0.76875 0.88594 0.2375 0.22813
48 0.65312 0.70625 0.30625 0.29375
48 0.21719 0.83906 0.32187 0.32188
48 0.52031 0.78125 0.36562 0.4375
