48 0.38438 0.02344 0.24375 0.04688
48 0.44844 0.11719 0.24062 0.12188
48 0.57812 0.38125 0.23125 0.28125
48 0.09219 0.54062 0.18438 0.24375
48 0.025 0.34219 0.05 0.21562
48 0.11406 0.77969 0.22812 0.27187
48 0.075 0.95781 0.15 0.08437
48 0.24688 0.72969 0.25 0.25312
48 0.49531 0.83906 0.55312 0.32188
48 0.70781 0.25469 0.19062 0.20312
48 0.80625 0.15625 0.275 0.2875
48 0.59688 0.05312 0.3125 0.10625
48 0.88594 0.06094 0.22813 0.12188
48 0.89062 0.63438 0.21875 0.3125
48 0.85 0.46875 0.21875 0.15
48 0.89844 0.3625 0.20312 0.26875
5 0.97969 0.99531 0.04063 0.00938
5 0.89219 0.99062 0.04688 0.01875
5 0.95 0.97969 0.04375 0.04063
5 0.9875 0.89531 0.025 0.04688
5 0.44531 0.5375 0.04688 0.05
5 0.48906 0.53125 0.04063 0.04375
5 0.46875 0.43594 0.04375 0.04062
5 0.09844 0.02344 0.04688 0.04688
5 0.90469 0.85156 0.02812 0.03438
10 0.16562 0.175 0.1125 0.13125
10 0.24531 0.26875 0.13438 0.11875
