6 0.51094 0.82969 0.02813 0.05312
5 0.4875 0.6875 0.03125 0.05
48 0.04531 0.94844 0.09062 0.10313
48 0.21094 0.90469 0.42188 0.19063
48 0.06719 0.54844 0.13438 0.67812
48 0.01094 0.42969 0.02188 0.82812
18 0.06406 0.76562 0.05312 0.175
18 0.08438 0.59375 0.06875 0.1875
5 0.38125 0.35625 0.03125 0.05625
5 0.83281 0.0125 0.04063 0.025
18 0.11094 0.40312 0.05938 0.19375
18 0.13594 0.21094 0.05313 0.19688
18 0.00469 0.35625 0.00938 0.20625
22 0.01562 0.17812 0.03125 0.19375
48 0.94844 0.06562 0.10313 0.13125
48 0.79375 0.75312 0.4125 0.49375
48 0.31875 0.78125 0.16875 0.325
51 0.82656 0.39219 0.34688 0.25937
5 0.45 0.91562 0.025 0.05
5 0.46562 0.84688 0.03125 0.04375
48 0.41406 0.125 0.19063 0.25
48 0.96562 0.18906 0.06875 0.22812
