5 0.00469 0.05156 0.00938 0.04688
5 0.05313 0.01719 0.09375 0.02812
5 0.47969 0.025 0.04688 0.05
5 0.62031 0.02031 0.04688 0.04062
5 0.65938 0.01406 0.05 0.02812
5 0.74531 0.00938 0.04063 0.01875
5 0.99062 0.24062 0.01875 0.03125
5 0.70312 0.36562 0.05 0.05
5 0.31875 0.32812 0.09375 0.03125
9 0.22344 0.40469 0.09687 0.09063
5 0.15469 0.39688 0.05313 0.05625
9 0.03125 0.40938 0.0625 0.04375
5 0.02031 0.45312 0.04062 0.03125
9 0.05625 0.47812 0.1125 0.05
5 0.0625 0.62656 0.04375 0.04063
5 0.32969 0.43281 0.07187 0.04688
5 0.94844 0.71406 0.04688 0.05938
5 0.34844 0.82812 0.04063 0.05625
5 0.39844 0.82656 0.04688 0.05937
5 0.43594 0.86719 0.04062 0.05313
9 0.5375 0.81094 0.0625 0.06563
5 0.71875 0.84219 0.09375 0.03438
48 0.55625 0.66875 0.7125 0.29375
48 0.11875 0.8375 0.2375 0.325
38 0.90469 0.54375 0.10938 0.24375
9 0.65 0.39531 0.08125 0.08437
9 0.37031 0.38594 0.07812 0.07188
12 0.83438 0.31406 0.0375 0.04062
16 0.55469 0.36875 0.10312 0.125
