48 0.53906 0.96094 0.06563 0.07812
10 0.67188 0.41406 0.0875 0.14687
9 0.85469 0.06406 0.10938 0.12812
9 0.80781 0.07031 0.09063 0.14062
9 0.78438 0.23281 0.075 0.18438
9 0.93438 0.12344 0.11875 0.19062
9 0.74062 0.21094 0.09375 0.19688
9 0.17344 0.47031 0.04688 0.11562
9 0.88281 0.29531 0.06563 0.14688
48 0.06719 0.20781 0.07187 0.11562
48 0.02031 0.05312 0.04062 0.075
48 0.34688 0.11875 0.1875 0.19375
48 0.44062 0.94531 0.15 0.10938
10 0.22188 0.30781 0.06875 0.10313
10 0.32031 0.3 0.15312 0.05
10 0.33281 0.2625 0.14062 0.04375
10 0.14688 0.24062 0.10625 0.1625
10 0.25 0.39688 0.1 0.0625
