48 0.65625 0.975 0.33125 0.05
48 0.98281 0.925 0.03438 0.15
5 0.13438 0.12031 0.0375 0.03438
5 0.42188 0.0375 0.025 0.03125
48 0.96094 0.84219 0.07812 0.12187
48 0.93594 0.74688 0.12813 0.1375
48 0.97656 0.69687 0.04688 0.11875
48 0.80156 0.72812 0.18438 0.2
48 0.90781 0.66406 0.14687 0.12813
48 0.84531 0.57188 0.15938 0.14375
48 0.55937 0.61094 0.16875 0.15312
48 0.8125 0.93281 0.1625 0.13438
48 0.93438 0.99062 0.13125 0.01875
48 0.67188 0.77812 0.16875 0.175
48 0.95 0.58594 0.1 0.10938
48 0.65625 0.39219 0.1875 0.14062
48 0.71875 0.45938 0.13125 0.125
48 0.72969 0.30781 0.19688 0.20937
48 0.55937 0.33438 0.1375 0.1375
48 0.99219 0.00469 0.01562 0.00938
48 0.90781 0.02812 0.14062 0.05625
48 0.87031 0.08906 0.09063 0.09062
48 0.97812 0.09062 0.04375 0.14375
48 0.94219 0.15625 0.11562 0.1375
48 0.91562 0.27187 0.125 0.13125
48 0.65781 0.12812 0.17812 0.15625
48 0.83125 0.29844 0.09375 0.12188
48 0.96875 0.42969 0.0625 0.07812
48 0.99219 0.53438 0.01562 0.1375
48 0.94688 0.32812 0.10625 0.08125
48 0.86719 0.3875 0.14688 0.1125
48 0.54375 0.17031 0.15 0.14687
48 0.44531 0.20469 0.10938 0.12812
48 0.35 0.21406 0.1125 0.09688
48 0.67969 0.01719 0.17813 0.03438
48 0.35 0.04062 0.15625 0.08125
48 0.39844 0.09844 0.10938 0.10938
48 0.2375 0.125 0.15625 0.15
48 0.48594 0.05312 0.13437 0.10625
48 0.33125 0.13125 0.1 0.10625
48 0.275 0.07187 0.1125 0.125
48 0.07344 0.04844 0.14688 0.09688
48 0.17656 0.03438 0.19062 0.06875
48 0.02188 0.07344 0.04375 0.14688
48 0.00469 0.00469 0.00938 0.00938
52 0.29531 0.91562 0.59062 0.16875
