5 0.06562 0.04688 0.0375 0.025
5 0.50625 0.04844 0.04375 0.02812
4 0.63437 0.06719 0.0375 0.02188
5 0.81406 0.575 0.04063 0.03125
5 0.65312 0.4875 0.0375 0.01875
5 0.99844 0.96562 0.00313 0.025
48 0.69844 0.99531 0.09687 0.00938
48 0.14531 0.96094 0.10312 0.07812
48 0.23281 0.97031 0.06562 0.05937
48 0.3 0.97656 0.08125 0.04688
48 0.53125 0.99062 0.08125 0.01875
48 0.54375 0.79844 0.1625 0.17812
48 0.43594 0.84375 0.07812 0.06875
48 0.98438 0.29688 0.03125 0.1125
48 0.92188 0.29531 0.09375 0.07812
48 0.94219 0.21562 0.10938 0.075
48 0.99844 0.21875 0.00313 0.05625
48 0.93594 0.37188 0.08437 0.06875
48 0.98438 0.39844 0.03125 0.09062
48 0.98281 0.49062 0.03438 0.0875
48 0.81562 0.45312 0.16875 0.10625
48 0.69688 0.44844 0.08125 0.05312
48 0.79219 0.36094 0.19688 0.10312
48 0.85312 0.24219 0.075 0.14687
48 0.6 0.41719 0.11875 0.10938
48 0.60156 0.33281 0.12813 0.06562
48 0.775 0.18906 0.08125 0.07812
48 0.71562 0.19375 0.05625 0.0875
48 0.60938 0.2125 0.1625 0.1875
48 0.25312 0.37031 0.1 0.08437
48 0.25781 0.28906 0.09062 0.07812
48 0.28438 0.20625 0.1 0.10625
48 0.33906 0.38281 0.09063 0.10938
48 0.33906 0.30312 0.11562 0.06875
48 0.36719 0.24219 0.08437 0.04688
48 0.45625 0.25312 0.10625 0.06875
48 0.45 0.30625 0.04375 0.0375
48 0.42656 0.01562 0.07812 0.03125
48 0.52031 0.02188 0.05938 0.04375
5 0.48438 0.00625 0.04375 0.0125
48 0.57656 0.03281 0.07812 0.05938
48 0.59219 0.00469 0.06563 0.00938
48 0.64219 0.01875 0.06563 0.0375
48 0.77031 0.02031 0.06562 0.04062
48 0.70469 0.04844 0.09688 0.04687
48 0.82812 0.02344 0.05 0.04688
48 0.99531 0.0125 0.00938 0.025
48 0.91094 0.07656 0.07188 0.04062
48 0.99375 0.0875 0.0125 0.0625
48 0.95938 0.01719 0.08125 0.03438
48 0.35156 0.99531 0.09688 0.00938
48 0.36094 0.97344 0.04688 0.05312
48 0.02188 0.95156 0.04375 0.09688
48 0.025 0.525 0.05 0.14375
48 0.00938 0.79688 0.01875 0.05625
48 0.04531 0.63281 0.09062 0.08438
48 0.06719 0.53281 0.09688 0.09688
48 0.04375 0.74219 0.0875 0.12813
48 0.75469 0.72031 0.09687 0.08437
48 0.6375 0.87656 0.08125 0.04063
48 0.38125 0.8375 0.0375 0.05
48 0.33281 0.81875 0.07812 0.075
48 0.33906 0.7125 0.08437 0.04375
48 0.39375 0.73594 0.06875 0.07812
48 0.4375 0.76406 0.0625 0.09062
48 0.17188 0.79219 0.1 0.10938
48 0.27969 0.80313 0.05313 0.1
48 0.25156 0.675 0.09063 0.35625
48 0.20156 0.66562 0.05938 0.13125
48 0.20156 0.55625 0.10312 0.1
48 0.30625 0.60781 0.05 0.05312
48 0.32344 0.67031 0.06562 0.05312
48 0.37656 0.58125 0.06562 0.09375
48 0.46875 0.58594 0.0875 0.09688
48 0.56875 0.63125 0.2375 0.2
48 0.29688 0.55625 0.04375 0.05
48 0.93438 0.65625 0.1125 0.1
48 0.93594 0.75312 0.09062 0.0625
5 0.92031 0.71875 0.04688 0.01875
48 0.91719 0.83125 0.07188 0.11875
48 0.87344 0.85781 0.04063 0.06563
48 0.87969 0.91094 0.07188 0.05312
48 0.94687 0.91875 0.0875 0.0625
48 0.97344 0.83438 0.05312 0.11875
48 0.99375 0.825 0.0125 0.0875
48 0.92344 0.4625 0.10313 0.11875
48 0.7 0.28125 0.06875 0.08125
48 0.35625 0.16875 0.05 0.1
48 0.40156 0.13594 0.05938 0.06563
48 0.52188 0.15156 0.05 0.05938
48 0.45469 0.13594 0.09688 0.06563
48 0.49844 0.36875 0.07812 0.125
5 0.43437 0.38594 0.01875 0.04688
5 0.41562 0.37344 0.01875 0.03437
48 0.42031 0.32812 0.04062 0.04375
48 0.02812 0.3 0.05625 0.19375
48 0.11406 0.35 0.08438 0.125
48 0.08125 0.275 0.14375 0.075
48 0.1125 0.22812 0.08125 0.04375
48 0.01406 0.10469 0.02812 0.11562
48 0.12344 0.10781 0.12812 0.08438
48 0.05625 0.10156 0.075 0.09063
