48 0.8 0.06094 0.4 0.12188
48 0.27656 0.89531 0.55312 0.20937
48 0.4375 0.43906 0.875 0.87812
48 0.71094 0.04375 0.28438 0.0875
48 0.88594 0.30781 0.22813 0.30312
5 0.00156 0.04844 0.00312 0.04687
5 0.01875 0.13281 0.0375 0.04688
5 0.18281 0.78906 0.06563 0.04062
5 0.13906 0.81875 0.07187 0.05
5 0.10156 0.84219 0.06562 0.04063
5 0.04531 0.87344 0.06562 0.03438
5 0.08594 0.925 0.07812 0.025
9 0.31094 0.87031 0.07187 0.04688
5 0.27031 0.88438 0.07188 0.05
5 0.25 0.89844 0.06875 0.04062
5 0.22031 0.91719 0.05938 0.04063
5 0.1625 0.95 0.075 0.04375
5 0.13438 0.96719 0.0625 0.03438
5 0.10469 0.97969 0.05313 0.04063
5 0.40469 0.9375 0.05938 0.0375
5 0.37656 0.9625 0.05938 0.0375
5 0.35469 0.97812 0.07188 0.04375
5 0.41562 0.01094 0.06875 0.02188
5 0.3625 0.02969 0.075 0.03438
5 0.33281 0.05 0.07188 0.0375
5 0.075 0.20156 0.05 0.02813
5 0.06094 0.22188 0.05938 0.0375
5 0.13906 0.16875 0.07187 0.0375
5 0.14062 0.14375 0.04375 0.025
5 0.22031 0.01094 0.05938 0.02188
53 0.37969 0.04844 0.16563 0.09688
53 0.13594 0.17031 0.19688 0.14062
53 0.0125 0.27656 0.025 0.10312
53 0.23281 0.8875 0.40938 0.225
48 0.65938 0.59844 0.19375 0.12188
48 0.75625 0.66562 0.25 0.15625
48 0.98594 0.65 0.02812 0.13125
48 0.96719 0.52656 0.06563 0.11562
