5 0.00312 0.00781 0.00625 0.01562
9 0.10781 0.07344 0.07187 0.04062
48 0.18125 0.4 0.3625 0.43125
48 0.38906 0.69062 0.76562 0.475
5 0.07656 0.88906 0.06562 0.04063
5 0.09844 0.90312 0.06562 0.04375
48 0.36562 0.93125 0.0875 0.05625
48 0.40312 0.96094 0.08125 0.04688
48 0.30625 0.96562 0.075 0.05
48 0.34062 0.98125 0.075 0.0375
5 0.67031 0.86562 0.07188 0.05
5 0.61719 0.80938 0.08438 0.05
5 0.88437 0.66562 0.05625 0.05
5 0.90781 0.575 0.05312 0.025
48 0.99531 0.71406 0.00938 0.05938
48 0.94531 0.78281 0.07187 0.05937
48 0.89219 0.80781 0.10938 0.07188
48 0.82812 0.82344 0.05 0.04063
48 0.52656 0.97969 0.09063 0.04063
48 0.59375 0.98281 0.0625 0.03438
48 0.61406 0.95938 0.06562 0.04375
48 0.64531 0.93594 0.06562 0.03438
48 0.68438 0.92031 0.06875 0.04063
48 0.73125 0.375 0.10625 0.0625
48 0.66406 0.3 0.12187 0.06875
48 0.61094 0.2375 0.10938 0.05625
48 0.56563 0.18125 0.0875 0.05625
5 0.46562 0.20156 0.0375 0.02813
48 0.4625 0.06875 0.2 0.1375
