8 0.12969 0.43594 0.04062 0.02813
8 0.16562 0.4375 0.05 0.03125
5 0.0125 0.45781 0.025 0.03437
5 0.26094 0.33281 0.03438 0.05938
9 0.89062 0.55781 0.075 0.02813
48 0.78906 0.11875 0.22812 0.2375
48 0.53906 0.34844 0.16562 0.07188
48 0.21562 0.13125 0.43125 0.2625
48 0.49062 0.97344 0.11875 0.05312
48 0.30156 0.49844 0.20312 0.13438
48 0.48906 0.78438 0.09687 0.09375
48 0.18125 0.85156 0.3625 0.29688
48 0.2875 0.90625 0.1125 0.1875
48 0.47969 0.69375 0.07813 0.0875
48 0.58438 0.21406 0.14375 0.06563
48 0.48906 0.88125 0.07188 0.11875
48 0.04688 0.34844 0.09375 0.04063
48 0.59219 0.15937 0.13438 0.05
48 0.57344 0.27969 0.19062 0.09063
48 0.10469 0.52344 0.20938 0.13437
48 0.92812 0.77656 0.14375 0.44688
