48 0.30469 0.0375 0.60938 0.075
5 0.23438 0.99688 0.05625 0.00625
5 0.03125 0.93281 0.0625 0.04063
48 0.42344 0.61875 0.22188 0.2125
48 0.88438 0.63594 0.23125 0.30938
48 0.93281 0.74688 0.13438 0.1625
48 0.74531 0.83125 0.50938 0.3375
5 0.49844 0.97031 0.05937 0.03438
5 0.55312 0.98906 0.0625 0.02187
5 0.84844 0.69219 0.05938 0.04063
5 0.80312 0.66719 0.03125 0.05312
5 0.75937 0.63125 0.0375 0.05625
5 0.72031 0.64531 0.04063 0.05312
5 0.7 0.61562 0.04375 0.04375
5 0.65781 0.65938 0.05312 0.04375
5 0.63594 0.61719 0.05312 0.04688
5 0.55156 0.63438 0.05312 0.04375
5 0.3875 0.83906 0.05625 0.02813
5 0.82344 0.35312 0.04063 0.04375
48 0.54531 0.5375 0.09062 0.05625
