48 0.99531 0.04219 0.00938 0.08438
48 0.86875 0.07031 0.2625 0.14062
48 0.93125 0.37656 0.075 0.13437
48 0.11875 0.39844 0.2375 0.26562
48 0.02969 0.17812 0.05938 0.28125
48 0.34844 0.09219 0.24688 0.18438
48 0.525 0.08438 0.2125 0.16875
48 0.10469 0.67031 0.20938 0.20937
5 0.39375 0.53594 0.05625 0.02813
5 0.51094 0.51406 0.05938 0.02812
5 0.52656 0.54844 0.05938 0.02187
5 0.66562 0.50313 0.05625 0.025
48 0.84844 0.36406 0.15313 0.17188
6 0.25313 0.99062 0.04375 0.01875
5 0.24375 0.94687 0.04375 0.05625
10 0.25 0.89219 0.04375 0.05312
5 0.24688 0.79688 0.03125 0.05
5 0.1625 0.75469 0.03125 0.04688
5 0.19219 0.725 0.03438 0.04375
5 0.25781 0.72188 0.02812 0.04375
5 0.25156 0.64688 0.04688 0.05
48 0.79531 0.77812 0.40938 0.44375
5 0.68594 0.17031 0.04688 0.01562
5 0.55469 0.19375 0.04688 0.0125
5 0.35469 0.21562 0.05312 0.01875
5 0.33125 0.26875 0.0375 0.0375
5 0.25156 0.34844 0.03437 0.04688
5 0.25156 0.31094 0.02813 0.04062
5 0.25156 0.40312 0.02813 0.04375
5 0.77969 0.15781 0.04688 0.01562
5 0.95 0.13906 0.0625 0.02188
5 0.12031 0.00469 0.03438 0.00938
5 0.20625 0.07656 0.0375 0.05312
48 0.52656 0.35312 0.47187 0.2875
5 0.00938 0.01094 0.01875 0.02188
5 0.90781 0.18281 0.06563 0.02188
48 0.975 0.35625 0.05 0.16875
48 0.08906 0.92344 0.17812 0.15312
48 0.14688 0.12969 0.20625 0.24062
48 0.99531 0.19219 0.00938 0.20938
