48 0.02812 0.19688 0.05625 0.1
48 0.07031 0.4625 0.14062 0.15
48 0.07187 0.35156 0.14375 0.09062
48 0.10625 0.96406 0.1125 0.05938
48 0.32188 0.82031 0.1625 0.20938
48 0.47031 0.8125 0.15938 0.2125
48 0.58438 0.77969 0.1125 0.15938
48 0.72188 0.775 0.125 0.15
48 0.88125 0.76719 0.1125 0.14062
48 0.08281 0.98281 0.10312 0.03438
48 0.14687 0.99688 0.0375 0.00625
48 0.51562 0.94219 0.0625 0.04063
48 0.19219 0.77031 0.10312 0.10938
48 0.975 0.3375 0.05 0.075
48 0.48594 0.42656 0.10938 0.07188
48 0.56094 0.44844 0.04688 0.07812
48 0.57969 0.57656 0.07188 0.04063
48 0.96562 0.17969 0.06875 0.05312
48 0.20781 0.42812 0.12812 0.06875
48 0.35469 0.41094 0.07812 0.04688
48 0.09531 0.2 0.08438 0.09375
48 0.10469 0.5625 0.03438 0.06875
48 0.6125 0.17969 0.0375 0.04063
48 0.64062 0.44688 0.0875 0.1
48 0.37031 0.34531 0.12812 0.12188
48 0.20781 0.5375 0.12187 0.15
48 0.86406 0.95938 0.15937 0.08125
48 0.87344 0.56563 0.13438 0.1375
48 0.075 0.11562 0.125 0.075
48 0.6375 0.00625 0.14375 0.0125
48 0.23438 0.94375 0.13125 0.1125
48 0.6 0.97969 0.2125 0.04063
48 0.39375 0.96875 0.125 0.0625
48 0.98281 0.48125 0.03438 0.20625
48 0.31406 0.20937 0.13437 0.18125
48 0.75 0.54531 0.10625 0.09062
48 0.60625 0.36094 0.14375 0.04062
48 0.29844 0.9625 0.05938 0.075
48 0.74375 0.43906 0.11875 0.10312
48 0.47656 0.33906 0.12813 0.09063
48 0.77969 0.00781 0.12187 0.01562
48 0.87344 0.23906 0.12187 0.16563
48 0.7625 0.20781 0.04375 0.10938
48 0.87188 0.41562 0.15625 0.16875
48 0.2125 0.19531 0.13125 0.14062
