48 0.4125 0.75625 0.14375 0.1125
48 0.28906 0.38281 0.30937 0.34062
48 0.25781 0.1625 0.04688 0.0375
48 0.76094 0.76094 0.05312 0.15937
48 0.42031 0.09062 0.14062 0.10625
48 0.2625 0.05156 0.04375 0.02813
48 0.6375 0.09531 0.1125 0.12188
48 0.70625 0.09844 0.1 0.12187
48 0.81875 0.09687 0.10625 0.125
48 0.88594 0.09844 0.07188 0.12812
48 0.94062 0.09687 0.09375 0.125
48 0.98125 0.09844 0.0375 0.12812
48 0.91562 0.22656 0.05 0.04063
48 0.19844 0.75469 0.22812 0.11562
48 0.04219 0.77031 0.08438 0.05938
48 0.13125 0.425 0.2625 0.425
48 0.24688 0.87344 0.1875 0.14062
48 0.95625 0.75625 0.0875 0.16875
48 0.60781 0.75625 0.08437 0.125
48 0.325 0.10312 0.075 0.075
48 0.49375 0.88281 0.15625 0.15938
48 0.04375 0.99531 0.0875 0.00938
48 0.90938 0.7625 0.08125 0.15625
48 0.85781 0.7875 0.07812 0.08125
48 0.63125 0.89688 0.09375 0.15
48 0.05 0.875 0.1 0.10625
48 0.66562 0.74844 0.06875 0.14062
48 0.00781 0.9875 0.01562 0.025
48 0.7125 0.75625 0.05625 0.14375
