5 0.02344 0.02344 0.02812 0.04688
5 0.22188 0.0125 0.05 0.025
48 0.28594 0.00156 0.07188 0.00312
15 0.4625 0.0125 0.0875 0.025
15 0.52812 0.03438 0.1 0.06875
5 0.37187 0.08438 0.05 0.04375
5 0.45469 0.08125 0.04688 0.0375
12 0.50625 0.1 0.04375 0.05
14 0.55781 0.03281 0.06562 0.06562
5 0.61094 0.0375 0.04688 0.0375
14 0.64219 0.1 0.04688 0.04375
10 0.60156 0.15625 0.05313 0.06875
10 0.62813 0.1625 0.05625 0.075
10 0.65312 0.18125 0.06875 0.06875
10 0.69062 0.20156 0.06875 0.06562
10 0.73438 0.19531 0.08125 0.09063
8 0.69219 0.12812 0.05312 0.05625
5 0.66406 0.12031 0.04688 0.04687
10 0.89844 0.15625 0.06563 0.06875
10 0.77031 0.09844 0.06562 0.06562
10 0.79062 0.12031 0.0625 0.07812
5 0.84531 0.14688 0.04063 0.04375
10 0.92656 0.17188 0.05938 0.05625
10 0.85469 0.2125 0.06562 0.05
10 0.89062 0.22188 0.06875 0.0625
10 0.92969 0.23125 0.07187 0.0625
10 0.95938 0.25 0.05625 0.05
5 0.97812 0.27344 0.04375 0.05312
10 0.91875 0.30938 0.06875 0.06875
14 0.88906 0.29219 0.05937 0.07188
14 0.85625 0.27812 0.0625 0.0625
10 0.8125 0.26562 0.0625 0.0625
5 0.99375 0.34531 0.0125 0.04688
11 0.99688 0.54219 0.00625 0.04688
5 0.96719 0.56875 0.03438 0.04375
10 0.9 0.47656 0.06875 0.05937
10 0.87812 0.46875 0.05 0.05
10 0.84844 0.45625 0.05312 0.05
10 0.81562 0.4375 0.05 0.05
10 0.77969 0.49531 0.05937 0.05938
10 0.81719 0.50313 0.05938 0.05625
10 0.83438 0.525 0.05625 0.0625
10 0.86406 0.53594 0.05312 0.05938
10 0.9875 0.86875 0.025 0.05
12 0.85312 0.81406 0.08125 0.03438
12 0.84688 0.84531 0.08125 0.04063
12 0.81406 0.87344 0.07188 0.03438
12 0.75469 0.78125 0.05938 0.05625
10 0.59375 0.80313 0.05625 0.06875
10 0.63438 0.81719 0.075 0.07812
11 0.69219 0.80469 0.10313 0.10312
12 0.70312 0.84844 0.05625 0.05938
44 0.66719 0.89531 0.10313 0.05312
10 0.81094 0.91094 0.10938 0.05312
11 0.79531 0.94219 0.12813 0.07188
12 0.74844 0.95469 0.07188 0.04063
10 0.73906 0.97812 0.10313 0.04375
13 0.89844 0.97344 0.09688 0.04688
11 0.93594 0.95 0.12187 0.05625
10 0.9625 0.92344 0.075 0.04688
12 0.97969 0.88906 0.04063 0.03438
10 0.62813 0.28906 0.075 0.04688
5 0.53906 0.25 0.04688 0.03125
5 0.49219 0.22656 0.05313 0.03437
5 0.58125 0.20312 0.05625 0.03125
5 0.35781 0.17656 0.04688 0.02188
10 0.31563 0.21875 0.075 0.075
10 0.27812 0.20937 0.0875 0.0875
10 0.24062 0.18281 0.06875 0.06563
5 0.3625 0.25938 0.0375 0.0375
5 0.34219 0.20625 0.07187 0.0375
5 0.05156 0.21406 0.04688 0.04688
5 0.13438 0.21406 0.05 0.04688
5 0.10781 0.25781 0.03438 0.04688
5 0.74531 0.31094 0.06562 0.04062
5 0.73438 0.33906 0.05625 0.04063
10 0.58281 0.32969 0.06562 0.08438
10 0.54062 0.2875 0.04375 0.05
11 0.29219 0.32031 0.08437 0.08437
10 0.25 0.30312 0.075 0.06875
11 0.04531 0.09844 0.07188 0.07187
10 0.00312 0.50625 0.00625 0.09375
10 0.0125 0.53438 0.025 0.075
10 0.02812 0.54531 0.05625 0.07188
10 0.06094 0.56094 0.05312 0.07812
10 0.09531 0.56875 0.06562 0.075
10 0.12812 0.58906 0.075 0.08437
5 0.21406 0.51875 0.04062 0.0375
5 0.27031 0.54375 0.04688 0.05
10 0.22031 0.61094 0.09063 0.07812
5 0.36094 0.58594 0.04062 0.04062
5 0.31875 0.62969 0.0625 0.02813
5 0.26094 0.66406 0.05312 0.03438
10 0.4 0.61562 0.08125 0.08125
10 0.35 0.6875 0.075 0.0875
12 0.30469 0.68438 0.05937 0.05625
10 0.02031 0.69062 0.04062 0.05625
10 0.03281 0.70312 0.05938 0.05625
5 0.06094 0.71875 0.04062 0.0375
10 0.09375 0.73438 0.05625 0.0625
10 0.12656 0.74375 0.05313 0.05625
10 0.14844 0.75781 0.04688 0.05313
10 0.05 0.78438 0.05 0.04375
10 0.01094 0.76875 0.02188 0.05625
10 0.12969 0.89219 0.04688 0.05312
11 0.24688 0.83281 0.08125 0.09063
10 0.225 0.80625 0.05625 0.05625
11 0.43125 0.90781 0.08125 0.08437
5 0.36406 0.8625 0.04688 0.04375
5 0.34531 0.89844 0.04062 0.04062
12 0.32969 0.84844 0.05938 0.05312
12 0.3 0.83125 0.05625 0.05
5 0.28438 0.89219 0.05 0.02812
10 0.28594 0.95938 0.05938 0.0625
5 0.37031 0.93594 0.02813 0.04063
5 0.48438 0.96094 0.0375 0.04062
5 0.41875 0.96406 0.04375 0.03437
11 0.47344 0.99375 0.08437 0.0125
10 0.35781 0.97812 0.07812 0.04375
10 0.17656 0.91719 0.06563 0.06562
5 0.60312 0.98438 0.04375 0.03125
10 0.56719 0.96406 0.05312 0.06562
10 0.42188 0.72188 0.08125 0.1
10 0.48438 0.64375 0.08125 0.08125
10 0.44531 0.6375 0.09062 0.08125
5 0.54062 0.70781 0.05 0.04063
5 0.63125 0.72188 0.03125 0.0375
5 0.68125 0.74063 0.05 0.0375
48 0.48281 0.42031 0.96562 0.68438
48 0.29219 0.8 0.58438 0.4
5 0.36406 0.77656 0.06562 0.04063
5 0.37187 0.29219 0.04375 0.05312
9 0.33281 0.34375 0.06562 0.075
9 0.46406 0.34688 0.05938 0.06875
9 0.5375 0.34688 0.04375 0.05
9 0.50781 0.38594 0.04062 0.04688
9 0.45312 0.40156 0.05625 0.06562
9 0.50625 0.44219 0.0375 0.04688
9 0.48125 0.42969 0.04375 0.04688
9 0.54375 0.3875 0.05 0.0625
5 0.18594 0.14688 0.04688 0.05
5 0.12969 0.14687 0.04062 0.05625
5 0.41094 0.05 0.04063 0.05
48 0.70469 0.00938 0.18437 0.01875
48 0.82031 0.03125 0.15938 0.0625
48 0.92188 0.05312 0.15625 0.10625
48 0.98125 0.09062 0.0375 0.1375
5 0.00781 0.40469 0.01562 0.04688
9 0.05156 0.44688 0.04688 0.06875
5 0.72031 0.3625 0.05312 0.0375
9 0.79531 0.23281 0.06563 0.08438
5 0.23594 0.03281 0.04688 0.04062
9 0.01562 0.07969 0.03125 0.07812
9 0.0875 0.11406 0.05625 0.05313
