48 0.0375 0.15625 0.075 0.15
5 0.25156 0.43906 0.03437 0.02188
48 0.64844 0.15781 0.04062 0.05938
48 0.60156 0.15313 0.06563 0.08125
48 0.54688 0.12812 0.05 0.03125
48 0.52344 0.16875 0.09688 0.0875
48 0.47188 0.15625 0.03125 0.05
48 0.43281 0.15625 0.07812 0.0875
48 0.37031 0.1375 0.08437 0.09375
48 0.11562 0.29844 0.23125 0.23438
48 0.08906 0.49688 0.17812 0.24375
48 0.09062 0.67188 0.18125 0.21875
53 0.71562 0.96875 0.56875 0.0625
5 0.28906 0.97969 0.04063 0.02187
5 0.28594 0.99531 0.03437 0.00938
5 0.34219 0.94531 0.03437 0.02188
53 0.29219 0.94531 0.23438 0.10938
5 0.82187 0.00625 0.0375 0.0125
5 0.35 0.925 0.03125 0.025
5 0.29375 0.9625 0.04375 0.025
48 0.31094 0.74219 0.34062 0.29688
48 0.85781 0.49844 0.28438 0.29688
48 0.90469 0.22188 0.09062 0.125
5 0.68906 0.40625 0.04688 0.03125
5 0.67188 0.50313 0.05 0.03125
10 0.50156 0.74844 0.07812 0.05312
13 0.55156 0.42188 0.09687 0.2125
48 0.78594 0.13594 0.04688 0.06563
5 0.30312 0.94219 0.0375 0.01562
48 0.87969 0.79062 0.24062 0.41875
48 0.82969 0.20625 0.09688 0.1125
5 0.275 0.30469 0.04375 0.02812
10 0.36719 0.59219 0.03438 0.05937
5 0.99844 0.14687 0.00313 0.025
5 0.26406 0.3625 0.04687 0.025
5 0.26406 0.34219 0.04687 0.02813
5 0.81406 0.05469 0.02187 0.02813
11 0.60469 0.46562 0.07188 0.2
48 0.95938 0.21562 0.08125 0.15625
48 0.7875 0.08125 0.05625 0.0625
5 0.32812 0.99844 0.05 0.00313
5 0.26875 0.325 0.04375 0.025
5 0.33438 0.96406 0.04375 0.02187
13 0.60625 0.99062 0.0375 0.01875
5 0.68281 0.44375 0.04688 0.03125
5 0.67812 0.46406 0.05 0.02813
5 0.88438 0.07344 0.04375 0.04062
13 0.47031 0.97969 0.05938 0.04063
5 0.28438 0.2875 0.05 0.03125
48 0.09219 0.88281 0.18438 0.23438
48 0.84375 0.025 0.2 0.05
5 0.85469 0.0375 0.03437 0.0375
10 0.5 0.71562 0.08125 0.04375
10 0.34062 0.58125 0.0375 0.075
10 0.41719 0.59219 0.04688 0.07812
5 0.42969 0.10938 0.05312 0.03125
5 0.66406 0.52031 0.04688 0.02813
5 0.25156 0.46094 0.04688 0.03438
5 0.25781 0.37969 0.04688 0.02813
10 0.28906 0.56875 0.04688 0.08125
8 0.675 0.92031 0.05 0.03438
5 0.33125 0.9875 0.05 0.0125
48 0.32969 0.02969 0.48438 0.05938
5 0.65625 0.54062 0.05 0.03125
13 0.73125 0.72656 0.08125 0.16562
48 0.70625 0.17969 0.08125 0.10938
11 0.67656 0.275 0.08437 0.04375
13 0.9625 0.33594 0.075 0.05937
5 0.69375 0.38281 0.05625 0.02812
10 0.49219 0.77031 0.07812 0.05312
