48 0.52344 0.53906 0.08438 0.09688
48 0.875 0.49062 0.06875 0.16875
48 0.89375 0.39375 0.0875 0.075
48 0.79062 0.59688 0.10625 0.1375
48 0.82969 0.21406 0.10938 0.12188
48 0.54688 0.34688 0.125 0.0625
48 0.38125 0.1375 0.1625 0.075
48 0.66094 0.05625 0.10938 0.0625
48 0.82812 0.02188 0.125 0.04375
48 0.09688 0.69531 0.1625 0.13437
48 0.64219 0.5625 0.11562 0.1125
48 0.38281 0.06094 0.12187 0.07187
48 0.9875 0.55625 0.025 0.16875
48 0.38125 0.00625 0.15625 0.0125
48 0.64219 0.44219 0.11562 0.10938
48 0.67031 0.14531 0.14687 0.14688
48 0.54062 0.28281 0.125 0.06562
48 0.55937 0.96094 0.13125 0.07812
48 0.34062 0.52344 0.1625 0.13437
