48 0.33438 0.95938 0.0875 0.05625
48 0.07344 0.49219 0.07812 0.10938
48 0.14219 0.37813 0.10938 0.10625
48 0.01094 0.35469 0.02188 0.12188
48 0.23281 0.85781 0.14688 0.08437
48 0.14219 0.97656 0.22812 0.04688
48 0.48906 0.83594 0.07812 0.07812
48 0.8875 0.93281 0.1125 0.13438
48 0.76562 0.88438 0.10625 0.09375
6 0.575 0.6625 0.03125 0.05
5 0.77344 0.79062 0.04062 0.01875
5 0.85781 0.81094 0.03438 0.02187
48 0.425 0.15313 0.11875 0.13125
48 0.375 0.27344 0.05 0.04063
48 0.39688 0.2875 0.21875 0.16875
48 0.19688 0.57969 0.13125 0.10313
48 0.67969 0.01094 0.07187 0.02188
48 0.9625 0.58906 0.075 0.12188
48 0.97812 0.34688 0.04375 0.0625
48 0.51094 0.57969 0.15313 0.12187
5 0.50781 0.15937 0.04062 0.0375
48 0.8875 0.10625 0.075 0.06875
48 0.7875 0.07031 0.05625 0.05313
48 0.95469 0.29531 0.05312 0.05938
48 0.98906 0.12656 0.02187 0.17812
48 0.79844 0.12969 0.07812 0.06562
48 0.975 0.73125 0.05 0.10625
48 0.71094 0.87656 0.06563 0.07812
48 0.52656 0.97344 0.09687 0.05312
48 0.99844 0.95312 0.00313 0.09375
48 0.37969 0.98125 0.17188 0.0375
48 0.3875 0.88437 0.15 0.13125
48 0.40938 0.77656 0.1125 0.09687
48 0.60469 0.83438 0.13438 0.1375
48 0.60156 0.94687 0.15312 0.1
48 0.7125 0.95625 0.13125 0.0875
48 0.67031 0.66719 0.18437 0.19688
48 0.8 0.7 0.1 0.16875
48 0.90625 0.7 0.11875 0.15
48 0.55312 0.43125 0.1125 0.09375
48 0.6875 0.4625 0.16875 0.10625
48 0.67031 0.54688 0.15938 0.09375
48 0.34531 0.53281 0.18438 0.25937
48 0.18281 0.1125 0.20937 0.225
48 0.04375 0.07187 0.0875 0.14375
48 0.11875 0.3 0.1875 0.06875
48 0.33438 0.08906 0.125 0.06562
48 0.50938 0.0375 0.20625 0.075
48 0.33906 0.00781 0.14062 0.01562
48 0.85312 0.89688 0.04375 0.05625
48 0.8375 0.94062 0.05 0.05
48 0.96406 0.87031 0.07188 0.07188
48 0.89531 0.80781 0.20937 0.10938
48 0.97969 0.78125 0.04063 0.05
48 0.80469 0.55937 0.12813 0.13125
5 0.92656 0.85312 0.02187 0.025
48 0.97656 0.51719 0.04688 0.06563
48 0.88281 0.59062 0.05313 0.0375
48 0.89375 0.54844 0.0625 0.05312
48 0.925 0.39531 0.0875 0.16563
48 0.86094 0.37812 0.07188 0.15625
5 0.52031 0.50469 0.02187 0.02813
9 0.23438 0.66875 0.04375 0.025
9 0.01094 0.59844 0.02188 0.02187
5 0.79688 0.70156 0.0375 0.04688
48 0.175 0.00156 0.2125 0.00312
48 0.96875 0.14375 0.04375 0.06875
48 0.80625 0.01406 0.025 0.02812
48 0.91094 0.04062 0.05938 0.0625
48 0.75781 0.11875 0.04062 0.0625
48 0.71562 0.08438 0.05625 0.05
48 0.66094 0.23906 0.12812 0.06562
48 0.75156 0.19531 0.10938 0.07188
48 0.64219 0.15469 0.12187 0.05938
48 0.99062 0.27969 0.01875 0.09063
48 0.87344 0.25781 0.12813 0.09688
48 0.9625 0.25156 0.05 0.04688
5 0.13281 0.60938 0.05312 0.03125
