48 0.00938 0.44375 0.01875 0.3125
5 0.17188 0.06719 0.05 0.04062
5 0.32031 0.16562 0.04063 0.03125
5 0.37656 0.26875 0.04688 0.0375
5 0.44375 0.32344 0.05 0.03437
48 0.0125 0.90625 0.025 0.1875
5 0.00156 0.83438 0.00312 0.04375
5 0.01875 0.86094 0.0375 0.02812
5 0.07656 0.97969 0.04062 0.03437
48 0.10938 0.98438 0.21875 0.03125
5 0.08906 0.85781 0.04688 0.03438
5 0.12812 0.89375 0.05 0.0375
5 0.10469 0.88125 0.04062 0.025
5 0.16719 0.91719 0.05313 0.03437
48 0.14844 0.43906 0.18438 0.12188
48 0.07812 0.56875 0.15625 0.2625
48 0.14062 0.66562 0.28125 0.2375
48 0.32969 0.50625 0.30938 0.225
48 0.38594 0.68906 0.55938 0.40938
5 0.27187 0.9875 0.04375 0.025
5 0.2875 0.99531 0.05 0.00938
48 0.40469 0.87031 0.36562 0.25938
5 0.63906 0.79062 0.04688 0.0375
5 0.77344 0.70156 0.05937 0.04063
48 0.60156 0.70781 0.32187 0.23438
5 0.65156 0.48438 0.04688 0.0375
5 0.62187 0.46719 0.05 0.04062
5 0.57969 0.41875 0.04688 0.0375
8 0.48281 0.41406 0.07188 0.05312
5 0.5875 0.33906 0.04375 0.02813
5 0.6125 0.35 0.05 0.0375
5 0.64688 0.39219 0.05625 0.04062
5 0.66875 0.41094 0.04375 0.03437
5 0.79062 0.49531 0.05 0.04063
5 0.8625 0.56406 0.05 0.04063
48 0.78594 0.26094 0.42812 0.34062
48 0.89844 0.38281 0.20312 0.29062
48 0.92812 0.05781 0.14375 0.11562
5 0.97344 0.90312 0.05312 0.0375
48 0.80312 0.95469 0.1875 0.09062
48 0.65312 0.99688 0.2875 0.00625
48 0.89219 0.97344 0.21562 0.05312
53 0.12344 0.88594 0.12812 0.10938
