48 0.88125 0.11094 0.2375 0.13438
48 0.38438 0.95781 0.3 0.08437
5 0.56094 0.64531 0.02187 0.03437
5 0.52344 0.77344 0.02188 0.04062
5 0.50938 0.89219 0.03125 0.02187
5 0.50781 0.92031 0.03438 0.02187
5 0.56094 0.72031 0.04688 0.02812
5 0.06094 0.59375 0.04062 0.01875
5 0.07344 0.51875 0.04688 0.01875
5 0.17969 0.54219 0.02813 0.04688
9 0.12969 0.48281 0.11562 0.04063
5 0.01406 0.47656 0.02812 0.02187
5 0.45625 0.54531 0.05 0.02187
5 0.4125 0.39688 0.05625 0.01875
5 0.48281 0.43437 0.05313 0.01875
5 0.69219 0.46875 0.05312 0.01875
8 0.91562 0.36094 0.04375 0.02188
5 0.88125 0.40312 0.03125 0.03125
8 0.93125 0.39531 0.05625 0.02813
48 0.10781 0.79688 0.21562 0.40625
48 0.34688 0.74531 0.25625 0.40313
48 0.13281 0.98281 0.22813 0.03438
48 0.98281 0.9875 0.03438 0.025
48 0.675 0.66094 0.175 0.25938
48 0.84531 0.55781 0.24687 0.15937
48 0.85781 0.64219 0.24062 0.12187
48 0.9875 0.52344 0.025 0.19063
48 0.99688 0.72344 0.00625 0.21563
48 0.70469 0.84531 0.12187 0.11562
48 0.98438 0.66719 0.03125 0.05938
48 0.87969 0.76562 0.24062 0.20625
8 0.68906 0.43125 0.05312 0.03125
48 0.62813 0.15469 0.1375 0.10938
48 0.18594 0.29844 0.37188 0.14688
