48 0.125 0.31406 0.25 0.39062
48 0.57031 0.09844 0.37813 0.19688
48 0.79062 0.2375 0.1375 0.175
48 0.82656 0.39531 0.13438 0.17812
48 0.46562 0.78281 0.2875 0.22188
48 0.69688 0.59219 0.14375 0.12813
48 0.62344 0.60781 0.06563 0.08437
48 0.63281 0.44531 0.12187 0.10313
48 0.57656 0.3125 0.17188 0.2375
48 0.48906 0.32344 0.19062 0.27812
48 0.27812 0.12656 0.55625 0.25312
48 0.16094 0.53281 0.32188 0.27812
9 0.33906 0.99375 0.10938 0.0125
9 0.4625 0.97344 0.1 0.05312
9 0.27656 0.98125 0.10312 0.0375
9 0.25938 0.9625 0.10625 0.075
48 0.32969 0.75156 0.15313 0.12813
