48 0.04531 0.91406 0.09062 0.12187
48 0.86406 0.88125 0.14062 0.19375
48 0.88906 0.64531 0.22188 0.17188
5 0.58125 0.20156 0.03125 0.05313
48 0.21875 0.34531 0.1 0.12812
48 0.90156 0.15781 0.15313 0.14062
5 0.59375 0.34844 0.03125 0.05938
48 0.4375 0.89688 0.25 0.13125
48 0.31406 0.03281 0.17188 0.06562
48 0.99844 0.74063 0.00313 0.15
48 0.77031 0.75938 0.16563 0.2375
48 0.74531 0.57812 0.17188 0.175
48 0.40625 0.40781 0.1375 0.10312
48 0.32031 0.45156 0.05937 0.03437
48 0.14375 0.45625 0.075 0.04375
48 0.0125 0.00469 0.025 0.00938
48 0.14375 0.89688 0.13125 0.20625
48 0.275 0.90625 0.1 0.1625
48 0.22969 0.79688 0.09063 0.05
48 0.72188 0.95312 0.1 0.09375
48 0.96406 0.44844 0.07188 0.09687
48 0.95 0.01562 0.1 0.03125
9 0.65781 0.36719 0.11562 0.04688
48 0.86562 0.57656 0.1375 0.12813
48 0.29375 0.73438 0.13125 0.1375
48 0.12344 0.55781 0.05938 0.13438
48 0.90312 0.31406 0.16875 0.10938
5 0.08281 0.07344 0.03438 0.05938
48 0.7875 0.46562 0.2 0.125
48 0.00469 0.97812 0.00938 0.04375
48 0.78281 0.4 0.14062 0.075
48 0.80156 0.29531 0.09687 0.17813
48 0.96875 0.33281 0.0625 0.13438
48 0.07031 0.02031 0.14062 0.04062
48 0.9375 0.05781 0.125 0.11562
48 0.31719 0.55937 0.08437 0.2
