48 0.725 0.92031 0.075 0.05937
48 0.78281 0.84062 0.17812 0.13125
51 0.35781 0.77188 0.71562 0.45625
48 0.98594 0.6875 0.02812 0.10625
48 0.97969 0.59688 0.04063 0.05
48 0.5875 0.50313 0.1 0.05
48 0.93906 0.45156 0.12187 0.27812
5 0.79531 0.43906 0.06563 0.04688
5 0.70938 0.37812 0.06875 0.025
5 0.83281 0.40781 0.02813 0.03437
5 0.79688 0.24531 0.06875 0.02813
5 0.9 0.29375 0.05 0.05625
48 0.82656 0.12813 0.21562 0.175
48 0.97188 0.22344 0.05625 0.12812
48 0.7875 0.025 0.3625 0.05
5 0.07656 0.28281 0.07812 0.03437
5 0.09375 0.2375 0.075 0.0375
5 0.09531 0.20469 0.06562 0.03437
48 0.0625 0.02188 0.125 0.04375
