48 0.19375 0.21094 0.05 0.09688
48 0.48438 0.55312 0.04375 0.125
48 0.15 0.99062 0.125 0.01875
48 0.67656 0.52656 0.05938 0.11562
48 0.73438 0.15937 0.10625 0.0625
48 0.31094 0.35312 0.15937 0.075
48 0.93281 0.31719 0.13438 0.14062
48 0.4375 0.54531 0.08125 0.12812
48 0.61875 0.43906 0.1125 0.05938
48 0.34844 0.59844 0.09687 0.08437
48 0.79688 0.53594 0.175 0.07188
48 0.60938 0.53281 0.0875 0.11562
48 0.01406 0.74531 0.02812 0.06562
48 0.675 0.01406 0.0625 0.02812
48 0.01875 0.96406 0.0375 0.07188
48 0.45469 0.3125 0.07812 0.125
48 0.70469 0.65 0.10313 0.10625
48 0.99844 0.8375 0.00313 0.08125
48 0.39844 0.36406 0.10938 0.22813
48 0.41406 0.72969 0.10313 0.05938
48 0.43437 0.62031 0.075 0.07188
48 0.76875 0.29688 0.0875 0.09375
48 0.44531 0.95312 0.05937 0.09375
48 0.33594 0.1625 0.12813 0.175
48 0.70625 0.81719 0.0625 0.06562
48 0.0375 0.68906 0.075 0.12813
48 0.59531 0.31094 0.19687 0.15313
48 0.88594 0.97812 0.09687 0.04375
48 0.10625 0.01406 0.05625 0.02812
48 0.9625 0.45469 0.075 0.04688
48 0.21719 0.99062 0.05938 0.01875
48 0.28594 0.22969 0.10938 0.05938
48 0.21406 0.92344 0.09063 0.09062
48 0.95781 0.14375 0.05938 0.075
48 0.0375 0.99531 0.075 0.00938
48 0.54688 0.51094 0.09375 0.06562
48 0.26719 0.01094 0.06562 0.02188
48 0.80781 0.60156 0.11562 0.07187
48 0.3375 0.53281 0.0875 0.05937
48 0.05312 0.80312 0.10625 0.1375
48 0.8625 0.92031 0.05625 0.05312
48 0.98906 0.01406 0.02187 0.02812
47 0.96719 0.91562 0.06563 0.04375
47 0.5125 0.71406 0.0625 0.07188
46 0.32188 0.00781 0.0875 0.01562
46 0.23125 0.06719 0.0625 0.04688
46 0.89375 0.09844 0.0625 0.08438
