48 0.09688 0.74844 0.19375 0.50313
48 0.16875 0.37812 0.3375 0.75625
10 0.40312 0.6875 0.05625 0.10625
5 0.32969 0.50781 0.04688 0.04062
5 0.33906 0.48281 0.04688 0.03437
5 0.36094 0.43906 0.04688 0.03437
5 0.36719 0.41875 0.04063 0.025
5 0.39062 0.37031 0.04375 0.03437
5 0.48594 0.30312 0.03438 0.0375
10 0.4 0.29063 0.0875 0.06875
10 0.41094 0.25469 0.08437 0.06562
10 0.43125 0.13594 0.10625 0.06563
10 0.45781 0.10312 0.10937 0.06875
10 0.55781 0.04062 0.03437 0.05625
10 0.54062 0.15469 0.04375 0.05938
5 0.61875 0.025 0.03125 0.0375
48 0.48594 0.06719 0.97188 0.13438
48 0.32344 0.95625 0.14687 0.0875
