8 0.9125 0.66719 0.05625 0.02187
8 0.99531 0.90781 0.00938 0.04063
5 0.91875 0.82656 0.025 0.04063
11 0.29844 0.65312 0.19687 0.075
5 0.99531 0.53438 0.00938 0.03125
14 0.55156 0.65469 0.09687 0.05312
48 0.62031 0.51094 0.18438 0.22187
5 0.97031 0.53438 0.04688 0.025
14 0.69375 0.66719 0.1625 0.05312
5 0.89531 0.7125 0.04063 0.025
48 0.08281 0.79688 0.16562 0.40625
48 0.84844 0.84062 0.10313 0.11875
5 0.96406 0.82969 0.02187 0.04063
48 0.29688 0.90312 0.59375 0.19375
5 0.94062 0.83125 0.03125 0.04375
8 0.98594 0.83125 0.02187 0.0375
48 0.93906 0.45 0.12187 0.1
11 0.95938 0.71094 0.08125 0.04062
5 0.94375 0.90938 0.025 0.0375
5 0.96719 0.90938 0.02187 0.0375
