48 0.74219 0.98594 0.14062 0.02812
48 0.02969 0.99219 0.05938 0.01562
48 0.05312 0.96406 0.10625 0.07188
48 0.07344 0.9375 0.14688 0.125
48 0.11406 0.86094 0.19062 0.19688
48 0.18906 0.775 0.18438 0.1625
48 0.24844 0.68281 0.20312 0.19688
48 0.19062 0.98125 0.1625 0.0375
48 0.50313 0.95156 0.1625 0.09688
48 0.41719 0.98125 0.05312 0.0375
48 0.5 0.87812 0.08125 0.05625
48 0.53125 0.84844 0.11875 0.07812
48 0.49375 0.675 0.15 0.1
48 0.42344 0.79219 0.29062 0.19062
48 0.37031 0.91719 0.17188 0.13438
48 0.3375 0.9625 0.16875 0.075
48 0.07187 0.45469 0.14375 0.31563
48 0.26406 0.26094 0.14062 0.13438
48 0.1 0.25469 0.2 0.19688
48 0.31406 0.08281 0.17812 0.14062
48 0.99062 0.00938 0.01875 0.01875
48 0.97656 0.07187 0.04688 0.14375
48 0.94062 0.04219 0.10625 0.08438
48 0.875 0.01875 0.1 0.0375
48 0.79219 0.00938 0.11562 0.01875
48 0.69844 0.54844 0.21563 0.22812
48 0.8 0.62187 0.175 0.21875
48 0.76875 0.43438 0.15 0.13125
48 0.875 0.50625 0.14375 0.14375
48 0.81094 0.35469 0.15312 0.14062
48 0.91406 0.4125 0.12813 0.13125
48 0.94531 0.35 0.10938 0.13125
48 0.85625 0.27812 0.15 0.11875
48 0.95625 0.25781 0.0875 0.11562
48 0.90781 0.21719 0.10313 0.10937
48 0.86094 0.17969 0.10313 0.12188
48 0.53594 0.45625 0.15937 0.1875
48 0.45625 0.39531 0.2375 0.22188
48 0.63281 0.36719 0.13437 0.12813
48 0.51875 0.29531 0.23125 0.16562
48 0.57656 0.21875 0.21562 0.1625
48 0.66719 0.29063 0.14062 0.11875
48 0.71094 0.21406 0.15938 0.15313
48 0.60469 0.13125 0.15313 0.1375
48 0.75156 0.13125 0.15938 0.14375
48 0.65938 0.075 0.18125 0.15
5 0.4 0.22344 0.04375 0.04062
5 0.87344 0.6875 0.02812 0.01875
5 0.96562 0.84062 0.025 0.03125
5 0.59531 0.6625 0.03438 0.025
5 0.61875 0.87812 0.0375 0.025
48 0.87031 0.99375 0.15937 0.0125
48 0.00469 0.69062 0.00938 0.16875
48 0.08906 0.04062 0.17812 0.08125
