48 0.29219 0.00156 0.24688 0.00312
48 0.46094 0.40625 0.10312 0.14375
48 0.57031 0.17188 0.17188 0.20625
48 0.55469 0.35469 0.15312 0.15937
48 0.50156 0.07344 0.17812 0.14688
48 0.85781 0.40938 0.27187 0.29375
48 0.65781 0.40781 0.24062 0.29062
5 0.73438 0.05156 0.0375 0.04062
48 0.46094 0.78125 0.17188 0.15625
48 0.25938 0.725 0.23125 0.2125
48 0.36094 0.9875 0.28438 0.025
48 0.18594 0.1875 0.15313 0.16875
48 0.38906 0.17812 0.15937 0.13125
48 0.37031 0.31094 0.16563 0.16562
48 0.71875 0.20156 0.15 0.17813
48 0.0375 0.99688 0.075 0.00625
48 0.26562 0.9625 0.21875 0.075
48 0.16875 0.93281 0.2375 0.13438
48 0.27812 0.94062 0.0875 0.0625
48 0.09688 0.97812 0.0875 0.04375
48 0.13594 0.94062 0.10937 0.10625
48 0.16406 0.84219 0.14687 0.15938
48 0.05156 0.96562 0.09062 0.06875
48 0.12031 0.71562 0.12813 0.125
48 0.52812 0.875 0.1375 0.16875
48 0.55781 0.90781 0.22813 0.18437
48 0.67969 0.90156 0.10312 0.08437
48 0.40625 0.02969 0.175 0.05938
5 0.86094 0.0125 0.04688 0.025
