5 0.28594 0.88125 0.04688 0.05
5 0.32656 0.87812 0.04688 0.05625
5 0.35625 0.87031 0.025 0.03437
5 0.38438 0.85938 0.04375 0.05625
5 0.24375 0.76719 0.04375 0.04688
5 0.25938 0.75156 0.0375 0.04688
5 0.42969 0.79531 0.04063 0.03438
5 0.41875 0.78125 0.05625 0.0375
5 0.40781 0.75625 0.05313 0.03125
5 0.39688 0.49062 0.0375 0.04375
5 0.23281 0.41406 0.03437 0.04063
5 0.27812 0.35781 0.0375 0.04062
5 0.18125 0.3375 0.04375 0.04375
5 0.16875 0.20156 0.0375 0.03437
5 0.43906 0.09531 0.05313 0.02187
5 0.42969 0.07031 0.04688 0.02188
5 0.39062 0.02969 0.05 0.02188
5 0.37969 0.01094 0.04688 0.02188
8 0.0875 0.05156 0.05 0.04688
48 0.05156 0.27969 0.10312 0.22812
48 0.06406 0.4 0.12812 0.10625
48 0.00469 0.61563 0.00938 0.11875
48 0.04375 0.69687 0.0875 0.1625
48 0.18281 0.66562 0.07187 0.075
48 0.27031 0.63906 0.09687 0.07812
48 0.18594 0.55937 0.25312 0.1625
48 0.025 0.49062 0.05 0.08125
48 0.05 0.55781 0.0625 0.06562
48 0.39219 0.33125 0.32812 0.1875
48 0.64844 0.14531 0.27812 0.15937
48 0.76719 0.28438 0.29063 0.18125
48 0.875 0.45 0.20625 0.1
48 0.92344 0.02969 0.15312 0.05938
48 0.98594 0.01719 0.02812 0.03438
48 0.43125 0.9375 0.29375 0.125
48 0.15781 0.96562 0.27812 0.06875
48 0.99688 0.93281 0.00625 0.13438
5 0.94219 0.11875 0.04688 0.025
5 0.99531 0.36719 0.00938 0.03438
56 0.86094 0.6 0.27812 0.2125
5 0.92812 0.13594 0.05 0.04062
48 0.25937 0.12969 0.36875 0.25938
48 0.75312 0.85781 0.1625 0.15938
