48 0.44219 0.63594 0.20937 0.32188
48 0.65 0.96094 0.075 0.07812
48 0.9125 0.60938 0.10625 0.075
48 0.24844 0.71562 0.14062 0.125
48 0.975 0.93438 0.05 0.10625
48 0.43906 0.98281 0.14062 0.03438
48 0.41094 0.89688 0.12188 0.13125
48 0.37969 0.79062 0.06562 0.06875
48 0.225 0.17656 0.10625 0.11562
48 0.69062 0.68281 0.125 0.07812
48 0.59375 0.96562 0.0625 0.06875
5 0.19375 0.43594 0.0625 0.03437
48 0.8125 0.87812 0.0875 0.05625
48 0.78125 0.475 0.125 0.10625
48 0.11094 0.64531 0.08438 0.07188
48 0.40156 0.12344 0.13438 0.13438
48 0.84062 0.78594 0.09375 0.10313
48 0.56719 0.65469 0.10938 0.12813
48 0.92031 0.94688 0.10313 0.10625
48 0.14688 0.89219 0.2125 0.14062
48 0.29844 0.09844 0.07812 0.11562
48 0.58594 0.76562 0.11563 0.08125
48 0.78125 0.6 0.125 0.1375
48 0.83125 0.95469 0.09375 0.09062
48 0.75156 0.95156 0.12813 0.09688
48 0.46562 0.02188 0.10625 0.04375
8 0.85156 0.32812 0.05313 0.03125
48 0.99375 0.99531 0.0125 0.00938
48 0.19844 0.01406 0.11562 0.02812
48 0.92656 0.75937 0.10938 0.225
48 0.11875 0.375 0.11875 0.08125
48 0.60469 0.10938 0.15313 0.13125
48 0.38281 0.2625 0.07188 0.13125
48 0.29063 0.0125 0.075 0.025
48 0.29063 0.9125 0.0875 0.10625
48 0.1625 0.10156 0.14375 0.14062
