48 0.63594 0.10312 0.16563 0.08125
48 0.03906 0.39844 0.07812 0.07188
48 0.04375 0.47656 0.0875 0.07187
48 0.02656 0.52969 0.05312 0.06562
48 0.01562 0.59688 0.03125 0.075
48 0.1125 0.62344 0.15 0.07812
48 0.08438 0.68438 0.14375 0.08125
48 0.0125 0.6625 0.025 0.09375
48 0.14062 0.55469 0.175 0.11563
48 0.175 0.44844 0.13125 0.09063
48 0.19219 0.35 0.14062 0.075
48 0.10781 0.10938 0.21562 0.21875
48 0.25 0.16875 0.11875 0.0875
48 0.1375 0.02344 0.275 0.04688
48 0.24062 0.03125 0.19375 0.0625
5 0.72188 0.86094 0.0625 0.02812
9 0.22344 0.82812 0.06562 0.05
48 0.18125 0.90156 0.19375 0.16563
48 0.39531 0.92031 0.15937 0.14062
48 0.40469 0.98906 0.12812 0.02187
48 0.00156 0.89375 0.00312 0.1
5 0.95312 0.3 0.05 0.025
5 0.88125 0.16562 0.05625 0.03125
5 0.80156 0.22031 0.02813 0.04062
5 0.82188 0.31094 0.03125 0.04062
48 0.08281 0.31406 0.11562 0.10312
48 0.61406 0.95469 0.10313 0.09062
48 0.72969 0.9625 0.17812 0.075
48 0.88125 0.98594 0.175 0.02812
48 0.98438 0.99375 0.03125 0.0125
5 0.96562 0.94844 0.05 0.02813
5 0.63437 0.56875 0.025 0.04375
48 0.03594 0.825 0.07187 0.10625
5 0.19062 0.7375 0.04375 0.0375
48 0.75469 0.3625 0.12812 0.14375
48 0.85781 0.39531 0.11562 0.10938
48 0.96406 0.21562 0.07188 0.09375
48 0.88438 0.03594 0.125 0.07187
48 0.9875 0.10156 0.025 0.09687
48 0.96719 0.425 0.06563 0.10625
48 0.9625 0.525 0.075 0.1125
48 0.94531 0.64688 0.10938 0.1
48 0.73281 0.47656 0.11562 0.08438
48 0.85312 0.475 0.13125 0.08125
48 0.82969 0.54531 0.10938 0.06563
48 0.71719 0.54531 0.11562 0.07188
48 0.82812 0.62344 0.10625 0.09062
48 0.725 0.62031 0.09375 0.09687
48 0.54219 0.58438 0.11562 0.08125
48 0.61406 0.30312 0.12188 0.1125
48 0.47969 0.27969 0.14687 0.10312
48 0.43125 0.50156 0.175 0.11562
48 0.45312 0.3875 0.16875 0.11875
48 0.59688 0.38281 0.1125 0.08437
48 0.5625 0.50156 0.1 0.10312
48 0.52188 0.70781 0.1125 0.09063
48 0.50469 0.7875 0.11562 0.08125
48 0.40625 0.71406 0.10625 0.08437
48 0.38594 0.65312 0.20312 0.0875
48 0.35312 0.76094 0.1875 0.09687
48 0.88906 0.84688 0.09062 0.1
48 0.6375 0.79375 0.1 0.09375
48 0.82656 0.76406 0.09688 0.08437
48 0.91875 0.78438 0.11875 0.08125
48 0.96094 0.81562 0.07812 0.1125
48 0.74688 0.78438 0.08125 0.10625
48 0.6625 0.68438 0.09375 0.10625
48 0.75625 0.69531 0.09375 0.09688
48 0.84062 0.69531 0.075 0.08438
48 0.94219 0.71562 0.11562 0.0875
48 0.70781 0.03125 0.12188 0.0625
48 0.58906 0.04375 0.12188 0.0875
