5 0.99219 0.00156 0.01562 0.00312
11 0.67344 0.56563 0.12813 0.0375
11 0.67031 0.60156 0.12813 0.03438
11 0.66719 0.69531 0.12188 0.03438
11 0.50469 0.63281 0.17187 0.02812
11 0.62187 0.80625 0.04375 0.18125
11 0.48125 0.69531 0.18125 0.03438
11 0.475 0.75781 0.2 0.03438
11 0.30469 0.9625 0.04688 0.075
11 0.4875 0.99688 0.20625 0.00625
11 0.48594 0.89219 0.17188 0.06563
11 0.50625 0.94375 0.1625 0.08125
11 0.4625 0.9625 0.18125 0.075
11 0.19062 0.97969 0.0625 0.04063
11 0.14375 0.95938 0.0625 0.08125
14 0.02031 0.94688 0.04062 0.10625
11 0.02344 0.75938 0.04688 0.075
11 0.01562 0.54375 0.03125 0.18125
11 0.06094 0.55 0.04688 0.175
11 0.1 0.54531 0.05 0.19688
11 0.14844 0.55 0.04688 0.19375
11 0.19844 0.57031 0.05313 0.19063
11 0.2375 0.58906 0.0625 0.17812
11 0.27969 0.60156 0.04688 0.15312
11 0.32344 0.60156 0.05938 0.17813
11 0.37812 0.59844 0.0625 0.17188
9 0.05625 0.95312 0.0375 0.09375
48 0.91094 0.15156 0.17812 0.14688
9 0.97188 0.02812 0.05625 0.04375
5 0.00312 0.08438 0.00625 0.05625
48 0.44219 0.125 0.74688 0.25
