48 0.93125 0.17812 0.0875 0.06875
48 0.68438 0.78125 0.3625 0.25625
48 0.99844 0.84219 0.00313 0.17188
48 0.59531 0.69219 0.05312 0.07188
48 0.87656 0.42031 0.24687 0.24687
5 0.71094 0.59844 0.04688 0.03437
5 0.70312 0.61406 0.04375 0.03437
48 0.87188 0.89688 0.16875 0.20625
48 0.97969 0.95312 0.04063 0.0625
48 0.92031 0.975 0.07812 0.05
48 0.96719 0.98438 0.06563 0.03125
48 0.96562 0.88438 0.0625 0.05
5 0.73125 0.67344 0.04375 0.05312
48 0.675 0.64688 0.09375 0.075
48 0.99375 0.90938 0.0125 0.05
48 0.91719 0.225 0.11562 0.1
48 0.98438 0.24062 0.03125 0.10625
5 0.78438 0.70938 0.03125 0.0625
5 0.75469 0.54062 0.04063 0.08125
48 0.72344 0.9 0.19688 0.15625
5 0.77031 0.67656 0.06562 0.05938
48 0.94062 0.92969 0.0625 0.05313
