48 0.78125 0.00156 0.4375 0.00312
48 0.77969 0.16094 0.44063 0.32188
48 0.08125 0.44219 0.1625 0.27813
48 0.06094 0.64531 0.12188 0.20937
11 0.00469 0.10469 0.00938 0.06563
5 0.00469 0.07344 0.00938 0.04688
5 0.22969 0.13125 0.07187 0.05
5 0.25938 0.19062 0.075 0.05
5 0.14531 0.26562 0.07187 0.04375
5 0.29688 0.31094 0.075 0.04688
5 0.52031 0.30312 0.06562 0.0375
5 0.22344 0.55 0.08438 0.0375
5 0.33125 0.57188 0.075 0.05
5 0.29063 0.58281 0.0625 0.04688
5 0.25312 0.59688 0.05 0.0375
5 0.22188 0.6125 0.075 0.05
5 0.20156 0.63594 0.05938 0.04688
9 0.4125 0.53594 0.14375 0.05312
5 0.5125 0.35938 0.06875 0.05625
5 0.38281 0.40938 0.07188 0.04375
5 0.47031 0.46094 0.05938 0.04063
5 0.50781 0.44063 0.05937 0.05
5 0.79375 0.475 0.06875 0.04375
5 0.63125 0.51875 0.075 0.04375
5 0.59688 0.54062 0.0625 0.05
5 0.77188 0.59688 0.05625 0.04375
5 0.92812 0.6 0.0625 0.05625
9 0.55625 0.64531 0.1125 0.07188
5 0.74844 0.63125 0.05937 0.0375
5 0.85469 0.66094 0.06562 0.04688
5 0.85312 0.7 0.0625 0.0375
9 0.97188 0.68906 0.05625 0.05937
5 0.95 0.76562 0.06875 0.05
5 0.90156 0.85469 0.09063 0.04063
53 0.26562 0.58594 0.20625 0.14062
53 0.99844 0.0375 0.00313 0.075
