28 0.03281 0.43906 0.02812 0.07812
28 0.09688 0.40625 0.05625 0.08125
28 0.11875 0.40781 0.0375 0.07187
30 0.18906 0.40781 0.07812 0.15313
28 0.15937 0.4 0.04375 0.0625
28 0.17969 0.45469 0.02813 0.06562
28 0.23438 0.34688 0.04375 0.1
28 0.26406 0.34062 0.04062 0.125
28 0.42188 0.16562 0.0875 0.09375
28 0.4375 0.19375 0.1 0.06875
28 0.44062 0.22031 0.09375 0.09063
28 0.63125 0.32188 0.08125 0.10625
28 0.60781 0.24062 0.10313 0.09375
28 0.64688 0.30156 0.10625 0.09063
28 0.675 0.28281 0.09375 0.09687
28 0.68594 0.26094 0.07812 0.09063
28 0.72969 0.28281 0.07188 0.10312
28 0.74219 0.26406 0.07187 0.10312
28 0.74219 0.01094 0.10312 0.02188
28 0.78438 0.02344 0.0875 0.04688
28 0.76719 0.09375 0.07812 0.09375
