48 0.25781 0.75312 0.33438 0.16875
48 0.27812 0.0375 0.19375 0.075
48 0.34375 0.05312 0.125 0.10625
48 0.42656 0.00625 0.14687 0.0125
48 0.49219 0.0125 0.12187 0.025
5 0.29063 0.42188 0.05625 0.05
5 0.38594 0.31563 0.03437 0.05
5 0.6 0.4625 0.05 0.04375
5 0.12188 0.54688 0.05625 0.04375
48 0.17969 0.33281 0.14062 0.10313
48 0.65625 0.3 0.13125 0.11875
48 0.76875 0.25938 0.2625 0.13125
48 0.89375 0.20625 0.16875 0.1375
48 0.95781 0.16719 0.08437 0.19688
48 0.92969 0.075 0.14062 0.125
48 0.73438 0.40156 0.11875 0.10313
48 0.86719 0.37812 0.14688 0.125
48 0.9875 0.48125 0.025 0.14375
48 0.94844 0.46875 0.10313 0.0875
48 0.95781 0.31563 0.08437 0.08125
48 0.05781 0.32344 0.11562 0.12812
48 0.02344 0.23906 0.04688 0.10313
48 0.01562 0.40938 0.03125 0.13125
48 0.27656 0.62344 0.16562 0.12813
48 0.41406 0.12188 0.17188 0.13125
48 0.46562 0.15313 0.125 0.09375
48 0.66562 0.77031 0.175 0.14687
5 0.87344 0.85156 0.04688 0.04062
48 0.77656 0.83594 0.15937 0.15312
48 0.45938 0.77188 0.18125 0.1625
48 0.91094 0.9125 0.12812 0.0875
48 0.96406 0.96719 0.07188 0.06563
48 0.65781 0.97656 0.11562 0.04688
48 0.75156 0.98125 0.11562 0.0375
48 0.87188 0.51719 0.15625 0.10312
48 0.13906 0.82812 0.15937 0.125
48 0.09063 0.44062 0.1125 0.09375
5 0.00469 0.05312 0.00938 0.04375
48 0.05625 0.95938 0.1125 0.08125
48 0.06562 0.88281 0.13125 0.12813
48 0.77812 0.17969 0.1125 0.09687
48 0.65938 0.99531 0.3 0.00938
48 0.02969 0.15313 0.05938 0.0625
48 0.11094 0.93906 0.09062 0.07188
48 0.53125 0.6 0.18125 0.125
48 0.47969 0.66406 0.10313 0.09688
48 0.3375 0.56875 0.14375 0.10625
48 0.41719 0.5125 0.21562 0.15
48 0.49062 0.05625 0.0875 0.06875
