48 0.99219 0.77188 0.01562 0.1125
48 0.95781 0.80625 0.08437 0.06875
48 0.97344 0.86563 0.05312 0.0875
48 0.97188 0.43906 0.05625 0.11563
48 0.97031 0.34531 0.05937 0.12188
48 0.90156 0.34062 0.11562 0.09375
48 0.75156 0.52969 0.10938 0.12812
48 0.70625 0.44375 0.0875 0.0875
48 0.66875 0.35156 0.075 0.11562
48 0.79844 0.43281 0.16563 0.10938
48 0.41719 0.35938 0.12188 0.1375
48 0.38438 0.06875 0.0875 0.075
48 0.29219 0.0625 0.04688 0.06875
48 0.25625 0.09687 0.04375 0.05
48 0.31406 0.13281 0.07187 0.06562
48 0.47031 0.07187 0.10938 0.14375
48 0.49844 0.00312 0.10938 0.00625
48 0.3875 0.00312 0.1125 0.00625
48 0.39844 0.025 0.12813 0.05
48 0.68438 0.10469 0.075 0.07812
48 0.76719 0.075 0.10313 0.08125
48 0.39062 0.22813 0.06875 0.06875
48 0.84844 0.125 0.11562 0.075
48 0.94062 0.25312 0.075 0.0875
48 0.975 0.22188 0.05 0.05625
48 0.94062 0.15781 0.04375 0.05313
48 0.77812 0.22656 0.0875 0.05937
48 0.30156 0.58438 0.04688 0.075
48 0.64375 0.03438 0.18125 0.06875
48 0.73906 0.32344 0.09687 0.09063
