48 0.10625 0.99844 0.08125 0.00313
48 0.7 0.97031 0.2875 0.05937
48 0.2 0.925 0.2625 0.15
48 0.00312 0.89844 0.00625 0.20312
5 0.04219 0.10938 0.03437 0.01875
5 0.08281 0.64375 0.03438 0.03125
5 0.10312 0.63125 0.0375 0.03125
5 0.12031 0.62031 0.03438 0.02187
5 0.18281 0.05 0.02812 0.04375
5 0.22031 0.03281 0.03437 0.05312
5 0.27969 0.83594 0.02813 0.03438
5 0.22969 0.74531 0.03438 0.04063
48 0.92344 0.47969 0.15312 0.19688
48 0.57656 0.61719 0.48438 0.27188
48 0.49844 0.15313 0.18437 0.15
48 0.4875 0.07031 0.16875 0.14062
48 0.35312 0.11094 0.18125 0.13438
48 0.37813 0.21875 0.20625 0.16875
48 0.16094 0.18906 0.27812 0.19687
48 0.20312 0.29063 0.25 0.19375
48 0.22812 0.46406 0.2 0.24062
48 0.34688 0.40625 0.2125 0.25
48 0.45469 0.3625 0.22188 0.2375
48 0.56094 0.31094 0.24687 0.25312
5 0.60469 0.43281 0.05938 0.04063
5 0.3 0.88125 0.0375 0.05
5 0.35 0.98125 0.05 0.0375
48 0.1125 0.80156 0.225 0.23438
48 0.06719 0.0625 0.13438 0.125
48 0.12969 0.02969 0.25938 0.05938
48 0.225 0.00781 0.26875 0.01562
5 0.07656 0.09062 0.04688 0.03125
5 0.37969 0.05313 0.04688 0.03125
5 0.33438 0.06562 0.05 0.03125
5 0.14688 0.12656 0.05 0.02812
48 0.94219 0.16406 0.11562 0.20312
48 0.94219 0.05781 0.11562 0.11562
5 0.00469 0.24844 0.00938 0.04687
5 0.01562 0.29063 0.03125 0.05625
5 0.03281 0.33281 0.04062 0.05312
48 0.05938 0.53125 0.11875 0.26875
5 0.07031 0.41406 0.03437 0.04063
5 0.10469 0.47969 0.04062 0.05312
5 0.14531 0.57031 0.04688 0.05937
5 0.11719 0.52031 0.04063 0.04687
48 0.7375 0.17188 0.3875 0.34375
48 0.66875 0.79062 0.33125 0.24375
