48 0.22031 0.06562 0.07187 0.06875
48 0.95312 0.47188 0.09375 0.10625
48 0.96875 0.56406 0.0625 0.10938
48 0.90469 0.7625 0.19063 0.1875
48 0.77031 0.86406 0.24062 0.12188
48 0.98125 0.38281 0.0375 0.15938
48 0.91562 0.37969 0.15625 0.14062
48 0.53906 0.24531 0.14062 0.09688
48 0.50313 0.50313 0.2625 0.2125
48 0.30312 0.37812 0.1 0.0625
48 0.26875 0.42656 0.175 0.14062
48 0.26875 0.51406 0.11875 0.09687
48 0.00469 0.36406 0.00938 0.07812
48 0.025 0.31562 0.05 0.0625
48 0.03906 0.375 0.05938 0.0625
48 0.08125 0.36875 0.0375 0.0625
48 0.01406 0.43125 0.02812 0.06875
48 0.10938 0.38594 0.03125 0.06562
48 0.12969 0.43281 0.04688 0.04063
48 0.14688 0.39062 0.04375 0.05
48 0.03125 0.40156 0.05 0.03437
48 0.06875 0.42812 0.0375 0.06875
48 0.08906 0.45 0.02188 0.0375
48 0.03125 0.50938 0.0625 0.09375
48 0.08281 0.49531 0.05312 0.07813
48 0.04531 0.56094 0.08438 0.05937
48 0.88125 0.47188 0.08125 0.05625
48 0.75781 0.53906 0.24687 0.15312
48 0.23594 0.67656 0.16562 0.13438
48 0.39219 0.70938 0.07812 0.13125
48 0.59062 0.66719 0.11875 0.07188
48 0.475 0.70625 0.1 0.16875
48 0.50313 0.81719 0.125 0.05938
48 0.56406 0.86875 0.14062 0.125
48 0.60938 0.79219 0.06875 0.06562
48 0.6625 0.74375 0.175 0.09375
48 0.78281 0.75625 0.07812 0.06875
48 0.79531 0.70156 0.06563 0.05312
48 0.73281 0.96562 0.18437 0.06875
10 0.82031 0.67031 0.04062 0.01562
48 0.01094 0.12812 0.02188 0.18125
48 0.38281 0.84844 0.11562 0.20312
48 0.0875 0.66875 0.06875 0.05
48 0.17969 0.84062 0.09063 0.06875
48 0.50781 0.975 0.05937 0.04375
48 0.03906 0.96875 0.03438 0.03125
5 0.77812 0.03438 0.05 0.03125
5 0.71719 0.00469 0.05312 0.00938
48 0.11562 0.80938 0.04375 0.06875
48 0.16094 0.92656 0.10312 0.14687
5 0.89062 0.09531 0.05 0.04063
48 0.29688 0.84062 0.05 0.05625
48 0.55469 0.1375 0.13437 0.125
48 0.29375 0.79062 0.06875 0.05625
5 0.80625 0.02969 0.0375 0.04062
5 0.97344 0.09844 0.04063 0.02812
48 0.05781 0.9 0.06562 0.075
48 0.20625 0.78438 0.11875 0.05
5 0.98125 0.13594 0.0375 0.04062
48 0.46875 0.88125 0.0875 0.075
48 0.10469 0.86562 0.03438 0.05
48 0.26875 0.90938 0.11875 0.125
