5 0.30312 0.02344 0.05625 0.04688
5 0.19688 0.03125 0.06875 0.05625
5 0.16562 0.15781 0.04375 0.05938
5 0.94688 0.39062 0.05 0.04375
5 0.8625 0.375 0.04375 0.0375
5 0.16875 0.58906 0.04375 0.04688
5 0.21094 0.53906 0.04063 0.04062
5 0.29063 0.43906 0.04375 0.04688
5 0.25938 0.4875 0.04375 0.05
9 0.28906 0.50156 0.05312 0.05938
5 0.32656 0.5 0.04688 0.05
5 0.37188 0.44531 0.0375 0.04063
5 0.34062 0.42656 0.04375 0.04063
5 0.42031 0.39219 0.04688 0.04062
5 0.37031 0.34531 0.04688 0.04688
5 0.24531 0.55156 0.04062 0.04063
5 0.19062 0.61094 0.0375 0.04688
5 0.98906 0.42969 0.02187 0.04063
5 0.97812 0.375 0.04375 0.0375
5 0.97656 0.33125 0.04688 0.0375
5 0.925 0.33281 0.04375 0.04063
5 0.89688 0.35 0.05 0.0375
5 0.89531 0.27187 0.05312 0.05
5 0.87344 0.29688 0.04688 0.0375
6 0.84375 0.3125 0.04375 0.04375
5 0.79375 0.35625 0.04375 0.0375
5 0.72969 0.3125 0.04688 0.05
5 0.67031 0.26719 0.04688 0.04062
5 0.69688 0.25469 0.04375 0.04063
5 0.71719 0.225 0.04688 0.04375
5 0.75469 0.21094 0.04688 0.04063
5 0.77344 0.18281 0.04062 0.04062
5 0.79219 0.15781 0.04063 0.04062
5 0.83281 0.22656 0.04688 0.04063
5 0.8375 0.19531 0.04375 0.04063
5 0.78594 0.27031 0.05938 0.05313
6 0.79844 0.32656 0.05312 0.04688
5 0.80469 0.24375 0.04688 0.04375
5 0.74531 0.2875 0.05938 0.04375
