48 0.86562 0.64062 0.1125 0.125
48 0.68594 0.57031 0.17188 0.14062
48 0.60781 0.39062 0.10313 0.09375
48 0.5 0.07812 0.21875 0.15625
48 0.92188 0.0875 0.15625 0.175
48 0.01094 0.05312 0.02188 0.10625
48 0.56406 0.96406 0.18438 0.07188
48 0.25469 0.10312 0.21562 0.19375
48 0.025 0.73281 0.05 0.13438
48 0.68906 0.72656 0.15938 0.14688
48 0.51406 0.42031 0.11563 0.11563
48 0.48594 0.32031 0.10938 0.10938
48 0.81719 0.90938 0.10313 0.13125
48 0.05469 0.60156 0.10938 0.12813
48 0.04844 0.44688 0.09688 0.125
48 0.43437 0.39219 0.10625 0.13437
48 0.38125 0.34531 0.11875 0.10938
48 0.00781 0.50625 0.01562 0.0875
48 0.55 0.61875 0.15 0.15
48 0.97969 0.56094 0.04063 0.08437
48 0.0625 0.03125 0.125 0.0625
48 0.54062 0.49062 0.08125 0.1
48 0.20781 0.26094 0.17188 0.17812
48 0.48281 0.00938 0.07812 0.01875
48 0.57969 0.00625 0.10313 0.0125
48 0.27344 0.84062 0.14687 0.15
48 0.89219 0.8625 0.13438 0.15
48 0.55156 0.34531 0.10313 0.08438
48 0.37344 0.45938 0.17188 0.125
48 0.31563 0.18281 0.16875 0.13438
48 0.23125 0.72344 0.1625 0.21563
48 0.62813 0.11875 0.21875 0.1625
48 0.98281 0.26562 0.03438 0.1375
48 0.90781 0.39375 0.18437 0.1625
48 0.96719 0.00156 0.05312 0.00312
48 0.04219 0.93125 0.08438 0.0875
48 0.76719 0.82188 0.20937 0.20625
48 0.575 0.54688 0.10625 0.09375
48 0.31094 0.42188 0.10312 0.1125
48 0.84062 0.14375 0.06875 0.06875
48 0.77656 0.34844 0.10313 0.09063
48 0.35625 0.97344 0.15 0.05312
48 0.175 0.9125 0.08125 0.06875
48 0.13125 0.62031 0.14375 0.17188
48 0.67344 0.20625 0.22188 0.19375
48 0.30312 0.9375 0.1 0.125
48 0.65 0.47656 0.14375 0.14062
48 0.48594 0.9375 0.12188 0.125
48 0.12344 0.8375 0.14687 0.11875
48 0.96406 0.94062 0.07188 0.11875
48 0.38125 0.87656 0.14375 0.14062
48 0.91562 0.73906 0.125 0.13438
48 0.73281 0.65781 0.07812 0.07812
48 0.85469 0.01094 0.15937 0.02188
48 0.89688 0.12656 0.075 0.09687
48 0.62969 0.69844 0.15313 0.16563
48 0.97344 0.97969 0.05312 0.04063
48 0.63125 0.05469 0.30625 0.10938
48 0.23594 0.93594 0.08438 0.10313
48 0.57344 0.89062 0.10313 0.0875
48 0.475 0.82187 0.1 0.11875
48 0.15937 0.15313 0.1125 0.09375
48 0.83125 0.71875 0.1125 0.10625
48 0.8625 0.94375 0.1 0.1125
48 0.78594 0.05156 0.13438 0.09062
