48 0.1375 0.71406 0.20625 0.15313
48 0.24375 0.08906 0.15625 0.15938
48 0.36719 0.6875 0.10938 0.1
48 0.05781 0.43281 0.11562 0.09063
48 0.68281 0.84531 0.12188 0.13438
48 0.09844 0.59531 0.12187 0.11562
48 0.81406 0.6 0.19063 0.15
48 0.02812 0.97031 0.05625 0.05937
51 0.62031 0.20312 0.75938 0.40625
5 0.18438 0.22344 0.0375 0.02812
5 0.45469 0.49375 0.04062 0.04375
5 0.43438 0.51094 0.03125 0.02813
5 0.41406 0.51406 0.04063 0.03437
48 0.82344 0.75 0.27813 0.24375
5 0.07344 0.27187 0.02188 0.0375
5 0.19062 0.25 0.04375 0.01875
48 0.91406 0.97344 0.17188 0.05312
48 0.04688 0.79375 0.0875 0.05625
48 0.10781 0.94531 0.21562 0.10312
6 0.01719 0.00625 0.03438 0.0125
48 0.15781 0.78906 0.12188 0.08438
48 0.61094 0.61406 0.29688 0.20937
48 0.91406 0.62031 0.17188 0.15937
48 0.13281 0.52656 0.11562 0.07813
48 0.86562 0.92656 0.26875 0.14687
48 0.53906 0.99688 0.15938 0.00625
48 0.03281 0.50781 0.06562 0.11563
48 0.2 0.62813 0.09375 0.0875
48 0.47031 0.96094 0.23438 0.07812
48 0.48594 0.825 0.08437 0.14375
5 0.22656 0.27812 0.04063 0.03125
48 0.08438 0.86406 0.16875 0.05312
5 0.16094 0.18281 0.05937 0.02812
5 0.22031 0.26094 0.04062 0.02813
5 0.13438 0.15313 0.05 0.025
48 0.38125 0.82344 0.1125 0.17812
5 0.17344 0.21406 0.04062 0.02812
48 0.2125 0.01719 0.23125 0.03438
5 0.43906 0.64844 0.03437 0.04688
