48 0.88594 0.00156 0.19062 0.00312
48 0.05312 0.03281 0.10625 0.06562
48 0.29219 0.05625 0.17188 0.1125
48 0.15 0.07812 0.15 0.15625
48 0.12812 0.01875 0.1125 0.0375
48 0.75312 0.02344 0.2125 0.04688
48 0.42031 0.04531 0.19688 0.09062
48 0.21562 0.06094 0.1125 0.12188
48 0.28281 0.00156 0.12188 0.00312
48 0.01719 0.03438 0.03438 0.06875
5 0.41406 0.11406 0.07188 0.04062
5 0.47812 0.10156 0.075 0.04062
5 0.61719 0.22969 0.05313 0.04688
5 0.79688 0.93125 0.0375 0.05625
5 0.01875 0.79844 0.0375 0.04688
5 0.85938 0.08281 0.05625 0.02812
48 0.17031 0.60469 0.19688 0.24688
48 0.24531 0.43281 0.10938 0.12812
48 0.97031 0.47188 0.05937 0.13125
48 0.92812 0.38906 0.14375 0.14688
48 0.18438 0.33281 0.14375 0.15937
48 0.87656 0.29219 0.24062 0.14062
48 0.03594 0.40312 0.07187 0.1875
48 0.05312 0.50781 0.10625 0.09688
48 0.025 0.11719 0.05 0.14687
48 0.98281 0.27656 0.03438 0.09063
48 0.28906 0.50937 0.10313 0.13125
48 0.99062 0.42344 0.01875 0.14688
48 0.99531 0.10625 0.00938 0.1125
48 0.64531 0.79688 0.17188 0.175
48 0.67188 0.98438 0.2375 0.03125
48 0.02656 0.67813 0.05312 0.1
48 0.44063 0.85 0.125 0.125
48 0.9625 0.97656 0.075 0.04688
48 0.96406 0.35156 0.07188 0.12187
48 0.08438 0.62656 0.16875 0.23438
48 0.18594 0.44688 0.07187 0.10625
48 0.30156 0.30781 0.15937 0.18438
48 0.93281 0.81406 0.13438 0.16563
48 0.125 0.975 0.25 0.05
48 0.56563 0.48906 0.16875 0.14062
48 0.22812 0.87031 0.15 0.13438
48 0.97188 0.68906 0.05625 0.15312
48 0.54062 0.8125 0.13125 0.19375
48 0.36719 0.98906 0.15312 0.02187
48 0.47188 0.93906 0.1625 0.12187
48 0.59531 0.57187 0.14687 0.13125
48 0.46562 0.50625 0.10625 0.1
48 0.33438 0.43125 0.15625 0.18125
48 0.1125 0.89844 0.15 0.14062
48 0.05156 0.91719 0.10312 0.13438
48 0.11719 0.45625 0.11562 0.13125
48 0.33125 0.85938 0.15 0.14375
48 0.475 0.26094 0.2125 0.15938
48 0.56563 0.35625 0.13125 0.2
48 0.9625 0.93281 0.075 0.10313
48 0.83281 0.38438 0.15313 0.1625
48 0.85469 0.18438 0.23438 0.19375
48 0.31094 0.94531 0.17813 0.10938
48 0.38438 0.28594 0.10625 0.16563
48 0.07344 0.10938 0.10937 0.10625
48 0.47812 0.59219 0.1625 0.13438
48 0.39531 0.57812 0.12188 0.14375
48 0.04062 0.74219 0.08125 0.10938
48 0.45 0.41094 0.2375 0.15937
48 0.91875 0.72031 0.14375 0.13438
48 0.62031 0.92969 0.22813 0.14062
48 0.32969 0.61562 0.18438 0.1875
48 0.97969 0.15312 0.04063 0.20625
48 0.02188 0.60938 0.04375 0.13125
48 0.08281 0.35469 0.13438 0.13438
48 0.8875 0.50781 0.225 0.16562
5 0.80625 0.02344 0.04375 0.02812
5 0.80313 0.09531 0.05625 0.04063
5 0.47031 0.68438 0.05938 0.025
5 0.79688 0.97031 0.04375 0.05937
5 0.40625 0.18438 0.06875 0.05
5 0.0375 0.20469 0.0625 0.05938
5 0.86406 0.80625 0.05312 0.05
5 0.475 0.16094 0.05 0.04688
5 0.72188 0.22344 0.0375 0.06562
5 0.22812 0.74062 0.05625 0.03125
