48 0.8 0.02812 0.11875 0.05625
48 0.94219 0.10781 0.11562 0.21562
48 0.30625 0.01719 0.1 0.03438
48 0.61563 0.04219 0.11875 0.08438
48 0.8125 0.47812 0.1625 0.175
5 0.56563 0.26719 0.03125 0.05313
48 0.90781 0.54531 0.08437 0.07188
48 0.92969 0.47812 0.09688 0.06875
48 0.27344 0.08906 0.14062 0.15312
48 0.34375 0.17188 0.05 0.075
48 0.40156 0.12344 0.17188 0.15313
48 0.24844 0.27656 0.10937 0.09688
48 0.12031 0.33906 0.07187 0.08437
48 0.18438 0.50156 0.0625 0.07812
48 0.24844 0.975 0.09063 0.05
48 0.2625 0.92344 0.05 0.05937
