48 0.55781 0.62031 0.08437 0.04688
48 0.48438 0.60938 0.0625 0.0625
48 0.43437 0.59062 0.08125 0.0625
48 0.27656 0.65312 0.10938 0.0375
48 0.21406 0.3125 0.09688 0.05625
48 0.09375 0.2625 0.0625 0.0625
48 0.24844 0.37344 0.06562 0.04688
48 0.17031 0.36562 0.05313 0.05
48 0.04062 0.05156 0.0625 0.05312
48 0.16406 0.00625 0.07812 0.0125
48 0.37656 0.01562 0.08438 0.03125
48 0.40312 0.09531 0.09375 0.10312
48 0.37188 0.16719 0.18125 0.08438
48 0.28906 0.13125 0.07812 0.1
48 0.17969 0.11719 0.06562 0.05312
48 0.23125 0.17031 0.08125 0.09688
48 0.5375 0.01406 0.125 0.02812
48 0.08594 0.13906 0.11562 0.09063
48 0.13906 0.2625 0.09688 0.14375
48 0.07812 0.3375 0.15625 0.18125
48 0.02031 0.16875 0.04062 0.16875
48 0.00312 0.03906 0.00625 0.07812
48 0.09062 0.00625 0.16875 0.0125
48 0.05781 0.47812 0.06562 0.09375
48 0.19062 0.55 0.0875 0.21875
48 0.12031 0.55156 0.06563 0.13438
48 0.02344 0.46719 0.04688 0.10313
48 0.04688 0.18438 0.09375 0.09375
48 0.10312 0.05156 0.075 0.07812
48 0.30312 0.80625 0.10625 0.1125
5 0.95938 0.00781 0.04375 0.01562
5 0.59844 0.49375 0.02813 0.0375
5 0.63125 0.50938 0.025 0.03125
5 0.65156 0.5125 0.02187 0.03125
5 0.625 0.425 0.01875 0.0375
5 0.65 0.42969 0.025 0.03438
48 0.96562 0.71094 0.06875 0.12187
6 0.99844 0.02812 0.00313 0.05625
48 0.79062 0.10938 0.325 0.21875
48 0.94531 0.4125 0.10938 0.40625
48 0.66406 0.39219 0.40938 0.29062
48 0.67813 0.64375 0.05625 0.04375
48 0.125 0.83125 0.25 0.2
48 0.85469 0.89531 0.09063 0.07188
48 0.68906 0.69844 0.13438 0.07812
48 0.17656 0.04688 0.12812 0.09375
48 0.60938 0.66094 0.08125 0.09063
48 0.33906 0.24844 0.19688 0.09687
48 0.46719 0.67969 0.07812 0.06563
48 0.04375 0.57188 0.0875 0.1125
48 0.30938 0.0375 0.125 0.075
48 0.32344 0.36094 0.11562 0.17188
48 0.4875 0.06406 0.09375 0.08438
48 0.87812 0.9625 0.175 0.075
48 0.52812 0.7125 0.09375 0.1375
48 0.44219 0.74375 0.09063 0.06875
48 0.77812 0.81406 0.2375 0.20937
48 0.74062 0.66875 0.075 0.0625
48 0.19688 0.23125 0.06875 0.09375
48 0.97031 0.83438 0.05937 0.1125
48 0.70156 0.95 0.17188 0.1
48 0.28125 0.54219 0.15 0.19062
48 0.33438 0.10312 0.05625 0.0625
48 0.44063 0.025 0.08125 0.05
48 0.39375 0.64375 0.1 0.075
48 0.82969 0.65156 0.11562 0.10313
48 0.11094 0.43281 0.07188 0.06562
48 0.3375 0.72344 0.1375 0.07812
48 0.70625 0.60469 0.13125 0.07188
