5 0.28438 0.43438 0.025 0.0375
48 0.98281 0.97969 0.03438 0.04063
48 0.70625 0.89219 0.20625 0.21562
5 0.62344 0.87031 0.06563 0.04063
48 0.04219 0.10156 0.08438 0.20312
48 0.19688 0.47031 0.24375 0.20937
48 0.50781 0.39688 0.27188 0.175
5 0.42031 0.41875 0.05313 0.04375
5 0.63281 0.11875 0.04688 0.0625
48 0.47031 0.06406 0.22812 0.12812
48 0.32656 0.92188 0.21562 0.15625
48 0.96719 0.34219 0.06563 0.20312
48 0.28438 0.69219 0.20625 0.18438
5 0.56875 0.04375 0.06875 0.05625
48 0.01406 0.93438 0.02812 0.13125
48 0.77656 0.36406 0.20312 0.17188
5 0.58594 0.06562 0.06563 0.03125
