5 0.29844 0.2375 0.03437 0.025
4 0.89688 0.87344 0.05625 0.05312
48 0.91094 0.05625 0.17812 0.1125
48 0.21562 0.53906 0.075 0.07187
48 0.80469 0.97188 0.09688 0.05625
48 0.17656 0.35469 0.05313 0.04688
48 0.175 0.47188 0.05 0.05
48 0.68125 0.8125 0.05625 0.05625
48 0.20625 0.30469 0.09375 0.08437
48 0.25625 0.3375 0.09375 0.06875
48 0.17344 0.42969 0.04062 0.05312
48 0.19844 0.43906 0.04062 0.04688
48 0.65781 0.79375 0.05937 0.075
48 0.85781 0.99219 0.07812 0.01562
48 0.91562 0.76875 0.16875 0.225
48 0.23281 0.46875 0.05313 0.0375
48 0.51719 0.62813 0.09688 0.1
48 0.49219 0.78281 0.12187 0.09688
48 0.3125 0.42812 0.0625 0.08125
48 0.65625 0.10312 0.34375 0.20625
48 0.19219 0.51562 0.08438 0.0875
48 0.21562 0.89375 0.15 0.1875
48 0.7 0.96406 0.06875 0.05312
48 0.2 0.38906 0.05625 0.04688
48 0.4625 0.69531 0.13125 0.08438
48 0.64375 0.78438 0.0625 0.075
48 0.63125 0.76406 0.075 0.06563
48 0.44375 0.81406 0.09375 0.07188
48 0.45 0.59062 0.1 0.0875
48 0.35156 0.6625 0.07188 0.06875
48 0.34688 0.94844 0.2375 0.10313
48 0.57344 0.71562 0.09687 0.075
48 0.24375 0.38438 0.0625 0.05
48 0.36562 0.44063 0.05 0.04375
48 0.84062 0.43281 0.31875 0.32188
48 0.72656 0.84844 0.05313 0.05938
48 0.40938 0.65312 0.0625 0.0625
48 0.75781 0.92656 0.08438 0.05938
48 0.45156 0.64531 0.04062 0.04688
48 0.3375 0.475 0.05 0.06875
48 0.61094 0.74375 0.07812 0.06875
48 0.38281 0.62031 0.05937 0.04063
48 0.77031 0.96562 0.06562 0.05625
48 0.89844 0.13125 0.20312 0.2375
48 0.49531 0.60625 0.07188 0.075
48 0.36875 0.47656 0.0625 0.05937
48 0.69688 0.83438 0.04375 0.05625
48 0.28594 0.51719 0.07188 0.05938
48 0.39375 0.76406 0.125 0.12187
48 0.99688 0.94531 0.00625 0.10938
48 0.39062 0.53594 0.19375 0.16563
5 0.76406 0.86875 0.04063 0.03125
48 0.31562 0.39219 0.0875 0.05938
48 0.24531 0.42344 0.06563 0.06562
