48 0.42812 0.44219 0.24375 0.16563
5 0.41562 0.60469 0.04375 0.04063
5 0.39375 0.62969 0.05 0.04688
48 0.16875 0.58281 0.19375 0.13438
48 0.20312 0.77812 0.3375 0.20625
48 0.45938 0.72656 0.30625 0.16562
48 0.13594 0.33906 0.24062 0.15313
5 0.31719 0.30781 0.05312 0.04063
8 0.45 0.23281 0.06875 0.04062
5 0.50625 0.21875 0.0375 0.0375
5 0.5875 0.15625 0.06875 0.04375
5 0.64219 0.12656 0.06563 0.04688
48 0.33594 0.22656 0.12187 0.09688
48 0.42969 0.07656 0.29688 0.15313
47 0.81719 0.34219 0.10938 0.10938
5 0.98594 0.15937 0.02812 0.0375
48 0.90781 0.20312 0.18437 0.14375
48 0.99688 0.12188 0.00625 0.1625
48 0.98906 0.24531 0.02187 0.13438
48 0.69531 0.025 0.19687 0.05
48 0.98125 0.42812 0.0375 0.05
