48 0.08594 0.21406 0.17188 0.17812
48 0.48594 0.46094 0.20937 0.14062
5 0.77031 0.26875 0.04688 0.03125
5 0.22344 0.51875 0.04062 0.03125
48 0.70156 0.1875 0.20937 0.1
48 0.5875 0.3125 0.25 0.23125
48 0.26406 0.31562 0.11563 0.13125
48 0.34844 0.22031 0.27812 0.17188
48 0.00781 0.8125 0.01562 0.30625
48 0.02656 0.95781 0.05312 0.08437
48 0.77656 0.77969 0.21563 0.22188
48 0.84844 0.65469 0.25312 0.16563
5 0.75469 0.56406 0.04688 0.04688
5 0.93281 0.95625 0.03437 0.05
48 0.8875 0.96406 0.225 0.07188
48 0.93281 0.61875 0.13438 0.16875
48 0.975 0.30156 0.05 0.23438
