48 0.00469 0.87969 0.00938 0.10938
5 0.01719 0.97188 0.03438 0.05
48 0.0125 0.79688 0.025 0.09375
48 0.01719 0.70781 0.03438 0.10313
48 0.04844 0.59531 0.09688 0.14062
48 0.07187 0.25312 0.14375 0.11875
48 0.08125 0.15469 0.1625 0.12188
48 0.16094 0.11875 0.09062 0.05
48 0.12031 0.04688 0.19062 0.09375
48 0.19219 0.00156 0.12812 0.00312
48 0.99688 0.00312 0.00625 0.00625
48 0.97812 0.09375 0.04375 0.10625
48 0.94375 0.16406 0.1125 0.09687
48 0.99531 0.19531 0.00938 0.10938
48 0.93906 0.26406 0.12187 0.10312
48 0.98438 0.425 0.03125 0.0625
48 0.47344 0.08594 0.18438 0.11562
48 0.49375 0.19062 0.20625 0.13125
48 0.45625 0.01094 0.13125 0.02188
48 0.625 0.12969 0.11875 0.09688
48 0.69687 0.0625 0.18125 0.125
48 0.59375 0.00156 0.125 0.00312
48 0.67813 0.225 0.13125 0.1
48 0.75156 0.14844 0.19063 0.07812
48 0.82344 0.27344 0.14062 0.13438
48 0.43438 0.47188 0.16875 0.13125
48 0.46875 0.375 0.16875 0.1
5 0.26406 0.42656 0.05938 0.05938
5 0.25 0.47188 0.05625 0.04375
48 0.55 0.60156 0.10625 0.10938
48 0.3 0.56563 0.10625 0.0875
48 0.49531 0.31563 0.12812 0.05
9 0.66875 0.29531 0.1 0.04062
48 0.64375 0.40469 0.15625 0.11563
48 0.80625 0.35938 0.11875 0.1
48 0.31875 0.65781 0.1375 0.10938
48 0.4375 0.67031 0.14375 0.12813
48 0.45156 0.58438 0.11563 0.08125
48 0.70625 0.54375 0.2 0.0875
48 0.71562 0.60312 0.15625 0.075
48 0.6875 0.65 0.11875 0.06875
48 0.53281 0.78594 0.19687 0.15313
48 0.29219 0.775 0.14687 0.075
48 0.39688 0.85469 0.1125 0.11562
48 0.24688 0.84375 0.0875 0.08125
48 0.30156 0.85 0.08437 0.1
48 0.325 0.91562 0.075 0.0375
48 0.20469 0.99531 0.13437 0.00938
5 0.1 0.95781 0.05 0.04688
5 0.08906 0.99844 0.04688 0.00313
48 0.22656 0.95156 0.14687 0.09688
48 0.30938 0.96875 0.05625 0.0625
48 0.34375 0.99375 0.0875 0.0125
48 0.425 0.98438 0.1 0.03125
48 0.57344 0.9125 0.10313 0.0875
48 0.65156 0.98594 0.17188 0.02812
48 0.99844 0.9625 0.00313 0.0625
48 0.9125 0.95469 0.16875 0.09062
48 0.82969 0.94375 0.12187 0.09375
48 0.71875 0.9 0.13125 0.0625
48 0.75937 0.83594 0.1 0.10938
48 0.86719 0.7875 0.09062 0.06875
48 0.93906 0.79688 0.10313 0.08125
48 0.98125 0.81094 0.0375 0.07812
48 0.99219 0.67031 0.01562 0.04063
