5 0.1875 0.99062 0.03125 0.01875
5 0.24219 0.92188 0.03438 0.0375
5 0.22656 0.87656 0.03437 0.03438
5 0.1625 0.86719 0.05 0.04062
5 0.21094 0.83125 0.03437 0.03125
5 0.12031 0.84062 0.04687 0.03125
5 0.19062 0.7875 0.03125 0.0375
5 0.37344 0.99062 0.04688 0.01875
5 0.43906 0.99375 0.04688 0.0125
5 0.35781 0.92344 0.05313 0.02812
5 0.36094 0.94687 0.04688 0.025
5 0.34688 0.90156 0.05 0.02813
5 0.34062 0.87656 0.05625 0.02812
5 0.3 0.75781 0.05625 0.02812
5 0.46562 0.91406 0.0375 0.02188
5 0.45781 0.89062 0.04063 0.01875
5 0.44531 0.84375 0.04688 0.025
5 0.45469 0.81719 0.05313 0.02813
5 0.56875 0.90156 0.04375 0.02187
5 0.86875 0.99062 0.04375 0.01875
5 0.74844 0.9875 0.04688 0.025
5 0.02031 0.7125 0.04062 0.025
5 0.05625 0.69687 0.0375 0.025
5 0.0125 0.69062 0.025 0.025
5 0.03906 0.62813 0.04062 0.025
5 0.02812 0.6 0.04375 0.025
5 0.15313 0.64062 0.04375 0.025
5 0.45938 0.64688 0.05625 0.03125
5 0.45625 0.62813 0.05 0.025
5 0.61875 0.6625 0.05 0.04375
5 0.59531 0.70469 0.05937 0.02812
5 0.65781 0.6875 0.04063 0.04375
5 0.71875 0.69531 0.0375 0.05313
5 0.70938 0.63281 0.05 0.04688
5 0.61406 0.59375 0.05312 0.025
5 0.72812 0.89062 0.0375 0.025
5 0.725 0.85938 0.04375 0.025
5 0.67031 0.90312 0.05312 0.025
5 0.78125 0.89219 0.03125 0.04688
5 0.79375 0.83906 0.0375 0.02813
5 0.7625 0.82188 0.04375 0.03125
5 0.84219 0.90469 0.04688 0.02187
5 0.84219 0.87812 0.04063 0.025
5 0.82969 0.85312 0.04063 0.025
5 0.69375 0.95 0.05 0.03125
48 0.65625 0.8 0.1625 0.1625
5 0.81094 0.76562 0.04688 0.0375
5 0.80625 0.74063 0.05 0.025
5 0.80312 0.71406 0.05 0.02813
5 0.78594 0.66094 0.04688 0.02813
5 0.77969 0.63437 0.05312 0.025
5 0.77344 0.60625 0.05937 0.025
5 0.76875 0.58281 0.05 0.02187
5 0.7625 0.55781 0.05625 0.02813
5 0.75312 0.53125 0.04375 0.025
6 0.67969 0.6 0.05937 0.0625
5 0.69688 0.54688 0.04375 0.025
5 0.64688 0.55781 0.04375 0.02813
5 0.59375 0.56875 0.04375 0.01875
5 0.64062 0.52969 0.05 0.02812
5 0.59062 0.52188 0.0375 0.025
5 0.68594 0.49375 0.04688 0.025
5 0.85938 0.58125 0.05 0.025
5 0.90938 0.56406 0.05 0.02187
5 0.7375 0.50469 0.04375 0.02187
5 0.72969 0.48281 0.04688 0.02813
5 0.6625 0.44531 0.05 0.02812
5 0.65938 0.42656 0.05 0.02813
5 0.55469 0.43281 0.04688 0.02187
5 0.53438 0.75156 0.04375 0.02187
5 0.48906 0.7625 0.04687 0.01875
5 0.4625 0.74375 0.05 0.025
5 0.98594 0.91406 0.02812 0.02188
5 0.9375 0.92031 0.03125 0.01562
5 0.93281 0.89844 0.03437 0.01562
5 0.92344 0.825 0.05312 0.025
5 0.97812 0.87031 0.04375 0.02187
5 0.97344 0.85 0.04063 0.025
5 0.32656 0.65938 0.04688 0.025
5 0.34844 0.63125 0.04688 0.01875
5 0.39062 0.59531 0.04375 0.02812
5 0.34844 0.60625 0.04688 0.025
5 0.38438 0.57656 0.0375 0.02187
5 0.41562 0.52031 0.04375 0.02813
5 0.29063 0.55937 0.0375 0.01875
5 0.22344 0.50781 0.04688 0.02188
5 0.2125 0.46719 0.06875 0.02813
5 0.19844 0.44844 0.05313 0.02187
5 0.43906 0.40625 0.04062 0.03125
5 0.39844 0.42656 0.03438 0.02187
5 0.32812 0.4125 0.04375 0.01875
5 0.32188 0.36562 0.04375 0.025
5 0.36875 0.35156 0.04375 0.02187
5 0.59375 0.36406 0.04375 0.02187
5 0.58438 0.34062 0.05 0.025
5 0.55312 0.32188 0.05 0.025
5 0.3125 0.34531 0.04375 0.02188
5 0.35625 0.44375 0.04375 0.01875
5 0.22031 0.37031 0.04062 0.02187
5 0.25938 0.31094 0.05 0.02813
5 0.15469 0.31719 0.03437 0.02187
5 0.33281 0.28906 0.04063 0.02187
5 0.29531 0.29844 0.04062 0.02188
5 0.75625 0.26875 0.04375 0.025
5 0.575 0.22813 0.04375 0.025
5 0.66094 0.28125 0.04063 0.025
5 0.52344 0.26406 0.04062 0.02188
5 0.56563 0.20156 0.04375 0.02188
5 0.55312 0.17812 0.04375 0.025
5 0.7875 0.12656 0.05 0.02812
5 0.79531 0.09531 0.05312 0.02812
5 0.71406 0.09219 0.05312 0.02187
5 0.72188 0.12656 0.04375 0.02812
5 0.42031 0.15625 0.04688 0.025
5 0.45156 0.1875 0.04688 0.025
5 0.49844 0.17031 0.04688 0.02813
5 0.28594 0.42188 0.03437 0.025
5 0.22969 0.41562 0.05312 0.025
5 0.275 0.40312 0.05 0.01875
5 0.10312 0.66094 0.04375 0.02813
5 0.09844 0.63437 0.04062 0.025
5 0.25313 0.45781 0.04375 0.02187
5 0.8 0.39375 0.03125 0.025
5 0.80781 0.41562 0.04063 0.025
5 0.86094 0.4 0.03438 0.025
5 0.85 0.37344 0.0375 0.02188
5 0.92031 0.33125 0.04688 0.025
5 0.77344 0.31719 0.04062 0.02813
5 0.96719 0.54688 0.05312 0.025
5 0.82969 0.4875 0.04688 0.025
5 0.875 0.63281 0.05625 0.02812
5 0.9875 0.70625 0.025 0.01875
5 0.975 0.50781 0.05 0.03438
5 0.67656 0.30469 0.05938 0.04063
5 0.60312 0.30312 0.05 0.025
5 0.59531 0.27812 0.05937 0.025
5 0.64219 0.23594 0.04063 0.02188
5 0.49844 0.35938 0.03437 0.025
5 0.54219 0.35312 0.03437 0.01875
5 0.25781 0.5875 0.04063 0.01875
5 0.98906 0.93438 0.02187 0.01875
5 0.69531 0.98125 0.04688 0.025
5 0.74375 0.96406 0.03125 0.02187
5 0.52031 0.69844 0.05312 0.02813
5 0.46094 0.71562 0.05937 0.025
5 0.13281 0.27031 0.04063 0.02187
5 0.125 0.24844 0.05 0.02188
5 0.11719 0.225 0.04688 0.025
5 0.10312 0.20312 0.05 0.025
5 0.06562 0.38438 0.05 0.03125
5 0.09687 0.4625 0.05 0.025
5 0.02969 0.475 0.04062 0.03125
5 0.05938 0.52812 0.04375 0.025
5 0.10938 0.51406 0.04375 0.02812
5 0.30625 0.59844 0.0375 0.02187
5 0.45 0.45 0.05 0.025
5 0.40469 0.47188 0.05313 0.03125
5 0.24375 0.95156 0.0375 0.03438
5 0.01562 0.98281 0.03125 0.02812
5 0.04375 0.74531 0.0375 0.03437
5 0.08594 0.73906 0.04688 0.02187
5 0.03281 0.28594 0.04688 0.02187
5 0.04531 0.31094 0.04062 0.02188
5 0.00469 0.17344 0.00938 0.02813
5 0.13281 0.13906 0.04688 0.02188
5 0.35156 0.15781 0.06563 0.03437
5 0.27187 0.0625 0.03125 0.04375
5 0.21719 0.07656 0.02813 0.04062
5 0.16719 0.09063 0.02812 0.04375
5 0.14531 0.09375 0.02812 0.04375
5 0.12188 0.10156 0.025 0.04062
5 0.11094 0.04062 0.04063 0.03125
5 0.06719 0.08281 0.04062 0.02812
5 0.17344 0.02969 0.04688 0.02188
5 0.25 0.02969 0.0625 0.02812
5 0.23594 0.00938 0.05313 0.01875
5 0.31094 0.03438 0.04688 0.025
5 0.09688 0.00781 0.0375 0.01562
5 0.12812 0.56875 0.04375 0.025
5 0.30781 0.53125 0.05312 0.025
5 0.40625 0.50156 0.05 0.02813
5 0.21562 0.34844 0.05 0.02187
5 0.26875 0.33125 0.05 0.025
5 0.31875 0.32031 0.05 0.02187
5 0.38438 0.27187 0.05625 0.025
5 0.46875 0.14531 0.05 0.02812
5 0.52969 0.13438 0.05312 0.025
5 0.62031 0.09688 0.02813 0.0375
5 0.48594 0.33594 0.04062 0.02812
5 0.5125 0.2375 0.04375 0.03125
5 0.55312 0.58281 0.04375 0.02813
5 0.39531 0.29531 0.07188 0.02188
5 0.55313 0.40312 0.0375 0.025
5 0.08125 0.43438 0.05 0.03125
5 0.04688 0.33281 0.0375 0.02187
5 0.15781 0.98906 0.05313 0.02187
5 0.12031 0.92656 0.04062 0.05938
5 0.26094 0.61094 0.04688 0.02187
5 0.91875 0.80469 0.05625 0.02188
5 0.10938 0.80469 0.04375 0.02812
5 0.09844 0.78594 0.05313 0.03437
5 0.33281 0.84531 0.05312 0.02812
5 0.325 0.82969 0.04375 0.03438
5 0.13281 0.59531 0.05938 0.03438
5 0.25312 0.9875 0.05 0.025
5 0.29375 0.71719 0.0625 0.03438
5 0.00312 0.90469 0.00625 0.03438
5 0.07969 0.88125 0.07812 0.0375
48 0.02656 0.87344 0.05312 0.06563
5 0.21562 0.32656 0.0625 0.04062
5 0.41875 0.33906 0.06875 0.03437
5 0.54062 0.38438 0.0625 0.0375
5 0.00156 0.31719 0.00312 0.05938
5 0.45625 0.49219 0.05625 0.03438
5 0.45469 0.47344 0.05313 0.03437
5 0.82812 0.5125 0.34375 0.975
5 0.22344 0.84688 0.03438 0.03125
5 0.93906 0.65156 0.06563 0.02813
5 0.00156 0.14531 0.00312 0.02812
