5 0.65469 0.55469 0.03438 0.06563
48 0.525 0.11406 0.10625 0.07813
48 0.35938 0.04062 0.08125 0.05625
48 0.29375 0.025 0.20625 0.05
48 0.52969 0.04844 0.27812 0.09688
48 0.6 0.0125 0.26875 0.025
48 0.42188 0.14219 0.10625 0.12812
48 0.55781 0.18594 0.13438 0.07187
48 0.54375 0.27031 0.1625 0.13438
48 0.34219 0.22344 0.27188 0.14062
48 0.41875 0.33594 0.31875 0.15938
48 0.49844 0.44688 0.21562 0.16875
48 0.5 0.54844 0.10625 0.09688
48 0.57812 0.56875 0.06875 0.0875
48 0.29375 0.50313 0.3875 0.2
48 0.24062 0.31875 0.09375 0.05625
48 0.23438 0.37656 0.075 0.07812
48 0.29688 0.39531 0.1 0.06562
48 0.47344 0.80938 0.14687 0.06875
48 0.48594 0.85781 0.13437 0.07812
48 0.46875 0.90625 0.14375 0.0875
48 0.44219 0.96719 0.08437 0.06563
48 0.5 0.97344 0.0625 0.05312
6 0.34375 0.99062 0.05625 0.01875
6 0.28438 0.99062 0.05 0.01875
48 0.54844 0.76562 0.08437 0.075
48 0.48125 0.75312 0.0625 0.0625
48 0.4375 0.73906 0.0625 0.07188
48 0.47969 0.63281 0.20313 0.11563
48 0.97656 0.56719 0.04688 0.06562
48 0.96719 0.50781 0.06563 0.09062
48 0.84531 0.48438 0.17188 0.08125
48 0.98906 0.40312 0.02187 0.0875
48 0.91719 0.38594 0.14687 0.10313
48 0.725 0.46875 0.075 0.075
48 0.72656 0.41094 0.04688 0.04688
48 0.86562 0.42812 0.23125 0.06875
48 0.84531 0.60312 0.13438 0.075
48 0.83281 0.54375 0.06562 0.05625
48 0.90938 0.55469 0.09375 0.06563
48 0.71875 0.59375 0.11875 0.0875
48 0.68125 0.64531 0.05 0.03437
48 0.825 0.65781 0.11875 0.07812
48 0.84062 0.7 0.2375 0.11875
48 0.93594 0.625 0.07188 0.06875
48 0.99219 0.67969 0.01562 0.15938
48 0.92031 0.21875 0.15938 0.11875
48 0.99844 0.24219 0.00313 0.08437
48 0.94375 0.13125 0.1125 0.1
48 0.83125 0.09531 0.1125 0.09687
48 0.86094 0.03594 0.10313 0.07187
48 0.94531 0.00938 0.10938 0.01875
