48 0.06719 0.7625 0.13438 0.35
48 0.39375 0.17031 0.44375 0.34062
48 0.60156 0.5375 0.37813 0.43125
48 0.67344 0.05156 0.25938 0.10312
5 0.04844 0.15937 0.04063 0.05625
5 0.00312 0.36094 0.00625 0.05313
5 0.01406 0.34688 0.02812 0.04375
5 0.15781 0.23438 0.05938 0.04375
5 0.16875 0.28281 0.04375 0.03437
5 0.13125 0.16875 0.06875 0.04375
5 0.125 0.13906 0.05 0.04062
5 0.10469 0.11562 0.05938 0.0375
5 0.075 0.04844 0.0625 0.04063
5 0.03906 0.31094 0.04062 0.05313
5 0.02031 0.43906 0.04062 0.04062
5 0.00156 0.56875 0.00312 0.04375
5 0.00938 0.55781 0.01875 0.05312
5 0.02812 0.54531 0.04375 0.06563
5 0.05156 0.54219 0.04688 0.05312
5 0.10156 0.53281 0.04062 0.04688
5 0.15469 0.55469 0.03437 0.04062
5 0.275 0.58125 0.0625 0.0375
5 0.24375 0.50781 0.04375 0.03438
5 0.7 0.2625 0.06875 0.0375
5 0.85156 0.20312 0.06563 0.05625
5 0.79688 0.07812 0.0375 0.05
53 0.05156 0.45312 0.10312 0.23125
48 0.97969 0.0375 0.04063 0.075
48 0.87969 0.07031 0.24062 0.14062
48 0.94531 0.40156 0.10938 0.39063
48 0.85312 0.53594 0.2625 0.27813
9 0.21719 0.46094 0.07812 0.04063
