48 0.07031 0.78438 0.10938 0.125
48 0.24219 0.55469 0.12813 0.12187
48 0.80156 0.87969 0.06562 0.15937
48 0.82812 0.7875 0.1 0.10625
50 0.34375 0.95 0.13125 0.1
50 0.09375 0.95781 0.1 0.08437
50 0.13125 0.67031 0.18125 0.14062
48 0.95625 0.85625 0.0875 0.18125
48 0.53594 0.93594 0.14062 0.12813
5 0.70938 0.93438 0.0375 0.0375
48 0.10312 0.41719 0.13125 0.10938
48 0.225 0.41562 0.075 0.10625
48 0.09531 0.53906 0.11562 0.10312
48 0.9375 0.69844 0.125 0.15313
48 0.69375 0.84062 0.15 0.14375
48 0.34531 0.81719 0.15313 0.11562
48 0.65469 0.67969 0.13438 0.11563
48 0.3375 0.12812 0.11875 0.15625
48 0.14531 0.2625 0.17812 0.13125
48 0.20312 0.95938 0.125 0.08125
48 0.19062 0.12813 0.1375 0.14375
