48 0.65 0.79531 0.225 0.17812
48 0.94062 0.84531 0.11875 0.17812
48 0.9625 0.44844 0.075 0.41562
48 0.89375 0.20156 0.2125 0.17187
48 0.83281 0.08438 0.19688 0.1375
48 0.88281 0.65156 0.20312 0.15313
48 0.84375 0.57969 0.1625 0.12813
48 0.825 0.51875 0.18125 0.125
48 0.78125 0.41719 0.24375 0.17812
48 0.65781 0.20625 0.19688 0.1875
48 0.62344 0.13594 0.17188 0.14062
48 0.57344 0.06406 0.17188 0.12812
48 0.53125 0.01406 0.15 0.02812
48 0.77188 0.0125 0.175 0.025
48 0.95469 0.07344 0.09062 0.14688
48 0.99375 0.11719 0.0125 0.21562
48 0.05625 0.99062 0.1125 0.01875
48 0.16719 0.98594 0.15938 0.02812
48 0.09531 0.95 0.15313 0.1
48 0.28438 0.95938 0.1625 0.08125
48 0.17344 0.92188 0.11562 0.11875
48 0.23125 0.89844 0.0875 0.09062
48 0.275 0.75 0.175 0.16875
48 0.20156 0.61719 0.19688 0.21562
48 0.07031 0.76719 0.14062 0.32188
48 0.58906 0.69062 0.20313 0.15625
48 0.56563 0.62344 0.1875 0.15312
48 0.53125 0.54062 0.19375 0.125
48 0.49062 0.46719 0.16875 0.15312
48 0.42188 0.35469 0.24375 0.25938
48 0.46094 0.14062 0.09062 0.06875
48 0.39062 0.02188 0.075 0.04375
48 0.26094 0.02969 0.29688 0.05938
48 0.01719 0.11562 0.03438 0.23125
5 0.0875 0.01875 0.03125 0.0375
5 0.28906 0.59375 0.02812 0.04375
5 0.41406 0.56719 0.03438 0.04688
5 0.88438 0.75312 0.04375 0.03125
5 0.76719 0.94062 0.02187 0.04375
5 0.74844 0.94688 0.04063 0.04375
5 0.7625 0.99688 0.03125 0.00625
48 0.05938 0.38125 0.11875 0.325
48 0.27812 0.87188 0.09375 0.1
48 0.33594 0.84375 0.11562 0.10625
48 0.36875 0.89844 0.10625 0.12187
5 0.73594 0.74531 0.04063 0.03437
48 0.76875 0.78281 0.04375 0.03438
