10 0.13125 0.15469 0.01875 0.05313
10 0.14219 0.10469 0.02188 0.04687
10 0.12188 0.1 0.025 0.05625
10 0.15 0.05312 0.01875 0.05
10 0.13125 0.04688 0.025 0.05
10 0.15781 0.01562 0.02188 0.03125
10 0.13906 0.0125 0.02188 0.025
5 0.00938 0.15156 0.01875 0.03438
5 0.01562 0.11719 0.01875 0.03437
5 0.03281 0.11875 0.01562 0.03125
5 0.05312 0.11875 0.01875 0.025
5 0.05938 0.0875 0.01875 0.0375
5 0.04062 0.08594 0.0125 0.03437
5 0.00625 0.08438 0.0125 0.03125
5 0.00156 0.11719 0.00312 0.03437
5 0.04531 0.05625 0.01562 0.0375
5 0.02656 0.04844 0.01563 0.04063
5 0.0125 0.04844 0.01875 0.04063
5 0.01562 0.01406 0.01875 0.02812
5 0.05938 0.00312 0.01875 0.00625
5 0.07969 0.00156 0.01562 0.00312
9 0.2125 0.02812 0.03125 0.05625
9 0.18125 0.03594 0.025 0.07187
6 0.00625 0.00312 0.0125 0.00625
6 0.00312 0.02344 0.00625 0.04062
6 0.44531 0.2875 0.02812 0.05625
6 0.37969 0.14062 0.02813 0.075
6 0.40625 0.125 0.025 0.06875
6 0.44062 0.11562 0.025 0.05
6 0.39062 0.08906 0.025 0.05938
6 0.4 0.03594 0.03125 0.05312
6 0.42656 0.05625 0.02813 0.08125
6 0.45156 0.05469 0.02813 0.07187
6 0.51094 0.02344 0.02813 0.04688
5 0.7875 0.02812 0.04375 0.01875
5 0.81875 0.0125 0.04375 0.01875
5 0.77188 0.00625 0.04375 0.0125
5 0.7375 0.02031 0.04375 0.02188
5 0.72656 0.00312 0.04062 0.00625
5 0.69531 0.00938 0.04062 0.01875
5 0.6625 0.04219 0.0375 0.01562
5 0.68281 0.025 0.04688 0.01875
5 0.60156 0.01094 0.04062 0.02188
5 0.62344 0.00312 0.04063 0.00625
5 0.53594 0.11719 0.02187 0.04063
5 0.11406 0.35312 0.01562 0.0375
5 0.09844 0.34531 0.02188 0.03437
5 0.14375 0.32812 0.01875 0.03125
5 0.12969 0.36719 0.02188 0.03438
9 0.51094 0.37031 0.02813 0.06562
5 0.44531 0.34375 0.02812 0.05
7 0.54688 0.45781 0.01875 0.04688
7 0.54688 0.41406 0.01875 0.04063
7 0.56875 0.46094 0.01875 0.04688
48 0.31719 0.44062 0.24688 0.06875
48 0.34531 0.72812 0.32187 0.54375
48 0.49531 0.72969 0.11562 0.54062
48 0.58438 0.69531 0.125 0.40938
6 0.10312 0.02812 0.0375 0.05625
5 0.59219 0.025 0.04688 0.025
5 0.63125 0.09219 0.05 0.02812
5 0.675 0.06719 0.04375 0.02813
10 0.10781 0.14375 0.02812 0.05
14 0.19219 0.12031 0.03438 0.08438
5 0.00469 0.18125 0.00938 0.0375
5 0.02188 0.17656 0.01875 0.02812
5 0.02656 0.14844 0.01563 0.03437
5 0.02188 0.08594 0.01875 0.03437
6 0.05312 0.02031 0.01875 0.03437
5 0.07187 0.01875 0.01875 0.03125
5 0.03594 0.01562 0.01562 0.03125
5 0.02344 0.00156 0.02188 0.00312
6 0.19531 0.31562 0.02813 0.0625
6 0.19531 0.37031 0.02187 0.05312
5 0.15 0.38281 0.01875 0.03438
5 0.01875 0.29375 0.03125 0.01875
53 0.24219 0.12031 0.48438 0.24062
53 0.36875 0.37656 0.53125 0.22188
5 0.00312 0.27812 0.00625 0.025
5 0.60469 0.44531 0.02813 0.04063
5 0.32656 0.02969 0.02813 0.03438
5 0.57656 0.40625 0.02812 0.04375
5 0.55781 0.3625 0.03437 0.03125
48 0.7875 0.00312 0.425 0.00625
5 0.325 0.08594 0.03125 0.03437
5 0.35156 0.03906 0.02187 0.03438
5 0.16563 0.3375 0.025 0.0375
5 0.35312 0.09062 0.025 0.0375
5 0.29844 0.04062 0.02188 0.04375
5 0.07031 0.05313 0.02188 0.03125
5 0.5375 0.325 0.01875 0.01875
