48 0.23125 0.68125 0.13125 0.14375
48 0.30625 0.73281 0.05625 0.12187
48 0.11875 0.66406 0.075 0.07812
48 0.59219 0.95625 0.04063 0.0875
48 0.40625 0.87656 0.0875 0.11562
48 0.34688 0.91406 0.05 0.04062
48 0.35 0.96875 0.08125 0.0625
48 0.46875 0.94219 0.05 0.11562
48 0.00312 0.56719 0.00625 0.08437
48 0.75 0.99844 0.11875 0.00313
48 0.54688 0.95625 0.05625 0.0875
48 0.5625 0.875 0.05 0.03125
48 0.79375 0.77344 0.04375 0.10312
48 0.87656 0.98906 0.12813 0.02187
48 0.84219 0.9375 0.08437 0.0875
48 0.00156 0.70469 0.00312 0.08437
48 0.91406 0.66094 0.08438 0.03437
48 0.77969 0.95312 0.07188 0.09375
48 0.89531 0.84219 0.04063 0.05937
48 0.01719 0.43438 0.03438 0.1375
48 0.74375 0.76875 0.0625 0.1
48 0.01562 0.30781 0.03125 0.07188
48 0.30781 0.62344 0.10938 0.09062
48 0.175 0.85938 0.08125 0.075
48 0.21719 0.925 0.16562 0.15
48 0.21875 0.80938 0.15 0.05625
48 0.13594 0.76562 0.04062 0.09375
48 0.72344 0.95781 0.09687 0.05938
48 0.0875 0.92969 0.1125 0.14062
48 0.22188 0.98594 0.1125 0.02812
