48 0.04688 0.15313 0.09375 0.10625
48 0.10625 0.075 0.2125 0.14375
48 0.00312 0.0625 0.00625 0.10625
48 0.05469 0.25781 0.10938 0.05937
48 0.07344 0.425 0.12188 0.1
48 0.02344 0.55781 0.04688 0.10313
5 0.09219 0.90781 0.02812 0.04688
48 0.00156 0.92031 0.00312 0.10313
5 0.34219 0.01875 0.04062 0.0375
48 0.47969 0.00156 0.18438 0.00312
48 0.57188 0.00469 0.0625 0.00938
48 0.63906 0.01094 0.10938 0.02188
48 0.7625 0.02344 0.09375 0.04688
48 0.74062 0.07031 0.05 0.05313
48 0.425 0.05625 0.0875 0.06875
48 0.56563 0.05938 0.15 0.11875
48 0.50938 0.14062 0.11875 0.08125
48 0.46094 0.21406 0.11563 0.10312
48 0.70781 0.19219 0.12188 0.10312
48 0.68594 0.29063 0.12187 0.1
48 0.40312 0.40312 0.14375 0.125
48 0.36719 0.3375 0.11562 0.05625
48 0.59844 0.35469 0.13438 0.05938
48 0.37031 0.5125 0.16563 0.125
48 0.49375 0.57031 0.11875 0.07187
48 0.65781 0.675 0.12813 0.1125
48 0.55 0.75781 0.26875 0.10938
48 0.37812 0.74375 0.0875 0.05625
48 0.25469 0.80625 0.07188 0.075
48 0.33281 0.89219 0.16563 0.13438
48 0.51719 0.94687 0.12188 0.0875
48 0.52188 0.85156 0.09375 0.07812
48 0.62031 0.86562 0.12188 0.09375
48 0.77812 0.78281 0.125 0.09062
48 0.36562 0.98594 0.1375 0.02812
48 0.44688 0.98594 0.06875 0.02812
48 0.23125 0.99062 0.18125 0.01875
48 0.91406 0.71875 0.10312 0.10625
48 0.975 0.85 0.05 0.06875
48 0.96406 0.93281 0.07188 0.07188
48 0.98125 0.64844 0.0375 0.10312
48 0.84844 0.69531 0.08437 0.09688
