48 0.74844 0.88125 0.15938 0.19375
48 0.67656 0.81875 0.13438 0.2125
48 0.48906 0.80781 0.13438 0.16563
48 0.31406 0.79688 0.12812 0.16875
48 0.22656 0.75781 0.12813 0.18437
48 0.12969 0.75 0.12187 0.1875
48 0.06875 0.66562 0.1375 0.33125
48 0.00469 0.73281 0.00938 0.17188
48 0.87656 0.88437 0.15312 0.13125
48 0.95156 0.65781 0.09688 0.16563
48 0.6375 0.60469 0.15 0.17812
48 0.84375 0.62969 0.1375 0.14687
48 0.57188 0.47656 0.15625 0.17188
48 0.39844 0.82187 0.11562 0.13125
48 0.58438 0.8375 0.15 0.18125
48 0.08125 0.98281 0.1625 0.03438
5 0.36406 0.94219 0.04688 0.02187
5 0.23906 0.87344 0.02188 0.04063
5 0.01875 0.8875 0.0375 0.025
5 0.12656 0.96406 0.04688 0.01562
5 0.38594 0.99531 0.05938 0.00938
5 0.6375 0.975 0.05 0.0125
5 0.56094 0.96719 0.04688 0.02187
