48 0.75 0.5 0.08125 0.1125
48 0.58438 0.07969 0.2 0.15937
48 0.97656 0.52969 0.04688 0.06562
48 0.55156 0.52812 0.13438 0.10625
48 0.99375 0.04375 0.0125 0.0875
48 0.62187 0.72188 0.1 0.1
48 0.64688 0.4875 0.09375 0.1
48 0.31563 0.01406 0.1125 0.02812
48 0.98594 0.62969 0.02812 0.12188
48 0.68594 0.275 0.14062 0.11875
48 0.94844 0.18125 0.10313 0.09375
48 0.88438 0.1375 0.10625 0.10625
48 0.1875 0.30156 0.225 0.22813
48 0.91094 0.57187 0.10938 0.11875
48 0.93594 0.45312 0.12813 0.09375
48 0.00156 0.23594 0.00312 0.09687
48 0.34375 0.79531 0.1125 0.10938
48 0.44375 0.47812 0.0875 0.08125
48 0.59844 0.325 0.10313 0.075
48 0.81875 0.32344 0.14375 0.14687
48 0.78594 0.18906 0.17812 0.12812
48 0.23438 0.03906 0.14375 0.07812
48 0.75781 0.4 0.07812 0.0875
48 0.06406 0.39844 0.12188 0.13438
48 0.11406 0.09844 0.13438 0.11562
48 0.57812 0.40469 0.06875 0.07812
48 0.63281 0.4 0.06563 0.0625
48 0.73906 0.58438 0.09687 0.05
48 0.69219 0.42656 0.07188 0.06562
48 0.81094 0.59219 0.05937 0.09062
48 0.9625 0.2875 0.075 0.08125
48 0.98906 0.22812 0.02187 0.04375
48 0.04062 0.15156 0.08125 0.08438
48 0.73906 0.66562 0.13438 0.1
48 0.53906 0.45312 0.11563 0.05625
48 0.65781 0.99844 0.18437 0.00313
48 0.99375 0.26875 0.0125 0.075
48 0.47031 0.07969 0.13437 0.15937
48 0.90156 0.27969 0.09687 0.14688
48 0.46875 0.41094 0.0875 0.07812
48 0.34375 0.1875 0.20625 0.2
48 0.45625 0.57656 0.0875 0.07812
48 0.82656 0.49687 0.08437 0.08125
48 0.93438 0.74844 0.09375 0.07188
48 0.73906 0.3375 0.07188 0.05625
48 0.50469 0.88438 0.15313 0.1375
5 0.15156 0.20156 0.04688 0.03437
48 0.41094 0.92969 0.12188 0.13437
48 0.34219 0.97344 0.09687 0.05312
48 0.2875 0.91562 0.11875 0.125
5 0.01094 0.30156 0.02188 0.03437
