5 0.04844 0.24062 0.03438 0.05
5 0.06562 0.27969 0.0375 0.04062
5 0.01562 0.1125 0.03125 0.04375
5 0.27187 0.90156 0.03125 0.04063
5 0.68906 0.02812 0.04063 0.04375
5 0.54844 0.25312 0.05937 0.03125
5 0.82656 0.5 0.03438 0.05
5 0.77812 0.52969 0.03125 0.04688
5 0.86094 0.58594 0.04063 0.04688
5 0.825 0.65469 0.0375 0.05312
5 0.84375 0.75312 0.0375 0.04375
5 0.93594 0.71875 0.05312 0.03125
5 0.94062 0.74219 0.05625 0.03438
5 0.95312 0.77031 0.05 0.02813
5 0.96094 0.79062 0.05313 0.03125
5 0.96562 0.81094 0.04375 0.02812
48 0.01562 0.85625 0.03125 0.075
48 0.11719 0.92031 0.23438 0.15938
48 0.52969 0.37187 0.22813 0.20625
48 0.44063 0.04531 0.25 0.09062
48 0.8375 0.11406 0.26875 0.13438
48 0.96406 0.19062 0.07188 0.1875
48 0.87344 0.28594 0.25313 0.21562
48 0.91406 0.54062 0.17188 0.3125
48 0.98438 0.91094 0.03125 0.17812
48 0.975 0.72656 0.05 0.11563
48 0.17656 0.06406 0.24688 0.12812
48 0.23906 0.18281 0.25938 0.21562
48 0.29219 0.43438 0.24062 0.225
48 0.34531 0.60469 0.27187 0.19062
48 0.02969 0.33438 0.05938 0.24375
48 0.04531 0.52969 0.09062 0.15937
48 0.06719 0.69687 0.13438 0.1625
48 0.51562 0.16875 0.225 0.20625
48 0.60156 0.55312 0.25313 0.2375
48 0.65312 0.71562 0.275 0.14375
