48 0.9375 0.35625 0.125 0.1125
48 0.98594 0.07656 0.02812 0.12188
48 0.30781 0.55312 0.07812 0.075
48 0.97812 0.04219 0.04375 0.08438
48 0.43906 0.35 0.16562 0.1
48 0.03906 0.44844 0.07812 0.12188
48 0.85469 0.10469 0.21563 0.10312
48 0.82969 0.0625 0.20312 0.125
48 0.18125 0.32031 0.1375 0.09062
48 0.88125 0.18906 0.2375 0.14688
5 0.4625 0.17344 0.0375 0.04688
48 0.90625 0.30156 0.1875 0.11562
48 0.98281 0.15 0.03438 0.125
48 0.27031 0.45938 0.12812 0.0875
48 0.96875 0.0125 0.0625 0.025
48 0.90625 0.2625 0.18125 0.06875
48 0.25156 0.35 0.23438 0.125
48 0.16094 0.27031 0.20938 0.10938
48 0.00938 0.33594 0.01875 0.09688
48 0.36094 0.54375 0.07187 0.075
48 0.40156 0.24844 0.19688 0.11563
48 0.05 0.54688 0.1 0.075
53 0.17344 0.9125 0.34688 0.175
6 0.80156 0.64688 0.05938 0.03125
6 0.07344 0.37031 0.05938 0.05312
5 0.99375 0.6625 0.0125 0.0375
48 0.69687 0.25469 0.2875 0.15312
48 0.51562 0.02969 0.18125 0.05938
5 0.04844 0.32969 0.03438 0.02813
5 0.09375 0.85 0.04375 0.025
48 0.41406 0.65469 0.29062 0.22813
5 0.22656 0.64844 0.03437 0.02812
8 0.98125 0.16719 0.0375 0.04062
48 0.73906 0.37344 0.18438 0.17813
48 0.62344 0.1125 0.22188 0.13125
5 0.00312 0.99062 0.00625 0.01875
5 0.16875 0.94219 0.0375 0.03437
5 0.05938 0.97969 0.025 0.02813
5 0.20938 0.60469 0.04375 0.03437
5 0.15625 0.90469 0.0375 0.02187
5 0.09687 0.90781 0.04375 0.02812
5 0.09219 0.97344 0.04063 0.03437
5 0.125 0.9625 0.03125 0.0375
48 0.8125 0.53281 0.23125 0.21562
5 0.0375 0.87031 0.04375 0.03437
48 0.01875 0.77656 0.0375 0.18438
48 0.95781 0.46875 0.08437 0.2375
48 0.59844 0.61094 0.20937 0.19063
5 0.17969 0.57031 0.02813 0.03438
8 0.43906 0.12031 0.05313 0.05938
5 0.02969 0.98281 0.03438 0.03438
48 0.13594 0.71719 0.27187 0.20312
5 0.95469 0.61094 0.03438 0.02187
48 0.53594 0.44219 0.25312 0.19688
5 0.2 0.93125 0.025 0.0375
48 0.74531 0.01406 0.28437 0.02812
