48 0.42812 0.90938 0.05625 0.15625
48 0.15 0.10938 0.0875 0.10625
48 0.17188 0.03594 0.06875 0.07187
48 0.05781 0.025 0.11562 0.05
48 0.21875 0.2 0.04375 0.125
48 0.15781 0.26719 0.14062 0.10938
48 0.32344 0.22188 0.07812 0.09375
48 0.67031 0.25938 0.08437 0.05
48 0.77344 0.075 0.05313 0.0875
48 0.69219 0.13438 0.07188 0.04375
48 0.55781 0.1 0.07188 0.04375
48 0.50156 0.08438 0.05312 0.0375
48 0.12969 0.52812 0.04062 0.075
48 0.0875 0.875 0.05 0.0875
48 0.11875 0.74531 0.05 0.05312
48 0.79375 0.975 0.05625 0.05
48 0.03125 0.17188 0.0375 0.05625
48 0.47344 0.29063 0.08437 0.04375
48 0.56094 0.30312 0.05937 0.04375
48 0.43594 0.025 0.03437 0.05
48 0.14219 0.99375 0.04063 0.0125
48 0.62344 0.95 0.04063 0.04375
48 0.36719 0.56094 0.07812 0.06563
48 0.0375 0.61563 0.075 0.13125
48 0.67813 0.16875 0.0875 0.04375
48 0.48906 0.02969 0.09687 0.05938
48 0.90938 0.19688 0.0625 0.0375
39 0.2875 0.925 0.03125 0.06875
48 0.35781 0.63281 0.07812 0.09062
48 0.15469 0.85312 0.09688 0.08125
48 0.18594 0.75312 0.05313 0.08125
48 0.34688 0.78438 0.1375 0.06875
48 0.52344 0.36406 0.12813 0.10938
48 0.4625 0.13594 0.13125 0.12813
48 0.49219 0.23125 0.07187 0.05
48 0.55937 0.24062 0.0625 0.04375
48 0.47969 0.80938 0.14063 0.06875
48 0.62187 0.98281 0.04375 0.03438
48 0.69687 0.9875 0.11875 0.025
48 0.81094 0.32031 0.08437 0.10313
48 0.81562 0.3875 0.09375 0.04375
48 0.89688 0.32188 0.09375 0.1125
48 0.8125 0.19688 0.075 0.1
48 0.75 0.20625 0.075 0.10625
48 0.82344 0.05938 0.04688 0.05
48 0.86094 0.10625 0.10313 0.05625
48 0.55156 0.05625 0.04688 0.0375
48 0.98906 0.37344 0.02187 0.09687
48 0.99688 0.15313 0.00625 0.05
48 0.13906 0.63125 0.09063 0.09375
48 0.86094 0.83125 0.11562 0.08125
48 0.70469 0.01406 0.07812 0.02812
48 0.35938 0.3375 0.125 0.11875
48 0.74062 0.67969 0.04375 0.16562
48 0.67344 0.32656 0.09062 0.05313
48 0.36094 0.00312 0.12188 0.00625
48 0.04844 0.32188 0.09688 0.275
48 0.44688 0.60469 0.06875 0.13438
48 0.975 0.82656 0.05 0.12187
48 0.03281 0.50625 0.06562 0.11875
48 0.80938 0.90312 0.0875 0.09375
48 0.37969 0.46719 0.10313 0.13438
48 0.67656 0.8625 0.09687 0.1
