48 0.10938 0.96562 0.16875 0.06875
48 0.0375 0.99219 0.075 0.01562
13 0.78594 0.87812 0.03437 0.06875
10 0.75156 0.88438 0.03438 0.05
6 0.72031 0.89375 0.03438 0.0625
48 0.28281 0.99844 0.10938 0.00313
48 0.25469 0.95156 0.13438 0.06563
51 0.07812 0.57031 0.15625 0.85938
51 0.54062 0.48906 0.91875 0.92188
5 0.98281 0.83906 0.02187 0.04688
5 0.97656 0.99531 0.04688 0.00938
5 0.88594 0.86562 0.04688 0.0625
5 0.92969 0.85469 0.03438 0.05312
5 0.65 0.91094 0.04375 0.07188
5 0.53906 0.92188 0.03438 0.06875
5 0.48281 0.91875 0.04063 0.06875
5 0.58906 0.91406 0.05312 0.06563
5 0.36406 0.97344 0.08437 0.04063
