5 0.81094 0.20156 0.04688 0.05938
5 0.70469 0.51875 0.04688 0.04375
5 0.76875 0.31094 0.0375 0.03437
5 0.50938 0.99531 0.05 0.00938
5 0.6125 0.88281 0.0375 0.04688
5 0.57344 0.67812 0.04688 0.05
5 0.93906 0.22031 0.04063 0.04062
5 0.87969 0.83906 0.04688 0.04063
5 0.97969 0.74219 0.04063 0.03438
5 0.67656 0.71875 0.04063 0.04375
5 0.58906 0.81562 0.03437 0.04375
5 0.65312 0.68594 0.0375 0.05312
5 0.58125 0.96406 0.05 0.04063
5 0.9 0.07031 0.03125 0.04062
5 0.74219 0.11719 0.03438 0.04063
5 0.74375 0.5375 0.03125 0.0375
5 0.825 0.6375 0.05 0.05625
5 0.69375 0.8875 0.0375 0.04375
