18 0.00312 0.53281 0.00625 0.04688
18 0.19219 0.6 0.20938 0.0625
18 0.01406 0.77344 0.02812 0.04688
18 0.14375 0.77812 0.20625 0.04375
18 0.35625 0.79219 0.21875 0.04688
18 0.57344 0.80469 0.20937 0.03438
18 0.69062 0.77031 0.21875 0.04688
18 0.79219 0.81562 0.21563 0.03125
18 0.89688 0.77812 0.20625 0.04375
18 0.95 0.82188 0.1 0.04375
18 0.9 0.60625 0.2 0.04375
18 0.07969 0.30781 0.15937 0.04063
18 0.27031 0.32188 0.20312 0.0375
18 0.48594 0.32656 0.20937 0.04688
18 0.775 0.51875 0.20625 0.04375
18 0.55156 0.49687 0.20937 0.0625
18 0.3375 0.45938 0.2 0.06875
18 0.125 0.43125 0.2125 0.05625
18 0.00625 0.40312 0.0125 0.05
18 0.90469 0.48281 0.19063 0.04063
18 0.70312 0.34219 0.2125 0.04688
18 0.90781 0.34844 0.18437 0.04063
18 0.97188 0.40156 0.05625 0.04688
18 0.84062 0.39062 0.225 0.04375
18 0.86719 0.26406 0.21562 0.05313
18 0.86406 0.30781 0.21563 0.03437
18 0.9875 0.27344 0.025 0.04688
18 0.9875 0.31719 0.025 0.04063
19 0.96406 0.95 0.07188 0.05
19 0.85469 0.94531 0.14062 0.03438
19 0.70781 0.93906 0.13438 0.04063
19 0.56875 0.93281 0.1375 0.04688
19 0.425 0.925 0.125 0.0375
19 0.29063 0.91406 0.13125 0.03438
19 0.14688 0.90781 0.1375 0.04688
48 0.61094 0.69375 0.77812 0.31875
48 0.79688 0.09375 0.40625 0.1875
18 0.90469 0.44844 0.19063 0.04063
