48 0.425 0.76875 0.85 0.28125
48 0.24844 0.94219 0.49688 0.11562
5 0.99531 0.94062 0.00938 0.01875
5 0.99062 0.95781 0.01875 0.02813
5 0.99375 0.97656 0.0125 0.02188
5 0.99844 0.99062 0.00313 0.01875
5 0.95469 0.91719 0.06563 0.02813
5 0.95469 0.93438 0.05937 0.025
5 0.95781 0.96875 0.06562 0.04375
5 0.91562 0.89375 0.05 0.05625
5 0.88594 0.87656 0.04688 0.04688
5 0.86406 0.87031 0.04063 0.03437
5 0.85625 0.91406 0.06875 0.04688
5 0.83438 0.98438 0.0375 0.03125
5 0.76719 0.9875 0.04688 0.025
5 0.79375 0.93906 0.08125 0.02812
5 0.72656 0.94062 0.07812 0.025
5 0.66406 0.9375 0.07812 0.03125
5 0.81094 0.9 0.04063 0.04375
5 0.60625 0.91562 0.075 0.025
5 0.67812 0.91406 0.075 0.02812
5 0.75156 0.91875 0.09062 0.025
5 0.75312 0.89531 0.0875 0.02813
5 0.68281 0.89375 0.07188 0.025
5 0.62031 0.89531 0.07188 0.02813
5 0.5625 0.88906 0.04375 0.04688
5 0.62656 0.97969 0.05937 0.04063
5 0.58438 0.99062 0.05 0.01875
5 0.52969 0.89219 0.04688 0.04688
5 0.89219 0.98281 0.04688 0.03438
5 0.86406 0.98906 0.04063 0.02187
5 0.55469 0.96719 0.06563 0.03438
5 0.53281 0.9875 0.05312 0.025
5 0.50313 0.99062 0.05 0.01875
48 0.69375 0.97656 0.11875 0.04688
53 0.9875 0.95 0.025 0.1
5 0.79688 0.86406 0.0875 0.02813
53 0.725 0.90625 0.45 0.1
53 0.85312 0.92812 0.20625 0.14375
53 0.57969 0.92969 0.16562 0.14062
53 0.95312 0.99375 0.09375 0.0125
50 0.47344 0.37031 0.94688 0.32813
