48 0.03594 0.02188 0.07187 0.04375
48 0.55312 0.32812 0.05 0.075
48 0.06719 0.17031 0.06562 0.04062
48 0.49531 0.02031 0.07188 0.04062
48 0.17188 0.67031 0.09375 0.03438
48 0.39062 0.21094 0.23125 0.11562
48 0.27812 0.42031 0.2 0.09063
48 0.4625 0.33281 0.13125 0.12188
48 0.45625 0.48906 0.14375 0.12812
48 0.50469 0.75156 0.10313 0.07812
48 0.74375 0.64375 0.10625 0.0625
48 0.80156 0.75938 0.20937 0.21875
48 0.16406 0.85781 0.14687 0.10938
48 0.14531 0.58438 0.15312 0.125
48 0.22969 0.3375 0.14687 0.15
48 0.3375 0.83438 0.175 0.1625
48 0.24375 0.03281 0.175 0.06562
48 0.35938 0.94375 0.15 0.1125
