13 0.0625 0.89062 0.06875 0.03125
13 0.0625 0.92344 0.06875 0.02812
13 0.0625 0.95781 0.06875 0.03437
13 0.12656 0.89219 0.05938 0.02812
13 0.12969 0.92344 0.05937 0.02812
13 0.12812 0.95469 0.0625 0.02812
13 0.12812 0.98594 0.0625 0.02812
13 0.19219 0.89219 0.06563 0.02812
13 0.19219 0.92188 0.06563 0.03125
13 0.19219 0.95312 0.06563 0.03125
13 0.19219 0.98438 0.06563 0.03125
13 0.25781 0.89062 0.06563 0.03125
13 0.25781 0.92188 0.06563 0.03125
13 0.25938 0.95469 0.06875 0.02812
13 0.25781 0.98438 0.06563 0.03125
13 0.32344 0.88906 0.05938 0.02812
13 0.32344 0.92188 0.05938 0.025
13 0.325 0.95312 0.0625 0.025
13 0.32344 0.98438 0.06562 0.03125
13 0.3875 0.89062 0.06875 0.025
13 0.3875 0.92031 0.06875 0.02812
13 0.38906 0.95312 0.06562 0.03125
13 0.39062 0.98438 0.06875 0.025
13 0.61875 0.89219 0.13125 0.02812
13 0.4875 0.88906 0.13125 0.02812
13 0.48594 0.91875 0.12813 0.03125
13 0.48906 0.95312 0.12812 0.03125
13 0.4875 0.98438 0.125 0.025
13 0.61719 0.92031 0.12187 0.02812
13 0.62031 0.95312 0.12812 0.0375
13 0.775 0.92812 0.13125 0.03125
13 0.77656 0.95625 0.13438 0.025
13 0.775 0.98281 0.13125 0.02812
13 0.93125 0.95469 0.125 0.02812
13 0.93281 0.98438 0.12812 0.025
13 0.05625 0.6875 0.06875 0.03125
13 0.05781 0.72344 0.07187 0.03437
13 0.12344 0.725 0.06562 0.03125
13 0.1875 0.68906 0.06875 0.03438
13 0.22188 0.725 0.13125 0.03125
13 0.28906 0.68906 0.12813 0.03438
13 0.4125 0.68594 0.11875 0.03438
13 0.35156 0.72344 0.12813 0.03437
13 0.47969 0.72031 0.12812 0.03438
13 0.60469 0.72344 0.12188 0.02813
13 0.70156 0.72188 0.06563 0.03125
13 0.73438 0.68281 0.13125 0.02813
13 0.77031 0.72344 0.06562 0.02813
13 0.86719 0.68281 0.12813 0.03437
13 0.96562 0.67969 0.06875 0.03438
13 0.05469 0.47812 0.06562 0.03125
13 0.12031 0.47812 0.06563 0.03125
13 0.18594 0.47812 0.06562 0.03125
13 0.08594 0.51875 0.12812 0.03125
13 0.21719 0.51875 0.12812 0.03125
13 0.28281 0.47656 0.12812 0.02812
13 0.34844 0.51719 0.12812 0.02812
13 0.99531 0.47344 0.00938 0.02813
13 0.89219 0.47344 0.06563 0.02813
13 0.86094 0.5125 0.12187 0.03125
13 0.63438 0.47344 0.0625 0.02813
13 0.73438 0.475 0.13125 0.03125
13 0.76719 0.5125 0.06563 0.03125
13 0.50938 0.5125 0.0625 0.03125
13 0.44375 0.5125 0.0625 0.03125
13 0.57188 0.51406 0.0625 0.02812
13 0.66562 0.51406 0.11875 0.03437
9 0.44531 0.475 0.19063 0.03125
13 0.08594 0.27187 0.12812 0.03125
13 0.12031 0.30781 0.06563 0.02813
13 0.18281 0.26875 0.06563 0.03125
13 0.21719 0.30625 0.12812 0.03125
13 0.28281 0.27187 0.12812 0.03125
13 0.31406 0.30625 0.06562 0.03125
13 0.41406 0.26875 0.12813 0.03125
13 0.40781 0.30469 0.12188 0.02812
13 0.6 0.26562 0.13125 0.03125
13 0.54219 0.30469 0.12188 0.02812
13 0.66875 0.30469 0.125 0.02812
13 0.925 0.26562 0.13125 0.03125
13 0.69844 0.26562 0.06562 0.03125
13 0.76406 0.26406 0.06563 0.02813
13 0.82969 0.26562 0.05937 0.03125
13 0.99531 0.26875 0.00938 0.03125
13 0.88594 0.30312 0.05938 0.025
13 0.9625 0.30156 0.075 0.02813
13 0.04844 0.10312 0.06562 0.03125
13 0.14688 0.1 0.125 0.03125
13 0.20781 0.06719 0.12812 0.02813
13 0.27812 0.1 0.125 0.03125
13 0.34062 0.06875 0.125 0.025
13 0.41094 0.1 0.12812 0.03125
13 0.45938 0.06562 0.1125 0.03125
13 0.54062 0.1 0.125 0.03125
13 0.56719 0.06719 0.07188 0.03438
13 0.63437 0.09844 0.05625 0.02812
13 0.66875 0.06562 0.125 0.03125
13 0.69531 0.09688 0.06563 0.03125
13 0.80156 0.06094 0.12812 0.02812
13 0.83906 0.09844 0.06562 0.02812
13 0.95938 0.06094 0.08125 0.02812
13 0.94531 0.10156 0.10938 0.02813
