5 0.27969 0.12188 0.03437 0.05625
5 0.57031 0.0125 0.02812 0.025
5 0.55937 0.07969 0.03125 0.04687
5 0.5375 0.12656 0.0375 0.05313
5 0.59688 0.1 0.03125 0.05
5 0.625 0.23906 0.03125 0.05313
5 0.60156 0.2875 0.02812 0.0625
10 0.01094 0.11562 0.02188 0.05
48 0.34375 0.07031 0.26875 0.14062
5 0.50938 0.00469 0.03125 0.00938
5 0.66719 0.75937 0.04688 0.025
48 0.12188 0.08125 0.225 0.1625
5 0.45469 0.60625 0.05313 0.0625
5 0.52344 0.80156 0.02812 0.04688
5 0.55313 0.87344 0.0375 0.04688
5 0.86562 0.76719 0.075 0.04688
5 0.73125 0.71094 0.05625 0.02188
5 0.67969 0.67812 0.07187 0.03125
48 0.05156 0.56563 0.10312 0.25625
5 0.92812 0.74219 0.075 0.03438
5 0.69688 0.65312 0.05 0.03125
5 0.99688 0.81719 0.00625 0.05312
5 0.66406 0.29375 0.05313 0.05625
5 0.09531 0.73438 0.05312 0.0375
5 0.53125 0.96406 0.04375 0.04063
5 0.14375 0.50313 0.05 0.0375
8 0.55312 0.6125 0.04375 0.0375
5 0.57188 0.54219 0.0625 0.05312
48 0.85938 0.55 0.28125 0.44375
48 0.75 0.075 0.04375 0.15
48 0.925 0.02812 0.15 0.05625
5 0.04531 0.75937 0.04062 0.0375
5 0.67344 0.73281 0.06563 0.04063
8 0.60156 0.62187 0.04062 0.04375
5 0.9375 0.71875 0.075 0.04375
5 0.58125 0.67812 0.04375 0.05
5 0.71719 0.47188 0.04063 0.03125
8 0.54688 0.7375 0.06875 0.05625
5 0.18594 0.72812 0.06562 0.04375
48 0.74531 0.06094 0.24062 0.12188
5 0.49531 0.78281 0.03437 0.04688
5 0.39375 0.63281 0.075 0.03438
5 0.98438 0.76875 0.03125 0.05
5 0.67813 0.36875 0.0375 0.05625
5 0.85625 0.74219 0.0875 0.03438
5 0.65 0.16094 0.0375 0.05937
5 0.61406 0.55625 0.03437 0.04375
5 0.8875 0.625 0.075 0.04375
5 0.60781 0.34844 0.03438 0.04688
5 0.51406 0.90469 0.05313 0.05312
5 0.5625 0.78438 0.0625 0.05
5 0.51094 0.70312 0.04688 0.04375
5 0.61562 0.42188 0.03125 0.0375
