5 0.99688 0.40938 0.00625 0.0375
5 0.69531 0.57031 0.02812 0.05313
48 0.99531 0.15469 0.00938 0.09688
48 0.95156 0.18594 0.09688 0.17187
48 0.775 0.3125 0.25 0.25
5 0.57188 0.25625 0.03125 0.04375
5 0.46875 0.32656 0.025 0.05313
5 0.44062 0.32656 0.03125 0.04688
5 0.34531 0.575 0.05313 0.025
5 0.33906 0.54688 0.05938 0.03125
5 0.325 0.43594 0.04375 0.02813
9 0.33125 0.48438 0.0625 0.03125
9 0.32969 0.46094 0.05938 0.02812
5 0.32188 0.41094 0.05625 0.03437
5 0.30625 0.38281 0.05 0.02812
9 0.41406 0.33438 0.04688 0.08125
5 0.3 0.30938 0.05625 0.03125
5 0.29375 0.26094 0.025 0.04062
5 0.28125 0.19219 0.05 0.02812
48 0.5 0.2125 0.23125 0.10625
48 0.62187 0.1875 0.0625 0.06875
48 0.48438 0.50469 0.225 0.26562
5 0.56406 0.73281 0.04688 0.02812
5 0.53438 0.75781 0.025 0.04062
5 0.59219 0.75156 0.03438 0.02812
5 0.23281 0.44688 0.02813 0.04375
5 0.18438 0.44219 0.04375 0.02813
5 0.18594 0.46406 0.04688 0.02187
5 0.19375 0.48438 0.05625 0.03125
5 0.19844 0.50938 0.05937 0.025
5 0.19844 0.52969 0.05937 0.02187
5 0.20938 0.59844 0.05 0.02813
5 0.21094 0.625 0.04063 0.025
9 0.90469 0.67969 0.07188 0.04062
5 0.39531 0.84688 0.05938 0.03125
5 0.07344 0.75312 0.05938 0.03125
5 0.27031 0.0875 0.02813 0.0375
7 0.18281 0.09844 0.04688 0.04688
48 0.46406 0.0625 0.14687 0.10625
48 0.57969 0.0625 0.11562 0.0875
48 0.68438 0.04688 0.05 0.0625
48 0.74531 0.04688 0.05312 0.05625
48 0.95469 0.02656 0.09062 0.05312
53 0.4125 0.33438 0.175 0.08125
53 0.32969 0.40156 0.09063 0.14687
53 0.3375 0.55781 0.0625 0.16563
53 0.19375 0.47969 0.08125 0.14063
53 0.21406 0.62344 0.06563 0.14062
48 0.04062 0.3375 0.08125 0.25
48 0.10312 0.36719 0.1125 0.14062
48 0.01094 0.47656 0.02188 0.05313
48 0.05938 0.625 0.11875 0.2125
48 0.95 0.75469 0.075 0.05312
48 0.96406 0.90469 0.07188 0.19063
48 0.77031 0.95938 0.09687 0.08125
48 0.65 0.89062 0.35 0.21875
7 0.28281 0.95312 0.04688 0.03125
5 0.27656 0.92031 0.04688 0.04688
5 0.37969 0.97656 0.04063 0.04688
5 0.19688 0.99844 0.03125 0.00313
48 0.24844 0.99531 0.07812 0.00938
48 0.16719 0.82188 0.09688 0.0625
48 0.04688 0.8375 0.09375 0.05625
48 0.09531 0.96406 0.19062 0.07188
