53 0.98594 0.88594 0.02812 0.22813
5 0.18125 0.17344 0.04375 0.03437
10 0.46562 0.91562 0.05 0.0625
5 0.68906 0.82812 0.03438 0.0375
5 0.90781 0.92031 0.03438 0.05937
11 0.36719 0.86406 0.07812 0.09687
5 0.18281 0.97188 0.04062 0.03125
8 0.12969 0.00312 0.04062 0.00625
5 0.24219 0.98438 0.02812 0.03125
11 0.59844 0.98906 0.07812 0.02187
11 0.50938 0.95625 0.08125 0.0875
11 0.52969 0.9625 0.07188 0.075
5 0.62813 0.79531 0.0375 0.02812
48 0.85156 0.01875 0.29688 0.0375
53 0.59062 0.81562 0.44375 0.36875
5 0.62656 0.94844 0.03438 0.04063
5 0.56875 0.74062 0.01875 0.05
5 0.99219 0.67812 0.01562 0.01875
11 0.39375 0.87188 0.0625 0.075
8 0.33125 0.97812 0.05 0.04375
11 0.57656 0.98125 0.07188 0.0375
8 0.66875 0.81094 0.03125 0.04063
10 0.55156 0.97344 0.07188 0.05312
