48 0.92969 0.52969 0.14062 0.25312
48 0.90469 0.6375 0.14062 0.15
48 0.9625 0.6875 0.075 0.14375
48 0.98906 0.79688 0.02187 0.15
48 0.94219 0.76094 0.11562 0.10313
48 0.85469 0.725 0.11562 0.10625
48 0.94531 0.85 0.10938 0.09375
48 0.98906 0.90156 0.02187 0.08437
48 0.94375 0.93281 0.1125 0.10938
48 0.84844 0.80938 0.14687 0.125
48 0.82031 0.88437 0.15312 0.11875
48 0.77656 0.93438 0.17812 0.13125
48 0.91406 0.96875 0.17188 0.0625
5 0.92812 0.22031 0.03125 0.04688
5 0.84062 0.53906 0.025 0.02812
5 0.82344 0.58125 0.02187 0.03125
5 0.80781 0.62813 0.02187 0.03125
5 0.89219 0.33594 0.02187 0.04063
5 0.65781 0.8375 0.02812 0.0375
5 0.68594 0.95312 0.02812 0.05
23 0.12188 0.26406 0.03125 0.03437
28 0.65938 0.33438 0.04375 0.03125
23 0.54375 0.7 0.025 0.01875
23 0.52031 0.73906 0.03437 0.01562
23 0.51875 0.75781 0.0375 0.01562
5 0.7625 0.37656 0.0375 0.05313
48 0.99844 0.16875 0.00313 0.15625
5 0.66094 0.51562 0.02813 0.0375
8 0.77812 0.70625 0.025 0.04375
28 0.04219 0.03906 0.02812 0.04688
28 0.16094 0.20469 0.02812 0.04062
28 0.15 0.30625 0.03125 0.0375
28 0.31094 0.27812 0.02813 0.05
28 0.35625 0.225 0.0375 0.03125
28 0.36094 0.23906 0.04062 0.03437
24 0.71094 0.25781 0.04062 0.02187
24 0.6875 0.27031 0.03125 0.01562
24 0.68125 0.29375 0.05 0.025
24 0.65 0.35625 0.03125 0.025
28 0.64531 0.37813 0.05312 0.01875
28 0.62969 0.41094 0.05312 0.03437
24 0.00938 0.49688 0.01875 0.04375
5 0.94062 0.27031 0.01875 0.03437
