5 0.26875 0.01562 0.0375 0.03125
5 0.76875 0.775 0.05 0.03125
5 0.43594 0.72344 0.05313 0.03437
5 0.01875 0.98594 0.0375 0.02812
10 0.1625 0.39844 0.05625 0.10938
5 0.10312 0.27344 0.05 0.05312
48 0.51406 0.00625 0.12187 0.0125
48 0.72812 0.04688 0.125 0.09375
48 0.575 0.06094 0.14375 0.12188
48 0.40469 0.04844 0.17188 0.09688
48 0.40469 0.13438 0.19062 0.11875
48 0.48438 0.24531 0.15625 0.10938
48 0.33125 0.23125 0.1625 0.09375
48 0.8375 0.07812 0.11875 0.15625
48 0.93125 0.10156 0.1375 0.10312
48 0.92813 0.02188 0.06875 0.04375
48 0.81562 0.00781 0.0625 0.01562
48 0.98125 0.1 0.0375 0.16875
48 0.96406 0.33594 0.07188 0.05937
48 0.8375 0.37969 0.10625 0.06562
48 0.95781 0.39844 0.08437 0.12813
48 0.77188 0.32188 0.09375 0.1125
48 0.99375 0.50781 0.0125 0.07812
48 0.97188 0.65312 0.05625 0.15625
48 0.91719 0.63906 0.10938 0.12813
48 0.79688 0.62187 0.1625 0.16875
48 0.6125 0.56719 0.275 0.15937
48 0.44062 0.54844 0.11875 0.15313
48 0.44531 0.42812 0.07188 0.08125
48 0.31094 0.44375 0.20938 0.13125
48 0.29531 0.54531 0.17187 0.12812
48 0.04219 0.27187 0.08438 0.11875
48 0.06719 0.10156 0.10312 0.09063
48 0.075 0.02656 0.15 0.05312
48 0.00781 0.10312 0.01562 0.04375
48 0.02812 0.43906 0.05625 0.20312
48 0.22656 0.80625 0.24688 0.13125
48 0.14844 0.92812 0.15313 0.1375
48 0.32969 0.99844 0.14688 0.00313
48 0.71094 0.96562 0.09688 0.06875
48 0.63281 0.925 0.12187 0.13125
48 0.49219 0.89844 0.13437 0.17188
48 0.94062 0.94531 0.11875 0.10938
