48 0.00469 0.37344 0.00938 0.05938
48 0.02656 0.45938 0.05312 0.08125
48 0.00781 0.47969 0.01562 0.05312
48 0.02031 0.51562 0.04062 0.05
48 0.02188 0.94531 0.04375 0.07812
48 0.00938 0.88125 0.01875 0.06875
48 0.01719 0.78594 0.03438 0.09063
48 0.05156 0.7375 0.10312 0.1
48 0.1375 0.69062 0.06875 0.0625
48 0.17656 0.65 0.04688 0.04375
48 0.05781 0.63438 0.11562 0.09375
48 0.12812 0.61562 0.075 0.08125
48 0.06406 0.58125 0.07188 0.0625
48 0.08281 0.53438 0.07812 0.0625
48 0.0375 0.39531 0.075 0.06562
48 0.04844 0.35938 0.09688 0.0875
48 0.08438 0.33594 0.1125 0.09688
48 0.14688 0.31719 0.04375 0.04688
48 0.11719 0.28906 0.05938 0.05937
48 0.07656 0.27344 0.05938 0.05937
48 0.02188 0.27344 0.04375 0.07812
48 0.04688 0.19531 0.09375 0.13438
48 0.11562 0.22188 0.0625 0.06875
48 0.16875 0.25156 0.05 0.07813
48 0.175 0.15625 0.14375 0.1375
48 0.34375 0.10312 0.05625 0.04375
48 0.39844 0.12344 0.05937 0.05938
48 0.43437 0.14531 0.04375 0.05937
48 0.35625 0.14844 0.08125 0.05938
48 0.31719 0.17812 0.04688 0.05
48 0.29688 0.24688 0.125 0.13125
48 0.32812 0.34219 0.04375 0.03437
48 0.34219 0.38594 0.06562 0.06562
48 0.29219 0.39219 0.05938 0.07812
48 0.23438 0.52656 0.1 0.12188
48 0.16719 0.54062 0.10937 0.125
48 0.21406 0.61875 0.07187 0.06875
48 0.27187 0.65938 0.08125 0.08125
48 0.21875 0.7125 0.1 0.1
48 0.14688 0.78594 0.10625 0.10313
48 0.08125 0.85156 0.1625 0.15312
48 0.06406 0.95781 0.09688 0.08437
48 0.10781 0.98438 0.05938 0.03125
48 0.14375 0.99688 0.08125 0.00625
48 0.25312 0.99844 0.0375 0.00313
48 0.21094 0.97812 0.07812 0.04375
48 0.17656 0.93594 0.11562 0.09688
48 0.25625 0.95938 0.075 0.08125
48 0.22656 0.86875 0.09688 0.0875
48 0.29375 0.90156 0.0625 0.06562
48 0.34062 0.925 0.05625 0.05625
48 0.26719 0.84219 0.06562 0.04688
48 0.32812 0.87969 0.075 0.04688
48 0.35469 0.85938 0.07812 0.05
48 0.28281 0.80781 0.07187 0.07188
48 0.29219 0.75156 0.07812 0.07812
48 0.37812 0.82344 0.11875 0.09687
48 0.39844 0.78281 0.08437 0.05937
48 0.35156 0.675 0.09062 0.09375
48 0.42188 0.71406 0.08125 0.07812
48 0.4625 0.67188 0.0625 0.0625
48 0.33125 0.51406 0.15625 0.17813
48 0.40625 0.55312 0.14375 0.14375
48 0.35312 0.26094 0.0375 0.04062
48 0.36875 0.28906 0.06875 0.08437
48 0.3875 0.23125 0.04375 0.05
48 0.45781 0.16562 0.05312 0.0625
48 0.50469 0.18594 0.08437 0.09687
48 0.50469 0.10469 0.06562 0.06563
48 0.5625 0.14531 0.075 0.08438
48 0.6125 0.175 0.06875 0.0875
48 0.62969 0.22188 0.03437 0.03125
48 0.57812 0.23594 0.10625 0.09687
48 0.6375 0.26406 0.05 0.05313
48 0.45156 0.24844 0.17813 0.16562
48 0.42812 0.33906 0.09375 0.07188
48 0.49062 0.42344 0.0625 0.06562
48 0.51406 0.3625 0.07812 0.06875
48 0.53906 0.60312 0.07187 0.08125
48 0.44375 0.6125 0.10625 0.11875
48 0.54844 0.98281 0.03438 0.03438
48 0.56875 0.99688 0.0375 0.00625
48 0.60625 0.99219 0.0375 0.01562
48 0.5125 0.95625 0.0625 0.05625
48 0.46406 0.96562 0.14687 0.06875
48 0.44844 0.92031 0.10313 0.07812
48 0.47656 0.87031 0.09062 0.08437
48 0.52812 0.89531 0.05 0.07188
48 0.55469 0.92344 0.04688 0.05937
48 0.58125 0.94531 0.04375 0.05937
48 0.52031 0.82812 0.10937 0.075
48 0.525 0.78438 0.08125 0.06875
48 0.55156 0.74531 0.06562 0.05938
48 0.55469 0.32969 0.07812 0.07187
48 0.57031 0.29219 0.07187 0.05938
48 0.64375 0.10938 0.05 0.0625
48 0.72188 0.12188 0.13125 0.1125
48 0.68125 0.19375 0.075 0.08125
48 0.7625 0.18125 0.04375 0.04375
48 0.72812 0.22188 0.0875 0.0875
48 0.67031 0.27812 0.07188 0.08125
48 0.70781 0.3 0.07812 0.0875
48 0.66562 0.34844 0.0625 0.05312
48 0.5875 0.45 0.15625 0.18125
48 0.61406 0.65469 0.15937 0.19063
48 0.64844 0.73906 0.04062 0.04063
48 0.6 0.77812 0.075 0.06875
48 0.66719 0.79688 0.09687 0.09375
48 0.61562 0.83438 0.075 0.05625
48 0.61094 0.95938 0.03438 0.05625
48 0.64219 0.85938 0.02812 0.025
48 0.6 0.88594 0.09375 0.09063
48 0.65312 0.92344 0.05 0.11562
48 0.64375 0.99062 0.04375 0.01875
48 0.67813 0.99219 0.0375 0.01562
48 0.71094 0.99062 0.04062 0.01875
48 0.75781 0.9875 0.04688 0.025
48 0.80781 0.9875 0.05312 0.025
48 0.875 0.98906 0.1125 0.02187
48 0.79531 0.94219 0.05937 0.05938
48 0.84062 0.95312 0.05 0.06875
48 0.89844 0.94844 0.07812 0.07812
48 0.8375 0.89219 0.04375 0.05312
48 0.875 0.9 0.05625 0.0625
48 0.91094 0.89219 0.02187 0.02187
48 0.69062 0.71875 0.05625 0.05625
48 0.72031 0.66406 0.05937 0.07812
48 0.66094 0.53281 0.07812 0.06563
48 0.70625 0.56875 0.0625 0.0625
48 0.74688 0.50625 0.05625 0.08125
48 0.70312 0.47969 0.10625 0.11562
48 0.72656 0.38594 0.09688 0.09063
48 0.76562 0.31094 0.0625 0.05938
48 0.8 0.25469 0.0875 0.10313
48 0.8375 0.17656 0.06875 0.07812
48 0.97812 0.11094 0.04375 0.09687
48 0.99375 0.1375 0.0125 0.09375
48 0.94688 0.21875 0.08125 0.09375
48 0.89688 0.19219 0.05625 0.06563
48 0.875 0.23594 0.075 0.07187
48 0.90312 0.3875 0.05625 0.0625
48 0.87344 0.32812 0.13438 0.15625
48 0.94844 0.29844 0.05312 0.05938
48 0.97188 0.25625 0.05625 0.06875
48 0.97188 0.31562 0.05625 0.1
48 0.79375 0.42031 0.08125 0.10938
48 0.78281 0.5125 0.07188 0.09375
48 0.75156 0.58906 0.04063 0.05938
48 0.81094 0.56406 0.07188 0.07188
48 0.80156 0.62031 0.05938 0.04688
48 0.77656 0.66094 0.05312 0.07188
48 0.79688 0.69688 0.0625 0.08125
48 0.74688 0.75781 0.075 0.11563
48 0.96719 0.99531 0.06563 0.00938
48 0.98281 0.84688 0.03438 0.13125
48 0.95 0.88281 0.04375 0.08438
48 0.88906 0.78438 0.17812 0.18125
48 0.86719 0.61875 0.06563 0.0625
48 0.85156 0.57187 0.04062 0.0375
48 0.84062 0.50313 0.05 0.0625
48 0.94062 0.35781 0.05 0.04062
48 0.94688 0.39688 0.0625 0.0625
48 0.90781 0.4375 0.02812 0.04375
48 0.9375 0.44219 0.0375 0.03437
48 0.87656 0.53906 0.04063 0.05313
48 0.89219 0.56094 0.02812 0.04688
48 0.97188 0.4375 0.04375 0.06875
48 0.99375 0.45312 0.0125 0.0625
48 0.99531 0.39688 0.00938 0.04375
48 0.98906 0.58906 0.02187 0.05938
48 0.98125 0.65 0.0375 0.075
48 0.97031 0.71406 0.05937 0.09687
48 0.24219 0.09844 0.13438 0.09062
48 0.02344 0.06406 0.04688 0.04687
48 0.16563 0.06719 0.06875 0.05312
48 0.40938 0.07344 0.1 0.05938
48 0.7125 0.90625 0.10625 0.175
48 0.32969 0.73906 0.10938 0.09063
48 0.79062 0.87031 0.1 0.09687
48 0.03906 0.10469 0.07812 0.08438
48 0.08125 0.10156 0.06875 0.08438
48 0.06719 0.07031 0.07812 0.05313
48 0.28906 0.34219 0.07812 0.09687
48 0.24844 0.44688 0.06562 0.075
48 0.21875 0.4 0.11875 0.1125
48 0.14688 0.45312 0.15625 0.13125
48 0.19219 0.34219 0.17812 0.15937
48 0.37969 0.32344 0.09687 0.09687
48 0.40781 0.39375 0.12812 0.125
48 0.4375 0.45469 0.1 0.09688
48 0.29844 0.61719 0.10312 0.09688
48 0.49688 0.54219 0.10625 0.10938
48 0.49687 0.47031 0.09375 0.10938
48 0.56563 0.55937 0.075 0.0625
48 0.49687 0.65 0.125 0.125
48 0.20469 0.81562 0.12188 0.10625
48 0.85938 0.67656 0.08125 0.07812
48 0.81719 0.09375 0.10938 0.09375
48 0.56719 0.1 0.20937 0.1125
48 0.92188 0.125 0.15625 0.15
48 0.98906 0.23438 0.02187 0.125
48 0.63906 0.36719 0.10313 0.06563
48 0.61719 0.32812 0.09688 0.1
48 0.87656 0.46094 0.09688 0.12813
48 0.93281 0.49844 0.10938 0.11563
48 0.94688 0.60781 0.08125 0.07812
48 0.98125 0.37344 0.0375 0.07187
48 0.95625 0.94531 0.0875 0.10938
48 0.79375 0.14844 0.06875 0.07188
48 0.01562 0.55781 0.03125 0.07812
