53 0.2625 0.37031 0.2375 0.36562
48 0.26406 0.63281 0.23437 0.25313
5 0.62813 0.82031 0.025 0.04062
5 0.66562 0.83125 0.01875 0.03125
5 0.68594 0.83281 0.02187 0.03437
5 0.70781 0.84219 0.02187 0.03438
5 0.72656 0.84531 0.02188 0.03438
5 0.74688 0.84688 0.01875 0.03125
5 0.66094 0.86562 0.02187 0.03125
5 0.67812 0.86563 0.01875 0.0375
5 0.69844 0.87188 0.02187 0.0375
5 0.71875 0.87656 0.01875 0.04063
5 0.7375 0.87969 0.01875 0.03437
5 0.68906 0.90781 0.02187 0.04063
5 0.5625 0.90938 0.01875 0.0375
5 0.58125 0.9125 0.01875 0.0375
5 0.60312 0.92031 0.01875 0.03438
5 0.62187 0.92344 0.01875 0.03438
5 0.64219 0.92969 0.02187 0.02812
5 0.66406 0.93438 0.02188 0.0375
5 0.68281 0.94219 0.02187 0.03437
5 0.63281 0.9625 0.02188 0.0375
5 0.65312 0.96562 0.01875 0.0375
5 0.69375 0.97656 0.025 0.03438
5 0.71406 0.97969 0.01562 0.03437
5 0.54688 0.97656 0.01875 0.03438
5 0.66562 0.99375 0.01875 0.0125
5 0.68594 0.99531 0.02187 0.00938
5 0.70625 0.99688 0.01875 0.00625
5 0.51562 0.99531 0.025 0.00938
5 0.55781 0.99688 0.02187 0.00625
5 0.87031 0.0125 0.02187 0.025
5 0.89062 0.01562 0.01875 0.03125
5 0.90469 0.11719 0.02187 0.03437
5 0.88594 0.1125 0.02187 0.0375
5 0.9 0.15 0.01875 0.0375
5 0.83906 0.13906 0.02187 0.03438
5 0.82812 0.17188 0.01875 0.0375
5 0.87031 0.18125 0.02187 0.0375
5 0.89062 0.18438 0.01875 0.0375
5 0.90938 0.1875 0.01875 0.0375
5 0.90312 0.22188 0.01875 0.0375
5 0.88437 0.21719 0.025 0.04062
5 0.84219 0.20781 0.02187 0.03438
5 0.82031 0.20625 0.02188 0.0375
5 0.80156 0.19844 0.02187 0.03438
5 0.78125 0.19219 0.01875 0.03438
5 0.77344 0.22344 0.01562 0.03438
5 0.79219 0.22812 0.02187 0.03125
5 0.81406 0.23594 0.02187 0.03437
5 0.87656 0.24844 0.02187 0.03437
5 0.89531 0.25312 0.01562 0.03125
5 0.78594 0.2625 0.02187 0.0375
5 0.77656 0.29531 0.02187 0.03437
5 0.83906 0.31094 0.02187 0.03437
5 0.87031 0.35312 0.02187 0.0375
5 0.85156 0.35 0.02188 0.0375
5 0.82812 0.34375 0.01875 0.0375
5 0.80938 0.33906 0.01875 0.03437
5 0.78906 0.33281 0.02188 0.03437
5 0.77031 0.32812 0.02187 0.0375
5 0.72656 0.31875 0.02188 0.0375
5 0.7 0.34844 0.01875 0.03437
5 0.78281 0.36719 0.02187 0.04063
5 0.7125 0.38438 0.01875 0.0375
5 0.76719 0.43125 0.02187 0.0375
5 0.78438 0.43906 0.01875 0.03437
5 0.80469 0.44219 0.02188 0.03437
5 0.65469 0.44062 0.02187 0.03125
5 0.67656 0.44531 0.02187 0.03438
5 0.69531 0.45312 0.02188 0.0375
5 0.75781 0.46562 0.02188 0.0375
5 0.77812 0.47188 0.01875 0.0375
5 0.65312 0.46094 0.01875 0.03438
5 0.70156 0.52188 0.02187 0.0375
5 0.72031 0.52812 0.02187 0.03125
5 0.74219 0.53281 0.02188 0.03438
5 0.76094 0.5375 0.02187 0.03125
5 0.78125 0.54531 0.01875 0.03438
5 0.81406 0.58438 0.02187 0.03125
5 0.65312 0.54531 0.01875 0.03438
5 0.67188 0.55156 0.01875 0.03437
5 0.7125 0.56094 0.01875 0.03438
5 0.73125 0.5625 0.01875 0.0375
5 0.62656 0.56406 0.02187 0.03438
5 0.68438 0.58906 0.01875 0.03437
5 0.725 0.59844 0.01875 0.03437
5 0.74375 0.60156 0.01875 0.03438
5 0.63594 0.61094 0.02187 0.03438
5 0.65469 0.61719 0.01562 0.03438
5 0.73438 0.63594 0.01875 0.04063
5 0.775 0.64531 0.01875 0.03437
5 0.60156 0.6625 0.02188 0.0375
5 0.66719 0.65469 0.02187 0.03438
5 0.70781 0.66562 0.02187 0.03125
5 0.72812 0.66875 0.01875 0.0375
5 0.74688 0.675 0.01875 0.0375
5 0.78906 0.68281 0.02188 0.03437
5 0.61875 0.67656 0.01875 0.03437
5 0.63906 0.68281 0.02187 0.03437
5 0.65938 0.68906 0.01875 0.03438
5 0.67812 0.69219 0.01875 0.03437
5 0.7 0.69687 0.01875 0.0375
5 0.78125 0.71562 0.01875 0.03125
5 0.59531 0.69531 0.01562 0.03438
5 0.61094 0.71094 0.02187 0.03438
5 0.63125 0.71562 0.01875 0.0375
5 0.65156 0.71875 0.01562 0.0375
5 0.67031 0.72656 0.02187 0.03438
5 0.69219 0.73125 0.02187 0.0375
5 0.7125 0.73438 0.01875 0.0375
5 0.75156 0.74219 0.02187 0.03438
5 0.77188 0.74688 0.01875 0.03125
5 0.60312 0.74531 0.01875 0.03437
5 0.66406 0.75937 0.02188 0.0375
5 0.70469 0.76719 0.02187 0.03438
5 0.725 0.77344 0.01875 0.03438
5 0.76562 0.78281 0.025 0.03438
5 0.63594 0.78594 0.02187 0.03437
5 0.69531 0.8 0.02188 0.0375
5 0.60625 0.81562 0.01875 0.0375
56 0.50781 0.63125 0.19687 0.5625
56 0.30937 0.9375 0.33125 0.125
5 0.83281 0.06406 0.02187 0.04063
5 0.67812 0.32812 0.01875 0.0375
5 0.72812 0.39062 0.025 0.0375
5 0.64844 0.65312 0.01562 0.0375
5 0.73906 0.81562 0.02187 0.03125
5 0.56719 0.80781 0.02187 0.03437
5 0.79844 0.30469 0.02187 0.03438
5 0.66562 0.40469 0.025 0.04062
5 0.82656 0.45312 0.01562 0.0375
5 0.55312 0.94531 0.01875 0.03438
5 0.84062 0.02969 0.01875 0.04062
5 0.70312 0.41875 0.01875 0.0375
5 0.77031 0.68594 0.01562 0.03438
5 0.72031 0.70312 0.02187 0.03125
5 0.55625 0.83438 0.01875 0.03125
5 0.56406 0.98281 0.01562 0.03438
5 0.90156 0.04844 0.02187 0.03438
5 0.85469 0.14219 0.02187 0.03437
5 0.80312 0.26875 0.01875 0.0375
5 0.63281 0.53438 0.01562 0.0375
5 0.65 0.82656 0.01875 0.03438
5 0.57812 0.84844 0.01875 0.03437
5 0.60312 0.98906 0.025 0.02187
5 0.86719 0.28438 0.02188 0.0375
5 0.85625 0.31562 0.025 0.03125
5 0.83594 0.41719 0.02188 0.03437
5 0.77656 0.4 0.02187 0.0375
5 0.75469 0.56875 0.02187 0.0375
5 0.73125 0.74375 0.01875 0.03125
5 0.5875 0.81562 0.01875 0.0375
5 0.59062 0.88594 0.025 0.03437
5 0.87969 0.15156 0.02187 0.03438
5 0.82188 0.55469 0.01875 0.04062
5 0.76719 0.60781 0.02187 0.03438
5 0.68438 0.66719 0.01875 0.03437
5 0.65469 0.79844 0.01562 0.04063
5 0.875 0.07656 0.01875 0.03438
5 0.73281 0.2875 0.02187 0.03125
5 0.82031 0.37969 0.02188 0.03437
5 0.625 0.64688 0.01875 0.04375
5 0.57656 0.95156 0.02187 0.03438
5 0.91094 0.01719 0.02187 0.03438
5 0.81406 0.41562 0.02187 0.03125
5 0.64375 0.58125 0.01875 0.0375
5 0.72188 0.95156 0.025 0.03438
5 0.72656 0.5 0.02188 0.0375
5 0.69531 0.55937 0.02188 0.03125
5 0.92188 0.00156 0.01875 0.00312
5 0.73906 0.35625 0.02187 0.03125
5 0.74375 0.77969 0.01875 0.03438
5 0.52656 0.975 0.02187 0.03125
5 0.91406 0.08281 0.01562 0.03438
5 0.66562 0.48281 0.01875 0.03437
5 0.64219 0.49531 0.02187 0.03437
5 0.64375 0.75781 0.01875 0.03438
5 0.61719 0.85938 0.02188 0.03125
5 0.83438 0.24219 0.01875 0.03438
5 0.88906 0.28906 0.02187 0.03438
5 0.75156 0.40156 0.02187 0.03437
5 0.70938 0.49219 0.01875 0.04062
5 0.54844 0.87188 0.02187 0.0375
5 0.88437 0.04219 0.025 0.04062
5 0.77188 0.51094 0.01875 0.03437
5 0.8 0.55156 0.01875 0.03437
5 0.71406 0.63437 0.02187 0.0375
5 0.79375 0.65312 0.01875 0.0375
5 0.85781 0.03438 0.02812 0.0375
5 0.85781 0.07344 0.02187 0.02812
5 0.80625 0.16563 0.01875 0.0375
5 0.74531 0.43125 0.02187 0.0375
5 0.79062 0.58906 0.01875 0.03437
5 0.53906 0.90312 0.02188 0.03125
5 0.85 0.175 0.025 0.0375
5 0.60781 0.63594 0.00938 0.04063
5 0.67813 0.76562 0.025 0.03125
5 0.71562 0.81094 0.01875 0.03438
5 0.82344 0.1 0.02187 0.0375
5 0.8625 0.21094 0.01875 0.03437
5 0.8125 0.5125 0.01875 0.0375
5 0.64219 0.8625 0.02187 0.03125
5 0.70781 0.3125 0.01562 0.0375
5 0.66406 0.58438 0.01562 0.0375
5 0.84844 0.00625 0.02187 0.0125
5 0.84375 0.10781 0.01875 0.03438
5 0.81719 0.13125 0.01562 0.0375
5 0.59688 0.85469 0.01875 0.04063
5 0.65 0.90312 0.01875 0.03125
5 0.58438 0.98594 0.025 0.02812
5 0.86719 0.38906 0.02188 0.03437
5 0.6875 0.48906 0.01875 0.04063
5 0.80469 0.61719 0.02188 0.04062
5 0.62031 0.75 0.02187 0.03125
5 0.57031 0.87812 0.02188 0.04375
5 0.62969 0.89531 0.01562 0.04063
5 0.8625 0.10938 0.01875 0.0375
5 0.79531 0.47812 0.01562 0.0375
5 0.58594 0.73281 0.02188 0.03438
5 0.675 0.8 0.0125 0.0375
5 0.75781 0.29219 0.02188 0.03437
5 0.82344 0.30625 0.02187 0.03125
5 0.79062 0.51719 0.025 0.03438
5 0.68125 0.52344 0.01875 0.03438
5 0.78281 0.6125 0.01562 0.0375
5 0.53438 0.94062 0.01875 0.0375
5 0.76094 0.25781 0.02813 0.03438
5 0.72188 0.42188 0.01875 0.03125
5 0.7875 0.15937 0.01875 0.0375
5 0.80312 0.37344 0.01875 0.03437
5 0.6125 0.95938 0.025 0.03125
5 0.84375 0.38125 0.01875 0.0375
5 0.69219 0.37969 0.02187 0.03437
5 0.71719 0.46094 0.02187 0.03438
5 0.67344 0.62187 0.02187 0.03125
5 0.73906 0.71094 0.01562 0.03438
5 0.70938 0.91406 0.01875 0.04062
5 0.89844 0.08125 0.02188 0.03125
5 0.85469 0.24219 0.01562 0.04063
5 0.87969 0.32344 0.02187 0.03437
5 0.7625 0.36406 0.025 0.03437
5 0.75 0.50156 0.025 0.03438
5 0.70625 0.59531 0.01875 0.03438
5 0.75625 0.64219 0.01875 0.03438
5 0.57187 0.77031 0.025 0.03437
5 0.70156 0.95156 0.02187 0.03438
5 0.67031 0.97812 0.02187 0.03125
5 0.62656 0.99062 0.02187 0.01875
5 0.84531 0.28125 0.02187 0.03125
5 0.825 0.27344 0.01875 0.03438
5 0.79062 0.40938 0.025 0.0375
5 0.7375 0.46406 0.01875 0.03437
5 0.65938 0.51406 0.01875 0.03437
5 0.77188 0.58594 0.01875 0.03438
5 0.75938 0.82031 0.01875 0.04062
5 0.64688 0.99375 0.025 0.0125
5 0.85469 0.42031 0.01562 0.03437
5 0.81406 0.48438 0.02187 0.03125
5 0.61563 0.59844 0.025 0.04063
5 0.76094 0.71562 0.02187 0.0375
5 0.59688 0.95625 0.01875 0.03125
5 0.82969 0.51562 0.01562 0.0375
5 0.59531 0.77656 0.01562 0.04063
5 0.60938 0.89219 0.01875 0.03438
5 0.72188 0.34844 0.01875 0.03437
5 0.68281 0.4125 0.02187 0.04375
5 0.84531 0.45312 0.02187 0.0375
5 0.61562 0.78594 0.01875 0.03437
5 0.8375 0.4875 0.01875 0.03125
5 0.69688 0.62813 0.01875 0.0375
5 0.66719 0.90625 0.01562 0.0375
5 0.72969 0.92031 0.02187 0.03438
5 0.74688 0.32656 0.01875 0.03437
