48 0.875 0.48594 0.2 0.16562
48 0.79844 0.35312 0.27187 0.25625
48 0.48906 0.65625 0.18438 0.20625
48 0.36094 0.39375 0.27812 0.475
48 0.85625 0.10156 0.2875 0.20312
48 0.99062 0.21875 0.01875 0.14375
48 0.23594 0.08906 0.47188 0.17812
48 0.15156 0.88594 0.20937 0.18438
48 0.00156 0.98281 0.00312 0.03438
48 0.67344 0.15156 0.23438 0.30312
48 0.63125 0.32969 0.39375 0.63438
48 0.35781 0.975 0.24063 0.05
48 0.70781 0.8625 0.19062 0.1375
5 0.40781 0.22969 0.04062 0.05312
5 0.48125 0.38906 0.03125 0.04688
5 0.55 0.45781 0.025 0.04063
8 0.53438 0.00469 0.0375 0.00938
9 0.93906 0.25156 0.05312 0.06562
5 0.98125 0.22188 0.0375 0.025
9 0.98438 0.23906 0.03125 0.02812
5 0.66719 0.6 0.04063 0.025
5 0.56719 0.64062 0.04063 0.0375
5 0.59219 0.47188 0.02187 0.0375
5 0.61875 0.46094 0.025 0.01562
5 0.62969 0.47969 0.02187 0.01562
5 0.60156 0.44062 0.03438 0.03125
5 0.51719 0.40469 0.02187 0.03437
5 0.52969 0.42812 0.02187 0.03125
9 0.46406 0.30312 0.02813 0.05625
