48 0.88281 0.04062 0.23438 0.08125
48 0.90781 0.22188 0.18437 0.225
5 0.19844 0.68594 0.04688 0.02187
5 0.66562 0.41406 0.025 0.04688
5 0.34062 0.62813 0.05 0.025
5 0.67969 0.70312 0.06563 0.025
48 0.69531 0.16406 0.18437 0.20937
5 0.98906 0.36719 0.02187 0.03438
47 0.95312 0.91719 0.09375 0.16563
5 0.97812 0.7875 0.04375 0.01875
5 0.51094 0.03437 0.04063 0.05
5 0.90938 0.39219 0.03125 0.04062
6 0.28281 0.65312 0.09063 0.0375
8 0.10156 0.225 0.05938 0.08125
5 0.18906 0.12812 0.05938 0.05
5 0.08281 0.47344 0.02812 0.04688
48 0.23594 0.97969 0.47188 0.04063
48 0.40625 0.87969 0.7 0.24062
5 0.58281 0.69844 0.05938 0.02187
5 0.93906 0.73281 0.06563 0.02187
5 0.37344 0.65469 0.05313 0.03438
5 0.89844 0.47188 0.03438 0.05
5 0.48125 0.69844 0.06875 0.02187
