19 0.95 0.13281 0.1 0.05938
19 0.85 0.16875 0.10625 0.04375
19 0.72656 0.2 0.15312 0.05625
19 0.58125 0.23594 0.15 0.05938
19 0.08438 0.95 0.1 0.03125
19 0.01875 0.94062 0.0375 0.0375
19 0.58594 0.5125 0.12813 0.03125
19 0.71094 0.50469 0.12813 0.04063
19 0.8375 0.4875 0.125 0.05
19 0.95156 0.45938 0.09688 0.05
19 0.64062 0.36719 0.0875 0.03438
19 0.74219 0.34219 0.12813 0.05313
19 0.86562 0.30938 0.15625 0.0625
20 0.9625 0.275 0.075 0.0625
20 0.70156 0.39219 0.10313 0.04062
19 0.79062 0.37344 0.0875 0.04062
20 0.89219 0.34844 0.12813 0.04688
19 0.975 0.31719 0.05 0.04063
