48 0.61563 0.85625 0.0875 0.1125
48 0.375 0.7375 0.3 0.18125
5 0.16406 0.20312 0.05312 0.03125
5 0.55937 0.28594 0.05 0.02813
5 0.88125 0.40469 0.04375 0.02188
5 0.98906 0.38281 0.02187 0.02812
48 0.27656 0.96719 0.39688 0.06563
48 0.04844 0.93281 0.09688 0.13438
5 0.19531 0.10156 0.05312 0.03437
5 0.38906 0.29063 0.05313 0.0375
5 0.17656 0.64062 0.03438 0.04375
5 0.07656 0.80313 0.04688 0.025
5 0.20625 0.84062 0.05 0.025
5 0.46719 0.91719 0.04688 0.03437
5 0.77812 0.98125 0.05 0.025
5 0.82812 0.9875 0.05 0.025
5 0.80156 0.32812 0.05312 0.03125
10 0.37344 0.32344 0.09063 0.04063
48 0.87656 0.91094 0.24687 0.15937
55 0.49219 0.70469 0.04062 0.04688
55 0.68438 0.775 0.05 0.03125
