48 0.10938 0.60781 0.21875 0.30937
48 0.30469 0.47656 0.14687 0.13437
48 0.3875 0.38281 0.18125 0.15938
48 0.04531 0.90625 0.09062 0.1625
48 0.17969 0.87188 0.10313 0.15
48 0.30625 0.83906 0.15 0.13438
48 0.2125 0.99531 0.13125 0.00938
48 0.22656 0.9625 0.06563 0.075
48 0.05469 0.99375 0.10938 0.0125
9 0.22188 0.15469 0.13125 0.11562
48 0.97812 0.50469 0.04375 0.22188
48 0.24688 0.54844 0.1 0.09688
48 0.52812 0.47812 0.14375 0.13125
48 0.58906 0.42188 0.07812 0.06875
48 0.59219 0.49062 0.19062 0.11875
48 0.69844 0.54531 0.07188 0.07188
48 0.4 0.78906 0.1625 0.15938
48 0.68281 0.0375 0.12812 0.075
48 0.78281 0.04531 0.10938 0.09062
48 0.87188 0.02812 0.075 0.05625
48 0.97031 0.0625 0.05937 0.125
48 0.95 0.05312 0.0875 0.10625
57 0.93281 0.01562 0.02187 0.03125
48 0.06875 0.04688 0.1375 0.09375
48 0.01094 0.06562 0.02188 0.13125
48 0.00312 0.11562 0.00625 0.08125
48 0.01719 0.70312 0.03438 0.0625
48 0.04062 0.75469 0.0625 0.07188
9 0.00156 0.55937 0.00312 0.0625
48 0.85625 0.98438 0.2625 0.03125
48 0.94688 0.85469 0.10625 0.14062
48 0.87344 0.90938 0.07812 0.0875
6 0.91719 0.94844 0.05312 0.04063
9 0.75 0.99844 0.0625 0.00313
48 0.71406 0.93281 0.10938 0.13438
48 0.94062 0.74531 0.11875 0.09687
48 0.77812 0.94375 0.09375 0.1125
48 0.88594 0.67031 0.05938 0.06563
48 0.63437 0.9375 0.06875 0.075
48 0.675 0.84375 0.08125 0.075
48 0.73594 0.85469 0.08437 0.12812
48 0.80156 0.86406 0.04688 0.03437
48 0.66875 0.76094 0.13125 0.12188
48 0.525 0.73438 0.2125 0.24375
48 0.7125 0.62813 0.15 0.11875
48 0.77031 0.75469 0.17188 0.14687
48 0.51875 0.59844 0.13125 0.12188
48 0.81094 0.45312 0.10313 0.11875
48 0.45781 0.34688 0.15313 0.15
48 0.52969 0.28594 0.19062 0.14688
48 0.85469 0.31875 0.10938 0.125
48 0.97344 0.35938 0.05312 0.15
48 0.94219 0.39688 0.07812 0.125
48 0.82344 0.53594 0.07812 0.08437
48 0.74531 0.49219 0.09687 0.10312
48 0.1 0.44531 0.0875 0.09062
48 0.15 0.50781 0.1 0.10312
48 0.19531 0.58438 0.10313 0.11875
48 0.43594 0.575 0.11563 0.13125
48 0.00156 0.74219 0.00312 0.09688
48 0.36406 0.68594 0.08437 0.10313
48 0.09063 0.84688 0.09375 0.09375
48 0.11562 0.90625 0.08125 0.075
48 0.13125 0.94062 0.09375 0.075
48 0.15313 0.96406 0.10625 0.07188
48 0.17344 0.98594 0.09063 0.02812
48 0.3 0.74844 0.075 0.05937
48 0.89375 0.27812 0.13125 0.1125
48 0.8875 0.48125 0.15 0.1375
48 0.97969 0.65781 0.04063 0.10938
48 0.94531 0.58125 0.10938 0.15
5 0.45469 0.0875 0.05313 0.04375
13 0.225 0.10156 0.075 0.06562
9 0.15781 0.13594 0.06562 0.05938
14 0.01875 0.23594 0.0375 0.13437
14 0.04375 0.20781 0.0875 0.13438
