18 0.19531 0.98438 0.04688 0.03125
18 0.17344 0.86875 0.04062 0.19375
18 0.28438 0.89062 0.05 0.19375
18 0.29063 0.69219 0.0625 0.20312
18 0.30156 0.50156 0.04688 0.19063
18 0.32344 0.30938 0.06562 0.1875
18 0.42031 0.01094 0.09687 0.02188
18 0.36875 0.11719 0.075 0.18438
22 0.99688 0.89531 0.00625 0.14062
18 0.97344 0.98281 0.05312 0.03438
19 0.07969 0.29375 0.07812 0.1625
19 0.1875 0.09375 0.0875 0.1875
19 0.04844 0.47344 0.07188 0.20312
18 0.20781 0.29844 0.06563 0.19687
18 0.56719 0.05781 0.09063 0.11562
18 0.25156 0.10781 0.08438 0.19688
18 0.28438 0.98906 0.05 0.02187
48 0.62187 0.73281 0.325 0.53438
18 0.01875 0.85781 0.0375 0.17188
18 0.02656 0.99219 0.05312 0.01562
19 0.0375 0.66562 0.075 0.19375
18 0.51406 0.19844 0.05313 0.15313
