48 0.99844 0.43594 0.00313 0.08438
48 0.33906 0.82344 0.14687 0.18438
48 0.86406 0.975 0.06562 0.05
48 0.94062 0.15781 0.11875 0.15313
48 0.18906 0.00781 0.14063 0.01562
48 0.01406 0.57656 0.02812 0.15937
48 0.7375 0.0875 0.0875 0.06875
48 0.18438 0.11875 0.08125 0.06875
48 0.24531 0.14687 0.04688 0.0375
48 0.98438 0.52969 0.03125 0.10313
48 0.97656 0.97344 0.04688 0.05312
48 0.97188 0.90469 0.05625 0.08437
48 0.7875 0.32031 0.0875 0.09688
48 0.49219 0.03438 0.12187 0.06875
48 0.68281 0.62344 0.06562 0.07812
48 0.48125 0.525 0.1 0.06875
48 0.0375 0.69688 0.06875 0.10625
48 0.63594 0.96719 0.12812 0.06563
48 0.96875 0.81406 0.0625 0.10938
48 0.99062 0.96719 0.01875 0.06563
48 0.81719 0.4875 0.09063 0.0625
48 0.06719 0.99219 0.13438 0.01562
48 0.35312 0.05469 0.10625 0.10938
48 0.15937 0.38438 0.05 0.075
48 0.95781 0.23281 0.08437 0.04687
48 0.87031 0.02656 0.20312 0.05312
48 0.95938 0.56406 0.08125 0.29688
48 0.20156 0.20938 0.07812 0.1
48 0.87344 0.56406 0.13438 0.11562
48 0.05781 0.21562 0.09688 0.075
48 0.3 0.41562 0.06875 0.1
48 0.71094 0.01094 0.15312 0.02188
48 0.07344 0.60469 0.06562 0.07188
48 0.49844 0.67188 0.08438 0.09375
48 0.57656 0.70781 0.05312 0.08437
48 0.69688 0.25781 0.14375 0.15938
48 0.42344 0.07969 0.12812 0.15313
48 0.76094 0.43281 0.09063 0.07812
48 0.13281 0.50625 0.09063 0.0875
48 0.55469 0.325 0.18437 0.11875
48 0.89375 0.4625 0.125 0.06875
48 0.9875 0.75156 0.025 0.05312
48 0.15 0.76094 0.1 0.15313
48 0.62969 0.61875 0.05938 0.0625
48 0.74688 0.94688 0.09375 0.10625
48 0.63594 0.55625 0.07188 0.06875
48 0.74375 0.04219 0.0625 0.04688
48 0.30312 0.58281 0.06875 0.08437
48 0.78281 0.59844 0.06563 0.07812
48 0.82812 0.65156 0.05 0.10313
48 0.7 0.7625 0.125 0.1
48 0.68906 0.48438 0.09062 0.075
48 0.53438 0.48906 0.1 0.10313
48 0.03125 0.05781 0.0625 0.07812
48 0.87031 0.65 0.05938 0.125
48 0.65469 0.08125 0.12187 0.1125
48 0.51719 0.83438 0.10312 0.1125
48 0.72656 0.3625 0.11563 0.1125
48 0.43594 0.82344 0.08438 0.11562
48 0.74688 0.53906 0.125 0.10312
48 0.77969 0.65469 0.05312 0.07188
48 0.00781 0.08281 0.01562 0.16562
48 0.375 0.99844 0.075 0.00313
48 0.49844 0.00781 0.14062 0.01562
48 0.15937 0.97969 0.0625 0.04063
48 0.35469 0.3375 0.08437 0.075
48 0.47344 0.91719 0.06562 0.11562
48 0.09531 0.12344 0.06562 0.12812
48 0.28125 0.21719 0.1125 0.10937
48 0.39531 0.44531 0.14687 0.12187
48 0.19688 0.79688 0.09375 0.175
48 0.7375 0.62969 0.0625 0.10938
48 0.27656 0.71875 0.07187 0.1
48 0.09375 0.52812 0.1875 0.18125
48 0.28594 0.8 0.13438 0.20625
48 0.11719 0.67812 0.10938 0.14375
5 0.275 0.92813 0.05625 0.0375
