48 0.65625 0.39375 0.06875 0.0625
48 0.56406 0.14688 0.09688 0.075
48 0.72031 0.54844 0.10313 0.09062
48 0.68125 0.46719 0.1125 0.09687
48 0.45781 0.66719 0.11562 0.12188
48 0.31406 0.975 0.12812 0.05
48 0.37031 0.62656 0.14687 0.14062
48 0.7 0.15781 0.13125 0.16563
48 0.16094 0.6875 0.09062 0.09375
48 0.37344 0.79062 0.05313 0.0875
48 0.74531 0.33438 0.10313 0.05625
48 0.4 0.425 0.1125 0.1125
48 0.35 0.8875 0.06875 0.075
48 0.52188 0.41562 0.1125 0.1125
48 0.54688 0.2375 0.15625 0.10625
48 0.51094 0.83594 0.10938 0.05313
48 0.57812 0.93438 0.1125 0.13125
48 0.46875 0.025 0.1125 0.05
48 0.69531 0.90156 0.15312 0.10313
48 0.4625 0.94375 0.1125 0.1125
48 0.59531 0.76875 0.14687 0.16875
48 0.48438 0.34062 0.0625 0.0375
48 0.68594 0.98281 0.12187 0.03438
48 0.04062 0.75312 0.08125 0.10625
48 0.80469 0.95156 0.05313 0.04688
48 0.21094 0.775 0.13438 0.1125
48 0.59531 0.08125 0.07188 0.06875
48 0.49375 0.74688 0.09375 0.0625
48 0.57344 0.49687 0.14687 0.1125
48 0.61719 0.55312 0.09062 0.075
48 0.025 0.97188 0.05 0.05625
48 0.00469 0.90312 0.00938 0.0875
48 0.26406 0.89688 0.13438 0.16875
