48 0.8625 0.43281 0.275 0.38438
48 0.98281 0.02344 0.03438 0.04688
48 0.81562 0.01875 0.1375 0.0375
48 0.88906 0.04219 0.09062 0.08438
48 0.775 0.08125 0.23125 0.1625
48 0.82031 0.17969 0.07812 0.07188
48 0.88906 0.72969 0.22188 0.25938
48 0.72812 0.64375 0.30625 0.28125
48 0.59062 0.87188 0.66875 0.25625
48 0.53281 0.18594 0.42188 0.30938
48 0.22188 0.125 0.44375 0.25
48 0.12969 0.24844 0.25938 0.33438
48 0.35781 0.43281 0.41562 0.39063
48 0.20938 0.72969 0.41875 0.54062
48 0.06406 0.63125 0.12812 0.7375
9 0.64531 0.45625 0.09687 0.11875
9 0.54219 0.62344 0.07188 0.10313
