48 0.82656 0.04688 0.07188 0.09375
48 0.82188 0.0125 0.05 0.025
48 0.63281 0.00781 0.07187 0.01562
48 0.57031 0.01406 0.05937 0.02812
48 0.46719 0.01094 0.15937 0.02188
48 0.38281 0.0375 0.08437 0.06875
48 0.26562 0.11719 0.08125 0.10312
48 0.33125 0.02031 0.0625 0.04062
48 0.38906 0.64844 0.14062 0.05313
48 0.46875 0.65312 0.05 0.05625
48 0.33906 0.57812 0.09687 0.06875
48 0.58594 0.79688 0.08438 0.06875
48 0.42656 0.15469 0.07812 0.15937
48 0.9125 0.10938 0.09375 0.06875
48 0.46094 0.57344 0.11563 0.05312
48 0.475 0.61094 0.05 0.04063
48 0.46406 0.70938 0.05312 0.06875
48 0.38125 0.70312 0.13125 0.075
48 0.39844 0.75469 0.09688 0.04688
48 0.19062 0.9875 0.09375 0.025
