48 0.00469 0.63437 0.00938 0.25625
48 0.10312 0.51094 0.20625 0.37188
48 0.29219 0.46875 0.17812 0.325
48 0.48125 0.38281 0.2375 0.34062
48 0.68906 0.38594 0.19063 0.19688
48 0.83594 0.18594 0.29062 0.24063
48 0.58594 0.78906 0.21562 0.24687
48 0.96875 0.77188 0.0625 0.225
48 0.65312 0.95781 0.21875 0.08437
48 0.40156 0.86406 0.22187 0.24062
48 0.50156 0.97656 0.22188 0.04688
48 0.27031 0.94375 0.24062 0.1125
48 0.16094 0.8625 0.17188 0.08125
48 0.08281 0.93438 0.16562 0.13125
5 0.43594 0.68281 0.04062 0.02187
5 0.6125 0.56719 0.05 0.02813
5 0.82344 0.37969 0.02813 0.04063
5 0.99219 0.46719 0.01562 0.02813
48 0.80156 0.76875 0.25312 0.19375
48 0.86875 0.93594 0.225 0.10938
48 0.98594 0.2625 0.02812 0.25625
48 0.37344 0.04219 0.11563 0.08438
