48 0.32188 0.32344 0.175 0.26562
48 0.65938 0.4625 0.13125 0.1375
48 0.74219 0.25469 0.24063 0.37187
48 0.19219 0.05625 0.38438 0.1125
48 0.86875 0.9625 0.2625 0.075
48 0.04531 0.76875 0.09062 0.225
48 0.53438 0.98594 0.16875 0.02812
48 0.87344 0.52188 0.25313 0.34375
48 0.50625 0.93438 0.11875 0.13125
48 0.74688 0.95469 0.2125 0.09062
48 0.17969 0.88906 0.06562 0.10313
48 0.94531 0.08125 0.10938 0.1625
48 0.075 0.43281 0.15 0.32188
48 0.34688 0.13438 0.175 0.15
48 0.86094 0.05312 0.27812 0.10625
48 0.22344 0.60938 0.12812 0.075
48 0.45469 0.56719 0.38438 0.29063
48 0.63906 0.04062 0.44062 0.08125
48 0.50625 0.30312 0.38125 0.225
48 0.96406 0.94219 0.07188 0.11562
48 0.10938 0.13125 0.21875 0.2375
48 0.52031 0.15313 0.27187 0.14375
48 0.06875 0.94531 0.1375 0.10938
48 0.69844 0.99844 0.27187 0.00313
48 0.89219 0.72031 0.21562 0.22813
48 0.17812 0.74688 0.275 0.23125
48 0.25156 0.9 0.29062 0.2
48 0.10625 0.84375 0.0875 0.075
48 0.64531 0.82656 0.43438 0.34688
