48 0.27656 0.2625 0.39062 0.3375
48 0.14219 0.42656 0.28438 0.20937
48 0.88594 0.83594 0.22813 0.27812
48 0.85781 0.94688 0.23438 0.10625
48 0.0125 0.73594 0.025 0.24062
48 0.05781 0.08125 0.11562 0.1625
5 0.68125 0.34219 0.05 0.04062
5 0.66719 0.29063 0.04063 0.0375
5 0.29375 0.00312 0.04375 0.00625
5 0.10156 0.18594 0.04688 0.03437
48 0.95 0.22031 0.1 0.14063
48 0.19062 0.66562 0.10625 0.1
48 0.07031 0.55937 0.14062 0.24375
48 0.04375 0.80156 0.0875 0.09687
48 0.65156 0.09688 0.17812 0.13125
51 0.58594 0.49844 0.22188 0.18437
51 0.73125 0.55312 0.20625 0.1625
48 0.63438 0.95781 0.20625 0.08437
