48 0.825 0.01094 0.20625 0.02188
48 0.75625 0.02031 0.18125 0.04062
48 0.70625 0.04844 0.16875 0.09688
48 0.55312 0.00938 0.1375 0.01875
48 0.50781 0.04688 0.18437 0.09375
48 0.42188 0.08438 0.23125 0.15625
48 0.65312 0.0875 0.21875 0.175
48 0.58125 0.15937 0.21875 0.1625
48 0.33438 0.01875 0.23125 0.0375
48 0.10469 0.02969 0.20938 0.05938
5 0.81875 0.0875 0.0375 0.0375
5 0.79688 0.1375 0.0375 0.04375
5 0.75312 0.24688 0.04375 0.04375
6 0.70625 0.20625 0.05625 0.05625
5 0.47969 0.24062 0.05938 0.03125
5 0.43437 0.175 0.05 0.03125
5 0.33438 0.17656 0.05 0.03438
5 0.01875 0.05625 0.0375 0.03125
5 0.05938 0.10156 0.05 0.02813
5 0.20625 0.15625 0.0375 0.025
5 0.24688 0.17344 0.04375 0.02813
5 0.28594 0.19688 0.04688 0.03125
5 0.35625 0.21719 0.04375 0.02813
48 0.05781 0.2375 0.11562 0.18125
48 0.0125 0.34844 0.025 0.09063
48 0.97812 0.06875 0.04375 0.1375
48 0.94062 0.12188 0.11875 0.14375
48 0.84375 0.19531 0.23125 0.15312
48 0.9125 0.3 0.175 0.20625
48 0.99844 0.19531 0.00313 0.12187
5 0.79531 0.82031 0.03438 0.03438
5 0.82969 0.83125 0.04063 0.04375
5 0.85156 0.84375 0.04062 0.0375
5 0.8625 0.86875 0.04375 0.04375
5 0.89062 0.86875 0.04375 0.04375
5 0.92344 0.8875 0.03438 0.04375
5 0.95938 0.89688 0.03125 0.0375
5 0.98438 0.90469 0.025 0.02812
48 0.99531 0.7 0.00938 0.1375
48 0.5875 0.6625 0.525 0.34375
48 0.11562 0.4375 0.23125 0.19375
48 0.25938 0.33438 0.23125 0.14375
