48 0.93906 0.06562 0.12187 0.13125
48 0.93906 0.1625 0.12187 0.125
48 0.21719 0.42656 0.11563 0.10938
48 0.05312 0.13281 0.10625 0.18438
48 0.05469 0.27812 0.10938 0.1375
48 0.52656 0.89531 0.06562 0.07812
48 0.89219 0.95781 0.09688 0.08437
48 0.80625 0.27656 0.19375 0.20937
48 0.64375 0.24219 0.175 0.22813
48 0.44531 0.03906 0.09688 0.07812
48 0.61406 0.71875 0.05938 0.09375
48 0.70312 0.75312 0.075 0.09375
48 0.77969 0.85938 0.07812 0.075
48 0.05156 0.42344 0.10312 0.15313
48 0.31875 0.04062 0.15625 0.08125
48 0.40938 0.84062 0.075 0.0875
48 0.59062 0.42031 0.13125 0.16563
48 0.35 0.41719 0.10625 0.09063
48 0.04531 0.87344 0.09062 0.10938
48 0.03906 0.7125 0.07812 0.125
48 0.62813 0.01562 0.14375 0.03125
48 0.45156 0.82188 0.07187 0.0625
48 0.93281 0.71562 0.05938 0.075
48 0.88281 0.9 0.08438 0.0625
48 0.96562 0.96875 0.06875 0.0625
48 0.70781 0.98594 0.08437 0.02812
48 0.38281 0.98125 0.24687 0.0375
48 0.49844 0.97656 0.11563 0.04688
48 0.19844 0.50938 0.09688 0.09375
48 0.29063 0.10312 0.16875 0.15
48 0.58125 0.79844 0.0625 0.06563
48 0.86875 0.84062 0.06875 0.0625
48 0.95625 0.85312 0.05625 0.05
48 0.825 0.43281 0.11875 0.15313
48 0.36406 0.84375 0.07812 0.0875
48 0.62656 0.79219 0.06563 0.05938
48 0.74531 0.75312 0.05312 0.0875
48 0.7 0.91875 0.0625 0.05625
48 0.99688 0.76406 0.00625 0.06563
48 0.29063 0.68281 0.10625 0.08437
48 0.11094 0.93906 0.22188 0.12187
48 0.58438 0.05156 0.11875 0.10312
48 0.64062 0.56406 0.1625 0.17812
48 0.54688 0.29531 0.09375 0.10937
48 0.57344 0.19688 0.07812 0.15625
48 0.19531 0.05469 0.14687 0.10938
48 0.57031 0.73438 0.07187 0.09375
48 0.56406 0.87344 0.06563 0.05937
48 0.74688 0.69219 0.06875 0.05938
48 0.7875 0.74688 0.0625 0.04375
48 0.82969 0.89219 0.04688 0.07812
48 0.81094 0.56563 0.22813 0.16875
48 0.51719 0.04688 0.11562 0.09375
48 0.65 0.71406 0.0625 0.09063
48 0.5375 0.81406 0.075 0.07812
48 0.73594 0.86094 0.05312 0.07812
48 0.87344 0.77969 0.11562 0.06563
48 0.98125 0.88906 0.0375 0.09688
48 0.75 0.44688 0.1 0.14375
48 0.83281 0.75156 0.05312 0.05312
48 0.99688 0.72344 0.00625 0.05938
48 0.7875 0.91406 0.075 0.05313
48 0.87969 0.7375 0.06562 0.05
48 0.97812 0.76094 0.04375 0.05312
48 0.80625 0.95938 0.08125 0.08125
48 0.85938 0.025 0.15625 0.05
48 0.50938 0.42656 0.15625 0.15313
48 0.4125 0.14688 0.1375 0.09375
48 0.41719 0.0875 0.17812 0.10625
48 0.00312 0.36875 0.00625 0.08125
48 0.47656 0.92656 0.06563 0.06562
48 0.94062 0.80625 0.08125 0.05
48 0.36094 0.48438 0.11563 0.0875
48 0.17969 0.59219 0.16563 0.12187
48 0.08906 0.82344 0.17812 0.19062
48 0.24688 0.35312 0.11875 0.10625
48 0.60781 0.87656 0.06563 0.07188
48 0.64219 0.87656 0.05937 0.07188
48 0.49688 0.80781 0.05625 0.07812
48 0.33594 0.35 0.14062 0.10625
48 0.12969 0.32812 0.20312 0.11875
48 0.15469 0.13594 0.12188 0.12813
48 0.44375 0.00156 0.125 0.00312
48 0.43125 0.6 0.09375 0.2
48 0.60312 0.97344 0.1625 0.05312
48 0.31094 0.75938 0.10938 0.125
48 0.4 0.75625 0.0625 0.08125
48 0.4875 0.74219 0.05625 0.07812
48 0.63594 0.82031 0.05938 0.04688
48 0.75469 0.79844 0.06562 0.05937
48 0.20156 0.7875 0.14688 0.1625
48 0.27969 0.59688 0.12188 0.06875
48 0.05156 0.55312 0.10312 0.125
48 0.53438 0.94375 0.08125 0.04375
48 0.58906 0.82812 0.05938 0.04375
48 0.94375 0.76406 0.06875 0.05312
48 0.375 0.575 0.10625 0.11875
48 0.37344 0.66719 0.12188 0.11562
48 0.29375 0.51719 0.1 0.10938
48 0.09062 0.68438 0.10625 0.11875
48 0.1125 0.44844 0.2 0.20937
48 0.14844 0.26094 0.17812 0.12813
48 0.58438 0.925 0.0625 0.05625
48 0.69531 0.0875 0.17813 0.1625
48 0.92656 0.56563 0.12188 0.1125
48 0.56406 0.63594 0.08437 0.14062
48 0.28906 0.19844 0.19688 0.09688
48 0.38438 0.03281 0.1 0.06562
48 0.44219 0.76094 0.05312 0.08437
48 0.63594 0.92969 0.08437 0.04688
48 0.67969 0.81094 0.04688 0.04063
48 0.71719 0.80781 0.05312 0.05312
48 0.0125 0.44219 0.025 0.11562
48 0.97969 0.81094 0.04063 0.06563
48 0.69687 0.95469 0.0875 0.05937
48 0.98594 0.55312 0.02812 0.10625
48 0.97031 0.64688 0.05937 0.1
48 0.2875 0.28281 0.16875 0.10312
48 0.4625 0.87031 0.09375 0.06562
48 0.86094 0.675 0.07188 0.08125
48 0.90312 0.84375 0.0625 0.075
48 0.75312 0.94375 0.0625 0.05625
48 0.18281 0.99375 0.14687 0.0125
48 0.97969 0.45156 0.04063 0.12812
48 0.68281 0.3125 0.09687 0.1125
48 0.96406 0.71875 0.07188 0.075
48 0.43906 0.48594 0.08438 0.07187
48 0.00312 0.54688 0.00625 0.11875
48 0.31406 0.85625 0.09063 0.09375
48 0.84688 0.95156 0.06875 0.09688
48 0.09844 0.01406 0.10938 0.02812
48 0.50625 0.51875 0.1375 0.0875
48 0.35469 0.7625 0.09063 0.09375
48 0.67969 0.41875 0.10938 0.1625
48 0.9125 0.65625 0.0875 0.075
48 0.98906 0.01719 0.02187 0.03438
48 0.95 0.32812 0.1 0.1375
48 0.9375 0.47031 0.125 0.17188
48 0.42812 0.40938 0.09375 0.11875
48 0.66406 0.78281 0.05937 0.05937
48 0.74531 0.90469 0.04688 0.04688
48 0.81875 0.82969 0.075 0.05937
48 0.73438 0.0125 0.1375 0.025
48 0.45625 0.29531 0.14375 0.14062
48 0.22813 0.89219 0.15625 0.12813
48 0.6875 0.86719 0.075 0.07187
48 0.95156 0.91094 0.09688 0.08437
48 0.01875 0.05156 0.0375 0.10312
48 0.99219 0.13281 0.01562 0.09063
48 0.93281 0.24531 0.13438 0.10312
48 0.50469 0.6375 0.07188 0.15
48 0.27969 0.42812 0.10312 0.09375
48 0.01719 0.82656 0.03438 0.17812
48 0.41875 0.92031 0.0875 0.09688
48 0.80625 0.78594 0.06875 0.04688
48 0.80781 0.70469 0.07812 0.05937
48 0.04062 0.01719 0.08125 0.03438
48 0.84062 0.10781 0.19375 0.15937
48 0.525 0.12031 0.08125 0.07812
48 0.53125 0.74219 0.05625 0.07187
48 0.69844 0.68906 0.06562 0.06563
48 0.34688 0.93125 0.125 0.10625
48 0.06719 0.03281 0.11562 0.06562
48 0.18438 0.69531 0.175 0.12187
48 0.05469 0.64375 0.10938 0.08125
48 0.49219 0.19375 0.09062 0.11875
48 0.7625 0.98438 0.04375 0.03125
