48 0.03906 0.06094 0.07812 0.12188
48 0.01406 0.28125 0.02812 0.1125
5 0.03438 0.27812 0.04375 0.025
5 0.08438 0.43125 0.025 0.0375
5 0.07656 0.46875 0.03438 0.04375
48 0.77812 0.01562 0.10625 0.03125
48 0.625 0.09688 0.1125 0.13125
48 0.38281 0.02656 0.10313 0.05312
48 0.50469 0.08438 0.09687 0.10625
48 0.92344 0.35938 0.09688 0.09375
48 0.95312 0.29063 0.0875 0.06875
48 0.94375 0.47344 0.1125 0.11562
48 0.92812 0.75781 0.1125 0.08438
48 0.62969 0.41875 0.11562 0.06875
48 0.31562 0.43437 0.21875 0.10625
48 0.23594 0.525 0.12188 0.08125
48 0.54062 0.525 0.15 0.08125
48 0.38906 0.54375 0.09687 0.05625
48 0.74062 0.54844 0.1375 0.09688
48 0.67656 0.62187 0.15313 0.1
5 0.07812 0.67656 0.025 0.02813
48 0.18594 0.69531 0.09063 0.06563
48 0.24844 0.62969 0.16562 0.11562
48 0.42656 0.8 0.11562 0.06875
48 0.71094 0.88437 0.09688 0.11875
48 0.55781 0.88594 0.13438 0.12812
48 0.12969 0.97656 0.14688 0.04688
48 0.27187 0.90469 0.39375 0.19063
48 0.59688 0.99219 0.16875 0.01562
48 0.66406 0.94844 0.21562 0.10313
48 0.01562 0.38125 0.03125 0.05625
48 0.72969 0.23281 0.07812 0.08438
48 0.6625 0.20312 0.05625 0.0625
48 0.92188 0.87969 0.125 0.13438
48 0.97031 0.95312 0.05937 0.09375
48 0.7875 0.33281 0.16875 0.11562
48 0.6 0.30625 0.1625 0.1125
48 0.42188 0.275 0.1875 0.125
48 0.59062 0.19688 0.10625 0.1
48 0.66406 0.19844 0.05313 0.06563
5 0.18594 0.01094 0.04062 0.02188
48 0.34219 0.09844 0.13437 0.10938
50 0.56094 0.02188 0.25312 0.04375
