24 0.23594 0.25938 0.03437 0.05625
24 0.42031 0.29063 0.04688 0.05
24 0.12969 0.24062 0.04062 0.075
24 0.06094 0.21094 0.02812 0.05312
24 0.21406 0.24531 0.02812 0.05312
24 0.35781 0.27344 0.04062 0.05312
24 0.00156 0.19844 0.00312 0.04688
24 0.18594 0.24219 0.02813 0.05312
24 0.45 0.29375 0.025 0.05
24 0.28281 0.26719 0.03437 0.04688
24 0.0875 0.22188 0.0375 0.06875
24 0.15156 0.23906 0.04688 0.05313
24 0.48906 0.29844 0.03437 0.04688
24 0.0375 0.20625 0.025 0.04375
24 0.69844 0.7875 0.06562 0.1
24 0.00156 0.1125 0.00312 0.05
24 0.02031 0.11094 0.04062 0.05313
24 0.05 0.11875 0.04375 0.05625
24 0.09219 0.12969 0.04063 0.04688
24 0.12188 0.13281 0.04375 0.05312
24 0.15781 0.12812 0.04688 0.075
24 0.1875 0.14375 0.04375 0.05625
24 0.22188 0.15937 0.03125 0.04375
24 0.24688 0.17031 0.025 0.04688
24 0.27656 0.15469 0.04688 0.06562
24 0.31094 0.16562 0.04688 0.0625
24 0.425 0.19844 0.04375 0.04062
24 0.40312 0.18594 0.05 0.05313
24 0.52344 0.24844 0.07187 0.03437
25 0.70469 0.0125 0.09062 0.025
25 0.77969 0.00312 0.05937 0.00625
24 0.83125 0.00781 0.06875 0.01562
25 0.88125 0.01094 0.0625 0.02188
25 0.98906 0.01875 0.02187 0.0375
24 0.00312 0.60156 0.00625 0.10312
28 0.03281 0.59688 0.06562 0.11875
25 0.12656 0.63438 0.07812 0.1125
24 0.16406 0.65156 0.05938 0.09687
24 0.19531 0.65938 0.05938 0.09375
24 0.22812 0.67344 0.05 0.07812
24 0.27031 0.67031 0.07188 0.10313
30 0.32656 0.66562 0.08438 0.125
24 0.35938 0.69062 0.06875 0.1125
24 0.39844 0.70469 0.05937 0.10938
24 0.47344 0.71719 0.06562 0.10313
24 0.5125 0.72812 0.0625 0.1
24 0.55781 0.725 0.08437 0.1375
24 0.60312 0.75 0.075 0.1125
24 0.65469 0.7625 0.07188 0.10625
24 0.73281 0.79531 0.06563 0.07812
24 0.77344 0.79531 0.07187 0.10313
30 0.82031 0.79062 0.09062 0.13125
24 0.84844 0.82656 0.05312 0.07812
24 0.87812 0.84844 0.03125 0.05312
24 0.31094 0.83594 0.04688 0.09062
24 0.375 0.88281 0.075 0.12813
24 0.48438 0.89062 0.075 0.10625
24 0.53594 0.90938 0.07812 0.10625
30 0.66562 0.94062 0.10625 0.11875
28 0.72031 0.94688 0.07812 0.10625
30 0.77656 0.95469 0.08437 0.09062
24 0.82812 0.94219 0.04375 0.05938
25 0.98281 0.98125 0.03438 0.0375
24 0.94219 0.87188 0.11562 0.10625
24 0.00469 0.73906 0.00938 0.05312
24 0.04062 0.76406 0.05 0.06563
24 0.09844 0.78281 0.05937 0.06563
24 0.12969 0.80938 0.06562 0.10625
24 0.18438 0.80469 0.0625 0.07812
24 0.22656 0.83281 0.07812 0.11562
