48 0.06406 0.02812 0.12812 0.05625
48 0.25938 0.0375 0.13125 0.075
48 0.40312 0.01406 0.11875 0.02812
48 0.49375 0.00938 0.16875 0.01875
48 0.88594 0.00156 0.22813 0.00312
48 0.84531 0.04531 0.14062 0.09062
48 0.92969 0.0625 0.07812 0.0625
48 0.69687 0.15937 0.15 0.13125
48 0.80781 0.175 0.10938 0.1
48 0.07656 0.32188 0.15313 0.16875
48 0.19062 0.34375 0.1625 0.15625
48 0.30469 0.37031 0.15938 0.19062
48 0.28594 0.54844 0.19062 0.19687
48 0.16406 0.62656 0.04688 0.05312
48 0.06719 0.43906 0.10938 0.07187
48 0.04062 0.60938 0.08125 0.09375
48 0.02188 0.69844 0.04375 0.10313
48 0.70938 0.7875 0.1625 0.1375
48 0.47344 0.85 0.10313 0.10625
48 0.4125 0.72656 0.0875 0.07187
48 0.51719 0.63438 0.10938 0.125
48 0.4375 0.43281 0.14375 0.15937
48 0.7125 0.44063 0.34375 0.16875
48 0.69844 0.6625 0.23438 0.1125
48 0.78125 0.57969 0.1125 0.10313
48 0.64219 0.86875 0.15312 0.06875
