5 0.62187 0.975 0.025 0.05
5 0.59844 0.87812 0.02813 0.05625
5 0.59062 0.95938 0.01875 0.04375
5 0.60312 0.64219 0.025 0.05312
5 0.23281 0.79688 0.04687 0.05
48 0.98906 0.77812 0.02187 0.1
48 0.95156 0.9625 0.09688 0.075
48 0.87188 0.33281 0.10625 0.09687
48 0.91562 0.275 0.09375 0.05625
48 0.92031 0.17656 0.15938 0.17812
48 0.99219 0.13125 0.01562 0.1
9 0.17969 0.98438 0.19688 0.03125
9 0.275 0.95781 0.14375 0.08437
48 0.41875 0.97656 0.06875 0.04688
9 0.27187 0.98594 0.09375 0.02812
9 0.28281 0.91562 0.12188 0.06875
9 0.29375 0.87188 0.11875 0.06875
9 0.31094 0.8375 0.11563 0.06875
9 0.3375 0.80625 0.10625 0.05625
9 0.34219 0.76562 0.11563 0.05625
9 0.36094 0.73438 0.12812 0.06875
48 0.4375 0.52344 0.06875 0.06563
48 0.97969 0.88281 0.04063 0.09062
48 0.85781 0.95312 0.10313 0.06875
48 0.91875 0.75469 0.125 0.07812
48 0.88125 0.83906 0.04375 0.09063
48 0.97188 0.62344 0.05625 0.22188
48 0.83125 0.64219 0.05 0.06563
48 0.83906 0.70469 0.04063 0.04063
48 0.87969 0.62656 0.04688 0.08437
48 0.875 0.54844 0.06875 0.07188
48 0.90781 0.49844 0.04688 0.05313
48 0.96562 0.49688 0.06875 0.04375
48 0.97031 0.06719 0.05937 0.09063
48 0.98594 0.30781 0.02812 0.05938
48 0.96719 0.34375 0.04063 0.04375
