48 0.37344 0.96094 0.54062 0.07812
48 0.16562 0.89219 0.33125 0.21562
48 0.64844 0.95781 0.37187 0.08437
48 0.9875 0.33594 0.025 0.23438
48 0.1875 0.04688 0.25625 0.09375
48 0.11562 0.10781 0.23125 0.21562
48 0.50625 0.04688 0.25625 0.09375
48 0.69062 0.05469 0.1625 0.10938
48 0.46406 0.19688 0.24062 0.21875
48 0.62656 0.16875 0.19063 0.20625
48 0.78906 0.23594 0.22812 0.19062
48 0.64219 0.37188 0.24687 0.1875
48 0.09688 0.34844 0.19375 0.20312
48 0.21719 0.25625 0.22188 0.1875
48 0.46562 0.4625 0.23125 0.2375
48 0.76094 0.57031 0.36562 0.26562
48 0.33906 0.62969 0.45938 0.41562
48 0.92031 0.43281 0.15938 0.22187
48 0.92656 0.57969 0.14687 0.19063
48 0.95781 0.72656 0.08437 0.24063
48 0.78281 0.90625 0.32812 0.1875
48 0.90781 0.89688 0.18437 0.20625
5 0.57969 0.28906 0.04063 0.02812
5 0.88594 0.33281 0.04063 0.03437
