48 0.28125 0.69688 0.5625 0.5125
48 0.00938 0.24844 0.01875 0.21562
48 0.06094 0.33281 0.11562 0.19688
48 0.42188 0.00469 0.49375 0.00938
7 0.60938 0.19219 0.04375 0.07187
12 0.31719 0.125 0.16563 0.075
9 0.20156 0.34375 0.03437 0.06875
48 0.7125 0.2 0.11875 0.1375
48 0.79375 0.55625 0.10625 0.15
48 0.8625 0.33906 0.24375 0.32188
48 0.60156 0.71719 0.37813 0.52188
9 0.43906 0.34531 0.02813 0.06562
9 0.43906 0.40781 0.02813 0.04688
4 0.63438 0.21094 0.03125 0.04688
4 0.50313 0.12969 0.06875 0.03438
13 0.93281 0.53438 0.11562 0.16875
13 0.96094 0.39219 0.07812 0.15937
48 0.78125 0.80312 0.4375 0.39375
11 0.17344 0.94062 0.16562 0.06875
9 0.12188 0.30625 0.025 0.04375
9 0.16094 0.31406 0.03438 0.05938
9 0.1375 0.01562 0.06875 0.03125
