48 0.07969 0.24688 0.15937 0.41875
48 0.11562 0.13125 0.23125 0.2625
48 0.36562 0.09375 0.30625 0.1875
48 0.42031 0.41562 0.09063 0.0875
5 0.98438 0.725 0.03125 0.025
5 0.91406 0.72344 0.04062 0.01562
5 0.91094 0.70469 0.04063 0.02812
5 0.83438 0.04688 0.05 0.03125
48 0.92344 0.37656 0.09062 0.19687
5 0.90156 0.76719 0.04688 0.01562
48 0.76875 0.39531 0.1625 0.11562
48 0.30938 0.36406 0.225 0.15313
5 0.9875 0.68438 0.025 0.01875
5 0.81094 0.73438 0.04063 0.025
5 0.90781 0.68438 0.04063 0.01875
5 0.97812 0.70312 0.04375 0.025
48 0.82344 0.19688 0.34687 0.14375
5 0.82812 0.00469 0.05 0.00938
48 0.61563 0.46719 0.11875 0.13438
5 0.90938 0.74531 0.05 0.02187
5 0.91875 0.66406 0.0375 0.01562
5 0.97969 0.7625 0.04063 0.025
5 0.24531 0.25625 0.04062 0.0125
5 0.90312 0.78594 0.05625 0.02813
5 0.98281 0.73906 0.03438 0.02187
5 0.25156 0.27656 0.04062 0.02187
