48 0.62969 0.04375 0.14062 0.0875
48 0.45469 0.93906 0.14687 0.12187
48 0.09687 0.08281 0.09375 0.16562
48 0.62813 0.99531 0.06875 0.00938
48 0.69375 0.89688 0.13125 0.16875
48 0.28594 0.03594 0.15937 0.07187
48 0.15937 0.4375 0.13125 0.15625
48 0.5 0.42344 0.1 0.11563
48 0.52344 0.51562 0.15312 0.15
48 0.63906 0.575 0.16563 0.0875
48 0.83281 0.84531 0.07812 0.11562
48 0.22656 0.56406 0.11562 0.07812
48 0.37969 0.34062 0.12812 0.11875
48 0.73594 0.39219 0.14687 0.09063
48 0.59219 0.00781 0.12813 0.01562
48 0.45938 0.33125 0.11875 0.11875
48 0.55 0.64219 0.1625 0.15938
48 0.28438 0.74844 0.1375 0.08437
48 0.57344 0.30312 0.14687 0.1125
48 0.38281 0.02812 0.17188 0.05625
48 0.32031 0.12969 0.14687 0.14062
48 0.45469 0.69531 0.14062 0.11563
48 0.49688 0.01562 0.1625 0.03125
48 0.50156 0.08906 0.17812 0.16562
48 0.24375 0.35938 0.13125 0.0625
48 0.43281 0.6 0.10313 0.1375
48 0.62344 0.88906 0.15312 0.16563
48 0.49688 0.98594 0.1375 0.02812
48 0.76562 0.87188 0.13125 0.14375
48 0.30781 0.47344 0.13438 0.11562
48 0.69375 0.08125 0.13125 0.1375
48 0.16875 0.97188 0.1125 0.05625
48 0.37656 0.94531 0.14688 0.10938
48 0.55 0.92188 0.1375 0.1125
48 0.36094 0.70781 0.13437 0.10938
48 0.875 0.58125 0.16875 0.175
48 0.27344 0.95312 0.14062 0.09375
48 0.2125 0.16875 0.0875 0.08125
48 0.14062 0.675 0.18125 0.26875
48 0.92344 0.94844 0.15312 0.10313
48 0.19219 0.11719 0.12187 0.07812
48 0.66406 0.65781 0.14688 0.10938
48 0.60469 0.40469 0.17812 0.13437
48 0.41875 0.50781 0.11875 0.12813
48 0.92969 0.99531 0.14062 0.00938
48 0.80938 0.96875 0.1125 0.0625
48 0.89219 0.8375 0.10938 0.11875
48 0.96562 0.03438 0.06875 0.06875
48 0.09531 0.20312 0.19062 0.14375
48 0.39844 0.44531 0.14062 0.12813
48 0.825 0.44219 0.175 0.14687
48 0.05938 0.52969 0.11875 0.13438
48 0.06406 0.6375 0.12812 0.11875
48 0.26719 0.70469 0.13437 0.09688
48 0.69531 0.29219 0.16562 0.13438
48 0.17812 0.05 0.1625 0.1
48 0.33281 0.55781 0.11562 0.12812
48 0.95625 0.81406 0.0875 0.15312
48 0.02812 0.7875 0.05625 0.11875
48 0.21094 0.525 0.17188 0.075
48 0.75469 0.60156 0.15313 0.14688
48 0.07187 0.98438 0.14375 0.03125
48 0.75625 0.075 0.15 0.15
48 0.20938 0.0125 0.2875 0.025
48 0.40938 0.08594 0.1625 0.15937
48 0.01406 0.73125 0.02812 0.08125
48 0.60625 0.08125 0.0625 0.1625
48 0.26094 0.40469 0.14687 0.17188
48 0.80156 0.29219 0.20937 0.19062
48 0.06094 0.43438 0.12188 0.125
48 0.08281 0.74688 0.15312 0.2
48 0.34219 0.63594 0.16562 0.14687
48 0.625 0.50625 0.175 0.1375
48 0.6875 0.99062 0.1125 0.01875
48 0.99688 0.25625 0.00625 0.11875
5 0.98594 0.57969 0.02812 0.05312
5 0.35469 0.87812 0.04688 0.05625
5 0.15781 0.27031 0.06562 0.05313
5 0.0875 0.30312 0.075 0.05
5 0.10625 0.85938 0.075 0.05625
5 0.97031 0.50313 0.05937 0.0625
5 0.37031 0.28438 0.07188 0.0375
5 0.62969 0.80781 0.05312 0.07188
