48 0.14688 0.13594 0.2 0.27187
48 0.14687 0.45625 0.21875 0.31875
48 0.76719 0.80938 0.29063 0.2125
48 0.99531 0.5625 0.00938 0.2
48 0.47969 0.64062 0.27187 0.2125
48 0.44219 0.97031 0.25312 0.05937
48 0.02344 0.12656 0.04688 0.25312
5 0.29688 0.19219 0.025 0.05313
48 0.02344 0.46875 0.04688 0.21875
48 0.02344 0.70938 0.04688 0.2375
48 0.47969 0.81562 0.29688 0.19375
48 0.48125 0.43594 0.325 0.19688
48 0.90312 0.84688 0.19375 0.30625
48 0.05 0.97344 0.1 0.05312
48 0.67812 0.95938 0.2625 0.08125
48 0.76875 0.12656 0.225 0.17812
48 0.75781 0.42812 0.22812 0.1875
48 0.6375 0.00312 0.1875 0.00625
48 0.16094 0.9625 0.13438 0.075
48 0.49531 0.27812 0.22187 0.2
