5 0.07969 0.41094 0.05312 0.04063
10 0.11875 0.54062 0.06875 0.05625
10 0.00781 0.63125 0.01562 0.06875
5 0.33125 0.57188 0.04375 0.04375
10 0.41875 0.625 0.06875 0.05625
5 0.34219 0.41562 0.04688 0.05
5 0.38281 0.43281 0.04688 0.04688
5 0.40156 0.45625 0.05312 0.05
5 0.44219 0.47188 0.04688 0.04375
5 0.49844 0.5125 0.05313 0.05
10 0.56875 0.55625 0.0625 0.0625
5 0.6 0.56875 0.05 0.04375
5 0.625 0.59062 0.05 0.05
5 0.65156 0.60312 0.05312 0.05
5 0.69375 0.62344 0.05 0.04063
14 0.95625 0.69531 0.0875 0.07187
5 0.74531 0.65156 0.04688 0.04688
5 0.76719 0.67188 0.04688 0.05
5 0.79219 0.6875 0.05312 0.04375
5 0.66406 0.775 0.04688 0.05
5 0.86094 0.73125 0.06563 0.05
5 0.91875 0.75781 0.05 0.04688
5 0.94062 0.76875 0.05 0.05
5 0.97969 0.80156 0.04063 0.04688
5 0.82344 0.69219 0.05938 0.04688
5 0.93906 0.9 0.05312 0.0375
10 0.64062 0.93438 0.08125 0.075
48 0.56563 0.8375 0.30625 0.325
10 0.54219 0.99531 0.07812 0.00938
5 0.81094 0.99844 0.07188 0.00313
5 0.83906 0.9875 0.04688 0.025
5 0.86094 0.97812 0.05937 0.04375
5 0.87656 0.95781 0.06563 0.04063
5 0.90156 0.93906 0.06562 0.03438
5 0.92188 0.91875 0.0625 0.0375
5 0.96562 0.95312 0.04375 0.04375
5 0.93594 0.98125 0.05312 0.0375
5 0.9 0.99688 0.05 0.00625
5 0.03437 0.44531 0.05 0.04063
