9 0.71719 0.43125 0.05312 0.06875
48 0.41406 0.77031 0.24687 0.24062
48 0.90625 0.89375 0.1875 0.2125
48 0.10938 0.075 0.21875 0.15
48 0.85781 0.38281 0.28438 0.17812
48 0.0125 0.67031 0.025 0.35312
48 0.96719 0.58906 0.06563 0.32813
48 0.12812 0.90781 0.25625 0.18437
48 0.93594 0.03438 0.12813 0.06875
48 0.82812 0.57031 0.30625 0.24687
48 0.86875 0.97812 0.23125 0.04375
48 0.30781 0.45625 0.32188 0.15625
48 0.36562 0.925 0.28125 0.15
48 0.34219 0.29531 0.29688 0.22188
48 0.07656 0.22031 0.15313 0.26562
48 0.18594 0.71875 0.25937 0.2625
48 0.64531 0.97344 0.24062 0.05312
48 0.44219 0.00781 0.29063 0.01562
48 0.90156 0.17656 0.19688 0.26562
48 0.00938 0.04375 0.01875 0.0875
48 0.64688 0.06406 0.29375 0.12812
48 0.52031 0.37188 0.25938 0.225
48 0.72031 0.84844 0.25938 0.23438
48 0.05312 0.38125 0.10625 0.1375
48 0.375 0.11875 0.2625 0.2375
48 0.58594 0.19219 0.23438 0.14688
5 0.69531 0.27656 0.03438 0.05312
5 0.06719 0.725 0.04062 0.05
5 0.04375 0.68438 0.04375 0.0625
5 0.7125 0.14531 0.0625 0.04688
5 0.58594 0.54219 0.05937 0.04688
5 0.46875 0.58906 0.05625 0.04063
5 0.65938 0.39375 0.0375 0.05625
5 0.675 0.52969 0.05 0.05937
5 0.72031 0.19688 0.02187 0.04375
5 0.67344 0.3375 0.04688 0.05625
5 0.64531 0.4375 0.03437 0.04375
