48 0.4 0.14844 0.24375 0.09063
48 0.99844 0.65781 0.00313 0.11562
48 0.025 0.43906 0.05 0.11563
48 0.02812 0.51719 0.05625 0.09063
48 0.04375 0.57656 0.0875 0.09062
48 0.03438 0.68125 0.06875 0.11875
48 0.10469 0.66094 0.07187 0.08437
48 0.53906 0.46562 0.31563 0.1625
48 0.92656 0.36875 0.14687 0.13125
48 0.58438 0.6625 0.225 0.16875
48 0.40938 0.70156 0.1 0.06563
48 0.96562 0.52031 0.06875 0.06562
48 0.96875 0.12656 0.0625 0.07812
48 0.90469 0.15469 0.09062 0.06562
48 0.30312 0.63906 0.06875 0.04063
48 0.5125 0.54844 0.0625 0.05937
48 0.34375 0.24688 0.09375 0.05
48 0.41562 0.23125 0.06875 0.05625
