5 0.83125 0.60156 0.025 0.03438
5 0.45781 0.98594 0.02187 0.02812
48 0.26719 0.03281 0.23438 0.06562
48 0.00625 0.15625 0.0125 0.075
48 0.01875 0.2625 0.0375 0.05625
48 0.0875 0.07969 0.0625 0.04687
48 0.11406 0.1 0.06562 0.0625
48 0.0625 0.13906 0.05 0.05938
48 0.17344 0.08594 0.04062 0.05313
48 0.15625 0.15 0.125 0.0875
48 0.0625 0.20156 0.1125 0.09687
48 0.19844 0.22188 0.09062 0.09375
48 0.11562 0.21875 0.09375 0.075
48 0.04375 0.28906 0.0875 0.09688
48 0.2125 0.33125 0.09375 0.13125
48 0.06562 0.36562 0.05625 0.0625
48 0.11875 0.39219 0.06875 0.05938
48 0.12969 0.325 0.09688 0.15
48 0.325 0.24844 0.14375 0.30313
48 0.72812 0.12812 0.15 0.225
48 0.9125 0.07031 0.175 0.14062
48 0.93281 0.43906 0.13438 0.38438
5 0.88125 0.63906 0.03125 0.02187
4 0.83594 0.57031 0.02188 0.03438
5 0.62656 0.5125 0.02187 0.0375
48 0.75469 0.92969 0.17812 0.14062
5 0.97656 0.67344 0.02812 0.01562
48 0.95469 0.87344 0.09062 0.15938
48 0.3375 0.98281 0.31875 0.03438
48 0.08906 0.73438 0.17812 0.40625
5 0.94844 0.74375 0.03437 0.01875
5 0.99844 0.73438 0.00313 0.025
48 0.72344 0.47969 0.20937 0.38438
48 0.01094 0.85781 0.02188 0.25938
5 0.89844 0.68906 0.03438 0.02187
48 0.32031 0.65469 0.20937 0.38438
48 0.97188 0.98594 0.05625 0.02812
48 0.0625 0.00469 0.125 0.00938
