4 0.04844 0.20469 0.03438 0.04062
48 0.09531 0.00781 0.10938 0.01562
48 0.00625 0.03125 0.0125 0.0625
23 0.52969 0.35156 0.05937 0.04063
28 0.16719 0.49219 0.03438 0.05313
28 0.16875 0.52812 0.03125 0.03125
28 0.19062 0.52656 0.05 0.05312
28 0.20156 0.54062 0.05938 0.05
28 0.22031 0.55469 0.05313 0.03438
28 0.28438 0.48281 0.05 0.05313
28 0.29219 0.50781 0.06562 0.04688
28 0.13594 0.375 0.07187 0.03125
28 0.07344 0.35 0.05313 0.025
28 0.30625 0.52656 0.0625 0.04063
28 0.325 0.54219 0.06875 0.02813
28 0.91406 0.26562 0.05313 0.025
28 0.91406 0.24531 0.05937 0.02187
28 0.65938 0.24844 0.05625 0.02188
28 0.65312 0.225 0.05 0.025
28 0.6125 0.4875 0.05 0.025
28 0.61406 0.46094 0.06562 0.02187
28 0.63438 0.36562 0.0625 0.03125
28 0.64531 0.33906 0.05938 0.02187
28 0.51719 0.33594 0.04688 0.04063
28 0.27187 0.27187 0.0375 0.03125
