48 0.04531 0.10312 0.09062 0.20625
51 0.05156 0.27344 0.10312 0.19062
53 0.1625 0.1375 0.14375 0.2625
53 0.65 0.13438 0.1375 0.26875
53 0.74219 0.07187 0.10312 0.14375
5 0.13125 0.15937 0.05 0.025
5 0.64688 0.125 0.0625 0.0375
5 0.10469 0.04375 0.05313 0.025
5 0.15156 0.22656 0.05938 0.02187
5 0.14375 0.2 0.05 0.025
5 0.11562 0.09062 0.05 0.025
5 0.23125 0.02969 0.05 0.02188
5 0.12969 0.13125 0.04688 0.025
5 0.10938 0.07187 0.05 0.01875
5 0.67188 0.21562 0.05625 0.03125
48 0.2875 0.01562 0.30625 0.03125
5 0.12188 0.1125 0.05 0.01875
5 0.14219 0.17969 0.04063 0.01562
5 0.29844 0.03281 0.06562 0.02188
5 0.14844 0.25156 0.05312 0.02188
5 0.6375 0.07812 0.06875 0.03125
