13 0.91562 0.9 0.0375 0.05625
5 0.87812 0.97188 0.025 0.04375
6 0.92969 0.75312 0.02812 0.0625
5 0.97656 0.73906 0.02188 0.04063
5 0.92031 0.54375 0.02187 0.04375
5 0.93594 0.40156 0.02812 0.04063
5 0.98906 0.53438 0.02187 0.04375
5 0.99062 0.58281 0.01875 0.04063
10 0.98125 0.33594 0.03125 0.05312
5 0.9875 0.15781 0.025 0.04062
5 0.8125 0.175 0.03125 0.05
48 0.31875 0.84062 0.35625 0.18125
5 0.12656 0.97656 0.05938 0.02812
5 0.06875 0.96094 0.05 0.03438
5 0.51562 0.89375 0.03125 0.04375
5 0.43594 0.98125 0.03437 0.0375
5 0.01719 0.96406 0.03438 0.05312
5 0.00938 0.9 0.01875 0.04375
10 0.475 0.2 0.04375 0.06875
5 0.42188 0.01719 0.05 0.03438
5 0.40938 0.05625 0.04375 0.03125
10 0.4625 0.425 0.08125 0.06875
6 0.49531 0.55 0.04688 0.05625
5 0.48906 0.49688 0.03437 0.0375
5 0.49375 0.64062 0.025 0.0375
53 0.00781 0.95781 0.01562 0.08437
48 0.10469 0.24844 0.20938 0.49688
48 0.13594 0.65156 0.27187 0.39688
48 0.32031 0.36562 0.29688 0.73125
48 0.60156 0.41562 0.34062 0.83125
