5 0.64219 0.88125 0.04688 0.01875
4 0.27031 0.73906 0.02813 0.05938
5 0.32656 0.71875 0.04688 0.025
5 0.32344 0.74531 0.04688 0.02813
5 0.32344 0.76562 0.04688 0.025
46 0.14531 0.04688 0.07187 0.09375
46 0.2375 0.0375 0.0875 0.06875
46 0.31562 0.05156 0.06875 0.10312
46 0.19062 0.09844 0.04375 0.04688
46 0.24062 0.10312 0.0625 0.05625
46 0.125 0.14688 0.05 0.1
46 0.20625 0.17969 0.10625 0.10938
46 0.15 0.28438 0.11875 0.175
46 0.12344 0.475 0.10938 0.2
46 0.25312 0.29844 0.0875 0.13437
5 0.1375 0.76719 0.03125 0.04063
5 0.21094 0.55156 0.02813 0.04688
8 0.46562 0.61875 0.025 0.05
5 0.88281 0.26406 0.03438 0.04687
5 0.99688 0.00625 0.00625 0.0125
8 0.82188 0.61094 0.0625 0.09062
48 0.43594 0.98594 0.15312 0.02812
48 0.38438 0.53438 0.2625 0.125
48 0.59844 0.38281 0.15937 0.11562
48 0.71875 0.23906 0.225 0.09062
48 0.51875 0.01562 0.1625 0.03125
5 0.12188 0.87188 0.0375 0.05
48 0.70469 0.3125 0.25938 0.1125
5 0.26562 0.9 0.0375 0.05625
48 0.7625 0.03125 0.21875 0.0625
5 0.11094 0.95938 0.02812 0.0375
10 0.4625 0.69375 0.06875 0.0375
10 0.54062 0.6375 0.03125 0.05625
48 0.93125 0.96094 0.10625 0.07812
48 0.37969 0.12969 0.10313 0.15937
5 0.11406 0.91719 0.02812 0.04063
48 0.97188 0.37656 0.05625 0.14062
48 0.61719 0.99844 0.24063 0.00313
5 0.0625 0.90938 0.025 0.05
48 0.32656 0.975 0.11563 0.05
5 0.17031 0.9625 0.03437 0.05625
48 0.42031 0.86875 0.12188 0.14375
48 0.47188 0.27187 0.14375 0.09375
48 0.82031 0.17812 0.10312 0.09375
5 0.04531 0.83438 0.02188 0.05
5 0.80156 0.82656 0.02813 0.04688
48 0.99531 0.21562 0.00938 0.075
48 0.675 0.69531 0.25625 0.17813
6 0.18281 0.90156 0.03438 0.05938
5 0.42656 0.46719 0.04063 0.02188
5 0.525 0.48438 0.05 0.03125
48 0.48281 0.75625 0.12812 0.075
10 0.14531 0.71406 0.03438 0.05938
48 0.64688 0.90625 0.2125 0.1875
5 0.12812 0.825 0.025 0.04375
5 0.08125 0.77812 0.03125 0.0625
5 0.23438 0.58125 0.03125 0.05
48 0.525 0.11562 0.175 0.1
5 0.98906 0.08438 0.02187 0.04375
5 0.88438 0.2125 0.05 0.0375
48 0.99844 0.05469 0.00313 0.07812
48 0.94375 0.90156 0.1125 0.11562
5 0.47812 0.475 0.04375 0.01875
5 0.89375 0.17031 0.03125 0.05313
5 0.89531 0.12656 0.04063 0.03437
48 0.49219 0.20156 0.20938 0.10937
48 0.65312 0.79531 0.2375 0.08437
5 0.81406 0.96406 0.02812 0.05312
48 0.9875 0.27969 0.025 0.09687
5 0.06875 0.83125 0.025 0.0375
5 0.48438 0.45 0.05 0.025
48 0.57344 0.2875 0.09063 0.0875
10 0.525 0.71875 0.0625 0.04375
5 0.78281 0.50625 0.05937 0.025
48 0.99219 0.75156 0.01562 0.13438
5 0.05938 0.72656 0.025 0.04688
5 0.19688 0.84688 0.03125 0.05
5 0.89062 0.77969 0.03125 0.05937
5 0.87031 0.91875 0.02813 0.05
48 0.97969 0.45312 0.04063 0.0875
48 0.95469 0.72656 0.09062 0.10312
48 0.725 0.40938 0.175 0.125
48 0.68125 0.14844 0.20625 0.10938
48 0.77656 0.07031 0.18438 0.13438
48 0.45781 0.35938 0.16563 0.1625
10 0.51406 0.63125 0.02812 0.05625
5 0.90938 0.08906 0.03125 0.04688
48 0.65 0.05938 0.1125 0.09375
48 0.99688 0.0125 0.00625 0.025
5 0.52031 0.5625 0.04687 0.01875
48 0.3875 0.73594 0.1125 0.10938
5 0.05469 0.95625 0.03437 0.05
5 0.88125 0.62656 0.025 0.04688
48 0.63438 0.0125 0.10625 0.025
5 0.24844 0.72969 0.02813 0.04688
5 0.19688 0.51406 0.025 0.04688
5 0.99062 0.0375 0.01875 0.05
5 0.86094 0.76562 0.02812 0.06875
48 0.36719 0.26094 0.13438 0.10938
48 0.35 0.34688 0.10625 0.1
48 0.38906 0.025 0.12812 0.05
5 0.21094 0.72812 0.02813 0.05625
5 0.05313 0.78281 0.025 0.04688
5 0.07969 0.58281 0.02812 0.04688
48 0.98438 0.93125 0.03125 0.1375
8 0.86406 0.41875 0.07188 0.06875
48 0.49062 0.04219 0.11875 0.08438
10 0.38281 0.61719 0.03438 0.05937
48 0.95 0.82187 0.1 0.1
