5 0.12188 0.9625 0.075 0.03125
48 0.1375 0.85312 0.15625 0.19375
48 0.03125 0.675 0.0625 0.05
48 0.29688 0.88438 0.10625 0.09375
48 0.27344 0.74219 0.12813 0.19063
48 0.74063 0.77969 0.13125 0.10938
48 0.53281 0.84844 0.25313 0.15937
5 0.56563 0.7625 0.08125 0.03125
5 0.46094 0.66562 0.04688 0.05
5 0.48906 0.68594 0.06562 0.05312
5 0.51875 0.70156 0.05625 0.04063
48 0.70625 0.83594 0.0875 0.05937
5 0.8875 0.71562 0.05625 0.03125
5 0.96875 0.70312 0.0625 0.0375
48 0.00469 0.01406 0.00938 0.02812
48 0.11562 0.06094 0.225 0.12188
48 0.225 0.08281 0.2125 0.16562
48 0.32969 0.12344 0.20938 0.17188
