48 0.19688 0.00781 0.125 0.01562
48 0.03281 0.20625 0.06562 0.15625
48 0.06562 0.3125 0.10625 0.14375
48 0.14219 0.26406 0.12188 0.15313
48 0.07344 0.14375 0.12188 0.14375
48 0.25 0.23281 0.1375 0.14062
48 0.13906 0.42344 0.11562 0.13437
48 0.35312 0.13906 0.1 0.13438
48 0.39375 0.46875 0.11875 0.125
48 0.4125 0.25156 0.125 0.09063
48 0.80469 0.4625 0.15312 0.15625
48 0.35 0.35 0.23125 0.11875
48 0.9625 0.36406 0.075 0.15313
48 0.97656 0.22344 0.04688 0.11562
48 0.95312 0.14062 0.09375 0.11875
48 0.9625 0.94219 0.075 0.11562
48 0.04062 0.86875 0.08125 0.18125
48 0.04375 0.65781 0.0875 0.21562
48 0.05938 0.62031 0.11875 0.16563
48 0.16719 0.58438 0.25938 0.2375
48 0.09375 0.79375 0.15625 0.14375
48 0.225 0.72031 0.275 0.20312
48 0.36094 0.69219 0.13437 0.16563
48 0.42812 0.54844 0.14375 0.09688
48 0.3 0.54219 0.1625 0.19688
48 0.47812 0.65469 0.175 0.15938
48 0.45938 0.39688 0.08125 0.06875
48 0.26875 0.09844 0.24375 0.17812
48 0.49687 0.10625 0.20625 0.2125
48 0.54219 0.26562 0.22187 0.175
48 0.575 0.37188 0.18125 0.15
48 0.62969 0.48594 0.17188 0.14687
48 0.67812 0.59688 0.15625 0.1375
