5 0.17812 0.85938 0.0375 0.0375
5 0.14531 0.89844 0.04688 0.03438
5 0.08438 0.99844 0.025 0.00313
5 0.28281 0.72344 0.04688 0.05312
48 0.80469 0.10312 0.22188 0.20625
48 0.90312 0.63906 0.19375 0.27187
48 0.96719 0.80156 0.06563 0.25312
48 0.88906 0.06719 0.22188 0.13438
48 0.90625 0.01719 0.1875 0.03438
48 0.01719 0.17969 0.03438 0.35938
48 0.15937 0.275 0.1625 0.15
48 0.01719 0.54531 0.03438 0.14688
48 0.1875 0.58125 0.23125 0.20625
48 0.02344 0.69219 0.04688 0.11562
48 0.28438 0.3875 0.28125 0.25
48 0.42344 0.35 0.14688 0.1375
48 0.34531 0.21719 0.19062 0.14688
48 0.54844 0.19062 0.18438 0.1625
48 0.1875 0.72656 0.15 0.12813
50 0.07031 0.40625 0.14062 0.2
48 0.09844 0.05 0.14688 0.1
48 0.19062 0.0875 0.2 0.16875
48 0.29844 0.04219 0.17812 0.08438
48 0.43594 0.05781 0.17813 0.11562
48 0.61562 0.05781 0.14375 0.11562
48 0.51719 0.01562 0.08437 0.03125
48 0.71562 0.36719 0.33125 0.34688
48 0.16562 0.82188 0.11875 0.09375
48 0.27656 0.98125 0.25313 0.0375
48 0.08125 0.82812 0.1625 0.28125
5 0.63594 0.13594 0.02813 0.05313
