48 0.76719 0.94375 0.46562 0.1125
51 0.28438 0.92031 0.56875 0.15938
5 0.24219 0.28281 0.05312 0.04062
5 0.32969 0.31094 0.06562 0.04062
5 0.55625 0.45781 0.05625 0.02813
5 0.50625 0.49062 0.04375 0.0375
5 0.56563 0.49531 0.05 0.03437
5 0.70781 0.58438 0.04688 0.03125
11 0.63281 0.60781 0.17813 0.10938
10 0.85312 0.70781 0.0625 0.04063
5 0.90938 0.67969 0.05625 0.02812
5 0.93906 0.79375 0.04688 0.03125
5 0.90469 0.81094 0.04688 0.03438
11 0.09375 0.23125 0.1 0.06875
48 0.14531 0.47031 0.29063 0.37813
