48 0.33594 0.93594 0.12813 0.10313
48 0.48594 0.7125 0.11562 0.09375
48 0.16094 0.64375 0.14062 0.1
48 0.075 0.42812 0.1375 0.1125
48 0.72656 0.99062 0.18437 0.01875
48 0.85312 0.925 0.15625 0.1375
48 0.54688 0.98125 0.34375 0.0375
48 0.70781 0.82031 0.15937 0.12813
48 0.4375 0.88906 0.10625 0.07188
48 0.50156 0.83438 0.13437 0.10625
48 0.55937 0.95156 0.18125 0.09688
48 0.1625 0.70469 0.325 0.42812
48 0.07656 0.53125 0.15313 0.2
48 0.36875 0.66094 0.125 0.10938
48 0.17031 0.36094 0.14687 0.12188
48 0.0875 0.04219 0.13125 0.08438
48 0.17344 0.01719 0.16562 0.03438
48 0.02656 0.00625 0.05312 0.0125
6 0.35 0.01406 0.05625 0.02812
5 0.125 0.10469 0.04375 0.04062
48 0.95312 0.02031 0.09375 0.04062
39 0.83438 0.4125 0.0625 0.04375
39 0.84531 0.45938 0.04063 0.05625
48 0.40781 0.14219 0.23438 0.12812
48 0.53281 0.33125 0.45312 0.35625
48 0.42656 0.24688 0.09063 0.06875
48 0.69687 0.42344 0.225 0.18438
48 0.74844 0.50156 0.11562 0.09063
48 0.69531 0.63281 0.44688 0.33438
48 0.93906 0.62031 0.12187 0.18438
48 0.31563 0.31875 0.1125 0.08125
48 0.01875 0.07656 0.0375 0.10312
48 0.3 0.19844 0.13125 0.10938
48 0.04062 0.36406 0.08125 0.06562
48 0.97344 0.15 0.05312 0.075
48 0.975 0.71406 0.05 0.06562
