48 0.17812 0.63125 0.1125 0.15
48 0.57344 0.8875 0.09063 0.06875
48 0.43594 0.52656 0.10938 0.14687
48 0.09844 0.075 0.19688 0.08125
48 0.60156 0.18906 0.11563 0.09687
48 0.0875 0.36562 0.1 0.15625
48 0.56563 0.025 0.1125 0.05
48 0.38906 0.65469 0.10312 0.05937
48 0.67969 0.80938 0.11563 0.09375
48 0.44375 0.02344 0.1125 0.04688
48 0.04844 0.99844 0.09688 0.00313
48 0.76406 0.92344 0.15312 0.10313
48 0.99219 0.97031 0.01562 0.05937
48 0.8375 0.68438 0.1625 0.075
48 0.6 0.45312 0.08125 0.075
48 0.26094 0.92344 0.10312 0.09688
48 0.89375 0.74688 0.14375 0.05
48 0.01875 0.19844 0.0375 0.12188
48 0.77656 0.01406 0.14687 0.02812
48 0.27812 0.55156 0.0875 0.08437
48 0.01562 0.39531 0.03125 0.17188
48 0.27344 0.34844 0.27187 0.15313
48 0.22188 0.61719 0.10625 0.14688
48 0.65469 0.97812 0.08437 0.04375
48 0.08594 0.02031 0.17188 0.04062
48 0.175 0.81562 0.10625 0.1
48 0.08438 0.17344 0.09375 0.05938
48 0.1125 0.69687 0.10625 0.1
48 0.40312 0.68594 0.0875 0.05312
48 0.93281 0.01719 0.10938 0.03438
48 0.42812 0.04219 0.125 0.08438
48 0.07656 0.63594 0.07812 0.07188
48 0.40625 0.89688 0.1125 0.08125
48 0.14219 0.27812 0.14688 0.19375
48 0.21094 0.86719 0.09688 0.08438
48 0.48594 0.50156 0.14062 0.15938
48 0.14375 0.13281 0.20625 0.07812
48 0.4625 0.24688 0.13125 0.11875
48 0.24375 0.71562 0.1 0.075
48 0.72812 0.85781 0.13125 0.09062
48 0.99062 0.93906 0.01875 0.05937
48 0.93438 0.81562 0.13125 0.05
48 0.68438 0.99531 0.09375 0.00938
48 0.79219 0.61719 0.15313 0.07812
48 0.40156 0.0875 0.10938 0.1125
48 0.35938 0.85156 0.09375 0.08438
48 0.97656 0.91562 0.04688 0.0625
48 0.92188 0.78281 0.15625 0.04688
48 0.65312 0.36719 0.0875 0.07812
48 0.20781 0.25938 0.14688 0.23125
48 0.59062 0.01094 0.11875 0.02188
48 0.61875 0.95 0.1 0.05625
48 0.59531 0.69531 0.13438 0.10312
48 0.95 0.84531 0.1 0.05937
48 0.50938 0.99531 0.075 0.00938
48 0.32812 0.52969 0.09375 0.08438
48 0.44688 0.00625 0.125 0.0125
48 0.5375 0.84531 0.1 0.07812
48 0.72969 0.55 0.15937 0.05625
48 0.66875 0.43906 0.1625 0.12188
48 0.4875 0.1625 0.15625 0.15
48 0.83281 0.98125 0.12188 0.0375
48 0.82031 0.64844 0.14688 0.07812
48 0.0375 0.37812 0.075 0.15625
48 0.27656 0.21406 0.13438 0.17812
48 0.49844 0.79531 0.08438 0.07188
48 0.87031 0.71406 0.15313 0.06562
48 0.44688 0.72188 0.09375 0.06875
48 0.95938 0.87812 0.08125 0.0625
48 0.76562 0.58438 0.1375 0.0625
48 0.75625 0.0375 0.10625 0.075
48 0.95938 0.00312 0.08125 0.00625
48 0.09844 0.98438 0.09062 0.03125
48 0.05781 0.72031 0.11562 0.15938
48 0.35 0.59688 0.13125 0.1
48 0.46406 0.63281 0.09687 0.09062
48 0.48125 0.98281 0.08125 0.03438
48 0.09375 0.03594 0.1875 0.07187
48 0.30469 0.96562 0.10938 0.06875
48 0.60938 0.39844 0.075 0.07812
48 0.9375 0.5875 0.125 0.24375
48 0.8125 0.28281 0.375 0.38438
48 0.87812 0.03906 0.10625 0.07812
48 0.14375 0.65469 0.1125 0.14062
48 0.36719 0.50625 0.08437 0.08125
48 0.65312 0.75312 0.125 0.0875
48 0.74688 0.0625 0.14375 0.075
48 0.30938 0.78125 0.1375 0.13125
48 0.57656 0.60938 0.09688 0.08125
48 0.70938 0.5 0.1375 0.09375
48 0.02188 0.92344 0.04375 0.15312
48 0.4375 0.95 0.1 0.0875
48 0.46562 0.76094 0.075 0.05312
8 0.2 0.95625 0.05625 0.06875
