48 0.77031 0.28906 0.19062 0.11562
48 0.25312 0.54844 0.14375 0.18438
48 0.44688 0.88438 0.175 0.125
48 0.99844 0.55 0.00313 0.06875
48 0.42969 0.32969 0.14688 0.15313
48 0.49062 0.97031 0.15 0.05937
48 0.36719 0.1125 0.17188 0.1125
48 0.63438 0.36094 0.10625 0.10938
48 0.37031 0.97656 0.09687 0.04688
48 0.6125 0.27187 0.1 0.0875
48 0.09688 0.43125 0.15 0.15
48 0.925 0.19219 0.1 0.04688
48 0.525 0.07344 0.16875 0.14688
48 0.95625 0.92031 0.0875 0.10938
48 0.3 0.90156 0.09375 0.09063
48 0.3375 0.03125 0.16875 0.0625
48 0.94844 0.33125 0.10313 0.08125
48 0.36719 0.53281 0.12187 0.14687
48 0.13906 0.58438 0.10938 0.13125
48 0.17969 0.72031 0.13438 0.13438
48 0.34688 0.64688 0.1625 0.075
48 0.26094 0.72656 0.06563 0.07187
48 0.25781 0.8125 0.16563 0.09375
48 0.18438 0.99062 0.09375 0.01875
48 0.67969 0.76406 0.07812 0.11562
48 0.5875 0.64219 0.075 0.07188
48 0.22344 0.0875 0.10938 0.125
48 0.12812 0.01562 0.08125 0.03125
48 0.62031 0.95 0.16563 0.05625
48 0.89219 0.46719 0.07812 0.04688
48 0.51875 0.23125 0.1 0.08125
48 0.4 0.24062 0.11875 0.05
48 0.32188 0.26562 0.06875 0.06875
