48 0.60625 0.24062 0.125 0.075
48 0.54375 0.99062 0.225 0.01875
48 0.95781 0.875 0.08437 0.10625
48 0.88281 0.94531 0.11563 0.08438
5 0.62656 0.76875 0.02812 0.03125
48 0.99375 0.94219 0.0125 0.08437
48 0.66406 0.14688 0.14688 0.13125
48 0.3 0.54531 0.10625 0.09062
48 0.26094 0.59375 0.07812 0.075
48 0.22188 0.26719 0.0875 0.07813
48 0.72812 0.36719 0.0625 0.05312
48 0.05312 0.58438 0.10625 0.11875
48 0.73906 0.42656 0.10313 0.05938
48 0.2625 0.35469 0.14375 0.11562
48 0.05469 0.90781 0.10938 0.18437
48 0.2125 0.76406 0.19375 0.14062
48 0.46875 0.62813 0.05 0.04375
48 0.15781 0.88906 0.14062 0.11562
48 0.73438 0.27031 0.15 0.10938
48 0.36094 0.64062 0.10938 0.08125
48 0.45312 0.71719 0.1375 0.09688
48 0.29531 0.85938 0.14062 0.11875
48 0.07656 0.075 0.15313 0.15
48 0.67813 0.65781 0.225 0.16563
48 0.42656 0.59844 0.07812 0.05938
48 0.46719 0.04375 0.05938 0.05625
48 0.5125 0.07344 0.10625 0.06562
48 0.16563 0.19219 0.13125 0.12187
48 0.95312 0.02188 0.09375 0.04375
48 0.18125 0.04844 0.15625 0.09688
48 0.49219 0.52344 0.12187 0.11563
48 0.03281 0.19531 0.06562 0.17812
48 0.42656 0.00469 0.10938 0.00938
