48 0.10156 0.025 0.07812 0.05
48 0.15 0.01875 0.05625 0.0375
47 0.25312 0.01562 0.15625 0.03125
48 0.75312 0.11094 0.175 0.22188
48 0.86875 0.33594 0.1125 0.07188
10 0.59531 0.34688 0.04063 0.08125
48 0.88281 0.4125 0.23438 0.14375
48 0.83906 0.66875 0.09687 0.15
48 0.93281 0.58594 0.13438 0.27188
51 0.90938 0.81875 0.18125 0.275
48 0.91094 0.99062 0.07812 0.01875
5 0.52344 0.10312 0.02188 0.03125
48 0.39219 0.16406 0.06562 0.05312
48 0.12812 0.51094 0.05 0.05938
48 0.0625 0.4375 0.05625 0.05
48 0.10938 0.42969 0.04375 0.05312
48 0.04688 0.32344 0.09375 0.07812
48 0.03125 0.40625 0.0375 0.025
48 0.01719 0.42188 0.03438 0.04375
48 0.23281 0.28281 0.12812 0.08438
48 0.29219 0.39844 0.21562 0.19063
48 0.09375 0.16875 0.1875 0.08125
48 0.05156 0.85312 0.10312 0.11875
48 0.2625 0.7875 0.1 0.09375
48 0.04375 0.99844 0.03125 0.00313
48 0.175 0.91875 0.225 0.1625
