53 0.14688 0.88281 0.29375 0.23438
5 0.01406 0.87656 0.02812 0.04063
5 0.00625 0.89375 0.0125 0.0375
5 0.11875 0.95781 0.0375 0.03437
48 0.13438 0.81562 0.10625 0.10625
5 0.07812 0.93281 0.0375 0.03437
5 0.05781 0.95156 0.04062 0.02812
48 0.20625 0.85938 0.075 0.08125
48 0.25 0.89062 0.06875 0.0875
48 0.29688 0.92344 0.06875 0.07812
48 0.34062 0.95312 0.06875 0.08125
48 0.38125 0.97188 0.06875 0.05625
6 0.59531 0.76094 0.11562 0.10313
48 0.40469 0.46719 0.36562 0.35938
6 0.575 0.32344 0.075 0.05938
5 0.4125 0.30781 0.06875 0.06562
15 0.94531 0.95625 0.05937 0.0625
48 0.99219 0.79844 0.01562 0.40312
48 0.43437 0.15469 0.3 0.25312
5 0.9125 0.49531 0.05625 0.03437
6 0.60312 0.27187 0.08125 0.05625
5 0.92656 0.46562 0.04688 0.04375
48 0.83438 0.67031 0.33125 0.39688
