48 0.275 0.09844 0.05 0.04688
7 0.30781 0.15469 0.03437 0.05938
48 0.42188 0.17031 0.075 0.05938
48 0.44219 0.28438 0.04688 0.05625
48 0.375 0.45469 0.08125 0.10938
48 0.42188 0.54219 0.0625 0.07188
5 0.24062 0.44063 0.025 0.04375
48 0.45781 0.70156 0.02813 0.04688
48 0.47344 0.78281 0.10937 0.09062
48 0.45625 0.83438 0.0875 0.05625
9 0.18594 0.88906 0.06562 0.04063
48 0.425 0.95938 0.1125 0.08125
7 0.49688 0.96562 0.0375 0.05625
39 0.51562 0.025 0.05625 0.05
48 0.64062 0.93906 0.13125 0.12187
48 0.94844 0.98438 0.10313 0.03125
48 0.975 0.00312 0.05 0.00625
48 0.9625 0.02031 0.05 0.04062
48 0.425 0.00469 0.04375 0.00938
43 0.92188 0.72188 0.0625 0.075
43 0.7625 0.95 0.04375 0.075
