5 0.1 0.24531 0.03125 0.04688
5 0.09375 0.16094 0.0375 0.05313
48 0.98281 0.15 0.03438 0.125
48 0.93906 0.04688 0.12187 0.08125
48 0.44062 0.23438 0.15 0.125
48 0.02656 0.80625 0.05312 0.06875
48 0.02656 0.03281 0.05312 0.06562
48 0.8125 0.9625 0.3125 0.075
48 0.56094 0.89531 0.15312 0.12812
48 0.13281 0.89531 0.14062 0.10938
48 0.975 0.46094 0.05 0.08438
48 0.34375 0.025 0.2125 0.05
48 0.68906 0.81719 0.16563 0.16563
48 0.21875 0.81406 0.1875 0.12813
48 0.12188 0.64219 0.23125 0.15938
48 0.79062 0.92813 0.14375 0.0875
48 0.80781 0.41875 0.09063 0.0625
48 0.09375 0.78594 0.075 0.05312
48 0.95156 0.41094 0.09688 0.09063
48 0.8125 0.99375 0.25625 0.0125
48 0.65781 0.92031 0.17812 0.12187
48 0.32188 0.9125 0.20625 0.1125
48 0.1 0.72188 0.18125 0.1125
48 0.84062 0.04844 0.2 0.09688
48 0.72656 0.39219 0.11563 0.07187
48 0.79844 0.83594 0.18437 0.16562
48 0.77656 0.47812 0.21563 0.1125
48 0.18125 0.9625 0.1 0.075
48 0.03906 0.91094 0.07812 0.08437
48 0.91406 0.95625 0.16562 0.0875
48 0.8375 0.24375 0.23125 0.15
48 0.81875 0.33438 0.2125 0.13125
48 0.41719 0.32969 0.20937 0.17188
48 0.36875 0.125 0.1 0.10625
48 0.3125 0.97656 0.225 0.04688
48 0.22031 0.8875 0.12188 0.13125
48 0.03281 0.7625 0.06562 0.06875
48 0.26406 0.70156 0.12188 0.13438
48 0.92812 0.88281 0.14375 0.14688
48 0.92188 0.45 0.1 0.13125
48 0.91562 0.1125 0.16875 0.15
48 0.60625 0.02188 0.16875 0.04375
48 0.05156 0.09375 0.10312 0.18125
48 0.87188 0.43125 0.08125 0.05625
48 0.92812 0.03906 0.14375 0.07812
48 0.26719 0.11562 0.17188 0.08125
48 0.56875 0.9625 0.1875 0.075
48 0.28438 0.32031 0.1875 0.14687
48 0.03281 0.96719 0.06562 0.06563
48 0.07188 0.84219 0.11875 0.10313
48 0.01406 0.85469 0.02812 0.05938
48 0.38438 0.81875 0.15625 0.1875
48 0.5375 0.16719 0.3 0.16562
48 0.61094 0.06094 0.14687 0.10312
48 0.50781 0.02812 0.12813 0.05625
48 0.60469 0.79531 0.14687 0.14062
48 0.175 0.27812 0.18125 0.14375
48 0.5375 0.25938 0.16875 0.11875
48 0.3625 0.73594 0.15 0.12187
48 0.9625 0.30781 0.075 0.15313
48 0.82344 0.13125 0.13438 0.1125
48 0.06875 0.0375 0.09375 0.075
48 0.5125 0.38281 0.16875 0.13438
48 0.35469 0.19844 0.11562 0.11562
48 0.275 0.06875 0.19375 0.1125
48 0.04375 0.22188 0.0875 0.15625
48 0.25469 0.17969 0.19688 0.14062
5 0.975 0.72188 0.05 0.0375
6 0.45938 0.43594 0.1 0.05313
5 0.51719 0.73906 0.04688 0.05312
5 0.25156 0.52656 0.04688 0.03437
6 0.28594 0.56406 0.06562 0.04063
5 0.08281 0.46719 0.06562 0.03437
5 0.42969 0.59844 0.06563 0.03437
5 0.625 0.32188 0.04375 0.06875
5 0.07344 0.49688 0.05938 0.0375
6 0.83906 0.56094 0.08437 0.05937
5 0.02344 0.46406 0.04688 0.04688
5 0.66562 0.19062 0.0375 0.075
5 0.44375 0.57969 0.05625 0.04063
5 0.31875 0.53906 0.05625 0.03438
5 0.46562 0.85156 0.05 0.06563
