5 0.57344 0.94844 0.04063 0.05312
5 0.49688 0.7875 0.025 0.06875
5 0.1625 0.81094 0.025 0.07188
5 0.51094 0.9875 0.02187 0.025
5 0.11719 0.69844 0.07812 0.02813
5 0.21406 0.94531 0.03438 0.04062
5 0.59688 0.99375 0.04375 0.0125
5 0.5875 0.8625 0.06875 0.04375
5 0.21562 0.79219 0.03125 0.08437
5 0.35938 0.96406 0.05 0.04063
5 0.49688 0.87969 0.025 0.04688
5 0.45312 0.99375 0.06875 0.0125
5 0.19688 0.79688 0.04375 0.08125
5 0.51406 0.95156 0.03437 0.04688
5 0.06719 0.97344 0.03438 0.04688
5 0.24219 0.93125 0.03438 0.05625
5 0.11094 0.96094 0.03437 0.05937
5 0.58281 0.7875 0.05312 0.05625
5 0.15313 0.94844 0.04375 0.05312
5 0.58906 0.97188 0.04063 0.0375
5 0.59062 0.90156 0.05625 0.03437
5 0.42188 0.87969 0.04375 0.03437
5 0.26562 0.79844 0.0375 0.07812
