48 0.10469 0.22031 0.20938 0.15937
48 0.98125 0.21875 0.0375 0.1625
48 0.81875 0.24375 0.1 0.10625
48 0.93438 0.22188 0.125 0.1375
48 0.95938 0.31406 0.08125 0.10312
48 0.89531 0.39219 0.20937 0.15313
48 0.70469 0.42969 0.22813 0.19063
48 0.58281 0.525 0.24688 0.2125
48 0.64219 0.59531 0.21562 0.19063
48 0.9875 0.4 0.025 0.11875
5 0.49531 0.65469 0.04063 0.03438
5 0.61094 0.79688 0.04688 0.0375
5 0.59219 0.81094 0.04063 0.04688
5 0.73281 0.82812 0.04063 0.04375
5 0.275 0.61562 0.0375 0.03125
5 0.26406 0.62344 0.03437 0.02812
48 0.45 0.69375 0.15625 0.1375
48 0.46094 0.77344 0.09062 0.07187
48 0.50781 0.82344 0.13437 0.12188
48 0.56094 0.90312 0.12812 0.11875
48 0.65469 0.96875 0.15312 0.0625
48 0.70312 0.95781 0.10625 0.08437
48 0.74688 0.94531 0.09375 0.10938
48 0.83594 0.90469 0.15312 0.15312
48 0.7875 0.56719 0.14375 0.15313
48 0.84375 0.68281 0.1125 0.12188
48 0.89375 0.78594 0.10625 0.12812
48 0.94375 0.88125 0.1 0.11875
48 0.96406 0.80156 0.07188 0.20312
48 0.85781 0.5375 0.10938 0.15
48 0.98125 0.53125 0.0375 0.0875
48 0.96719 0.56094 0.05937 0.07188
48 0.97812 0.59688 0.04375 0.08125
48 0.93438 0.49062 0.13125 0.11875
48 0.90938 0.62656 0.06875 0.04063
48 0.97969 0.95938 0.04063 0.08125
48 0.86875 0.9875 0.08125 0.025
48 0.94375 0.96875 0.1125 0.0625
48 0.99531 0.98906 0.00938 0.02187
48 0.50156 0.34375 0.14687 0.11875
48 0.58438 0.28594 0.19375 0.12187
48 0.37344 0.50469 0.25938 0.25312
48 0.09687 0.44375 0.15625 0.1375
48 0.04688 0.34531 0.09375 0.22812
48 0.02188 0.50937 0.04375 0.19375
48 0.21094 0.32656 0.31563 0.24063
48 0.29531 0.77188 0.29063 0.275
48 0.40156 0.93594 0.29688 0.12813
48 0.51719 0.19844 0.24062 0.18438
48 0.675 0.18281 0.18125 0.14062
48 0.08906 0.59688 0.17812 0.18125
48 0.17969 0.66406 0.19062 0.15312
48 0.28594 0.94375 0.16563 0.1125
48 0.16562 0.875 0.18125 0.25
48 0.07344 0.81875 0.14688 0.23125
48 0.07969 0.98125 0.12812 0.0375
48 0.01094 0.15156 0.02188 0.11562
48 0.38438 0.2 0.13125 0.18125
48 0.00312 0.27187 0.00625 0.225
48 0.99531 0.65312 0.00938 0.06875
