48 0.23125 0.92344 0.4625 0.15312
5 0.65938 0.73281 0.0375 0.02187
5 0.65938 0.75312 0.0375 0.01875
48 0.44688 0.04219 0.89375 0.08438
48 0.89688 0.2625 0.20625 0.525
5 0.825 0.26562 0.01875 0.0375
48 0.02656 0.42031 0.05312 0.52188
5 0.87656 0.00781 0.02187 0.01562
5 0.29844 0.74063 0.02188 0.0375
5 0.34219 0.74844 0.02188 0.04063
9 0.64375 0.89375 0.0625 0.05
5 0.375 0.75 0.0375 0.04375
5 0.66719 0.68438 0.04688 0.025
5 0.66562 0.70625 0.0375 0.0125
5 0.31875 0.74688 0.025 0.0375
5 0.66719 0.66406 0.03437 0.02188
48 0.91719 0.63594 0.16563 0.26562
5 0.44062 0.88906 0.05625 0.02812
