48 0.98438 0.49219 0.03125 0.09062
48 0.04219 0.78281 0.08438 0.06563
48 0.66406 0.04062 0.15938 0.08125
48 0.49844 0.0125 0.12812 0.025
48 0.34844 0.72188 0.05938 0.075
50 0.07187 0.08438 0.14375 0.14375
48 0.73125 0.23594 0.125 0.09063
48 0.89375 0.46406 0.08125 0.07188
48 0.59062 0.90312 0.0875 0.1125
48 0.04375 0.97812 0.0875 0.04375
48 0.0125 0.85938 0.025 0.1125
48 0.01406 0.69219 0.02812 0.11562
48 0.23438 0.37031 0.15625 0.17812
48 0.43594 0.95938 0.16563 0.08125
48 0.45469 0.75937 0.14062 0.11875
48 0.9 0.52656 0.13125 0.07813
48 0.96875 0.03438 0.0625 0.06875
48 0.15469 0.84375 0.09063 0.0875
48 0.04375 0.325 0.0875 0.125
48 0.775 0.43281 0.1 0.12812
48 0.25156 0.78594 0.09687 0.12188
48 0.24219 0.96719 0.11562 0.06563
48 0.27812 0.10625 0.1625 0.11875
48 0.18281 0.69688 0.11562 0.075
5 0.97812 0.66719 0.04375 0.01562
48 0.59844 0.09375 0.17812 0.09375
