48 0.89219 0.17188 0.21562 0.2125
48 0.48906 0.00469 0.09687 0.00938
48 0.79844 0.02969 0.32188 0.05938
48 0.29688 0.0125 0.2 0.025
48 0.275 0.0875 0.25 0.13125
48 0.04375 0.81406 0.0875 0.07812
11 0.19688 0.72031 0.08125 0.02187
11 0.28594 0.72031 0.09687 0.02187
5 0.21562 0.60781 0.05625 0.04063
5 0.49531 0.64531 0.04688 0.02187
5 0.5875 0.09844 0.03125 0.04062
48 0.21719 0.83438 0.08438 0.09375
48 0.14219 0.90156 0.10938 0.09063
48 0.99531 0.92969 0.00938 0.13437
5 0.13906 0.68125 0.04688 0.03125
5 0.59219 0.30781 0.01562 0.02813
5 0.39844 0.69219 0.05312 0.02813
48 0.13906 0.81875 0.08438 0.06875
5 0.59219 0.05625 0.02187 0.03125
48 0.93281 0.87188 0.13438 0.19375
5 0.59375 0.34688 0.01875 0.03125
48 0.04375 0.90781 0.0875 0.09688
11 0.44062 0.72969 0.09375 0.04688
5 0.81562 0.62344 0.05 0.02187
5 0.73906 0.67188 0.05312 0.025
48 0.84375 0.45469 0.14375 0.24688
5 0.29688 0.68594 0.04375 0.02187
10 0.62344 0.16406 0.02812 0.04688
48 0.20156 0.34844 0.40312 0.31562
5 0.02344 0.675 0.04688 0.025
5 0.36562 0.72188 0.05 0.025
5 0.59375 0.21875 0.03125 0.03125
5 0.51562 0.69531 0.05625 0.02812
5 0.47188 0.61719 0.05 0.02812
5 0.59219 0.26406 0.03438 0.04062
48 0.84688 0.87812 0.15 0.1875
5 0.34688 0.68594 0.05625 0.02187
5 0.85625 0.74375 0.05 0.025
5 0.27656 0.60469 0.04063 0.02813
5 0.63281 0.26875 0.03438 0.05
11 0.08281 0.7125 0.09062 0.025
48 0.02812 0.02969 0.05625 0.05938
5 0.62656 0.53594 0.02187 0.04688
5 0.59219 0.18281 0.02187 0.02812
5 0.08281 0.6875 0.04688 0.025
5 0.91094 0.75 0.05312 0.01875
10 0.97031 0.75156 0.05312 0.01562
5 0.07656 0.60469 0.05312 0.02813
5 0.59062 0.01719 0.025 0.03438
5 0.63594 0.74531 0.02813 0.03437
11 0.01094 0.70625 0.02188 0.03125
48 0.10156 0.49531 0.20312 0.10938
48 0.72969 0.86406 0.17188 0.13438
5 0.59375 0.94219 0.0375 0.03437
5 0.59219 0.14844 0.02187 0.04063
48 0.45 0.36406 0.14375 0.30938
5 0.59375 0.42188 0.03125 0.04375
14 0.75312 0.65156 0.1 0.02187
48 0.45156 0.84219 0.20312 0.13438
48 0.4625 0.93281 0.14375 0.05312
5 0.9625 0.625 0.06875 0.025
5 0.59375 0.51719 0.03125 0.04062
8 0.60156 0.60781 0.04062 0.04688
48 0.33906 0.89375 0.10938 0.2125
5 0.625 0.6875 0.03125 0.04375
5 0.18594 0.68281 0.06562 0.04063
5 0.24531 0.6875 0.02813 0.01875
5 0.59375 0.46719 0.03125 0.03437
5 0.78906 0.67188 0.05313 0.01875
6 0.62344 0.34375 0.05937 0.075
48 0.72031 0.44062 0.14687 0.25625
48 0.99688 0.17969 0.00625 0.17188
5 0.62813 0.83906 0.05 0.04688
48 0.94062 0.425 0.11875 0.325
48 0.72656 0.14688 0.18437 0.2
5 0.88125 0.675 0.05 0.01875
