5 0.28906 0.76094 0.02187 0.03437
5 0.4 0.2 0.025 0.05
8 0.43125 0.3 0.03125 0.05
48 0.19375 0.20156 0.06875 0.05938
48 0.29531 0.94688 0.08438 0.10625
48 0.325 0.25625 0.10625 0.06875
10 0.54062 0.58125 0.05625 0.05625
10 0.45781 0.72344 0.07188 0.04688
48 0.74062 0.92969 0.23125 0.14062
10 0.47031 0.67344 0.08437 0.07812
48 0.57812 0.50938 0.05625 0.05625
48 0.6375 0.05938 0.225 0.11875
48 0.08438 0.79062 0.16875 0.15
48 0.29531 0.42344 0.09687 0.06562
48 0.65469 0.30469 0.09688 0.09062
48 0.65625 0.475 0.175 0.16875
10 0.39062 0.5125 0.05 0.075
10 0.53125 0.62187 0.0875 0.0625
48 0.24062 0.30937 0.05625 0.05
48 0.55937 0.41562 0.16875 0.175
5 0.41562 0.14219 0.025 0.05938
48 0.72188 0.99844 0.1 0.00313
48 0.6875 0.86719 0.275 0.26562
48 0.87812 0.71875 0.24375 0.2375
10 0.52188 0.67344 0.075 0.05937
48 0.12344 0.95938 0.09063 0.08125
48 0.225 0.69062 0.09375 0.04375
48 0.075 0.9 0.08125 0.05625
48 0.21094 0.47188 0.04688 0.05625
48 0.32344 0.38125 0.05938 0.05625
48 0.17969 0.9625 0.06562 0.04375
48 0.26875 0.19062 0.0875 0.075
48 0.35938 0.03125 0.0875 0.0625
48 0.91094 0.80313 0.17812 0.25625
48 0.80625 0.64375 0.23125 0.25
10 0.46562 0.49375 0.05 0.10625
10 0.69375 0.17344 0.05625 0.07187
48 0.12812 0.6875 0.0625 0.075
48 0.175 0.9 0.10625 0.1125
48 0.19375 0.60156 0.1 0.05937
48 0.25 0.475 0.05625 0.0625
48 0.3 0.48594 0.1 0.08437
48 0.22813 0.34688 0.06875 0.05
48 0.95312 0.87969 0.09375 0.24062
10 0.53438 0.76406 0.09375 0.07188
48 0.21719 0.73281 0.08438 0.06563
48 0.24062 0.65781 0.09375 0.05937
48 0.00625 0.99375 0.0125 0.0125
48 0.88125 0.96094 0.1625 0.07812
48 0.08438 0.85312 0.04375 0.04375
48 0.18281 0.55469 0.04688 0.04062
48 0.34531 0.20625 0.10938 0.06875
10 0.48906 0.79688 0.07188 0.0625
48 0.06719 0.66719 0.05938 0.08437
48 0.31094 0.31719 0.10312 0.09063
48 0.61719 0.35 0.09688 0.08125
48 0.09531 0.72656 0.06562 0.04688
48 0.19375 0.64531 0.05625 0.05312
48 0.26562 0.52656 0.11875 0.06562
48 0.0625 0.95156 0.08125 0.08437
48 0.025 0.69219 0.05 0.05938
48 0.25938 0.59688 0.09375 0.1
48 0.21562 0.55625 0.04375 0.04375
48 0.16563 0.71406 0.05625 0.05312
48 0.14062 0.63438 0.0875 0.05
10 0.43281 0.50469 0.05938 0.10937
48 0.17969 0.80625 0.14687 0.11875
48 0.275 0.37188 0.05 0.05625
48 0.54375 0.28125 0.1875 0.1625
48 0.17031 0.98594 0.05938 0.02812
48 0.7375 0.55937 0.275 0.25
48 0.72812 0.38906 0.125 0.10312
10 0.48906 0.56094 0.09063 0.08437
48 0.37813 0.96719 0.14375 0.06563
48 0.7625 0.43906 0.0875 0.07812
48 0.83906 0.13594 0.21563 0.16562
48 0.25312 0.24844 0.0875 0.09063
48 0.27812 0.02656 0.10625 0.05312
48 0.55625 0.82812 0.1875 0.18125
48 0.66094 0.74531 0.17812 0.15937
48 0.2 0.51562 0.05625 0.05625
48 0.23906 0.37656 0.03437 0.04062
48 0.2375 0.41719 0.0625 0.05938
48 0.32188 0.12188 0.16875 0.1125
5 0.375 0.32188 0.0375 0.05
5 0.32188 0.55781 0.025 0.04063
5 0.37969 0.56406 0.03437 0.04063
5 0.35 0.64219 0.03125 0.04063
5 0.28438 0.71406 0.025 0.03437
5 0.26562 0.76562 0.025 0.0375
5 0.30156 0.63281 0.02813 0.04062
5 0.33906 0.93281 0.02813 0.04688
5 0.48594 0.98594 0.04062 0.02812
5 0.48906 0.91562 0.03437 0.04375
5 0.46406 0.8875 0.02813 0.0375
5 0.2375 0.88438 0.025 0.04375
5 0.21875 0.93438 0.025 0.04375
5 0.2125 0.97344 0.03125 0.04063
5 0.5375 0.97188 0.05 0.04375
5 0.97969 0.11562 0.02813 0.04375
5 0.34062 0.4875 0.03125 0.05
5 0.35625 0.40469 0.01875 0.03437
5 0.99844 0.19844 0.00313 0.04062
5 0.99219 0.00156 0.01562 0.00312
48 0.08438 0.99062 0.1625 0.01875
5 0.40938 0.41406 0.025 0.02812
5 0.40938 0.45 0.025 0.05
5 0.38281 0.28438 0.02812 0.0375
5 0.61562 0.09219 0.04375 0.02812
5 0.80938 0.38438 0.03125 0.03125
5 0.98594 0.07344 0.02812 0.03437
