48 0.5875 0.81875 0.3375 0.35
48 0.35469 0.6875 0.26562 0.21875
48 0.12344 0.12188 0.24688 0.23125
48 0.06875 0.03281 0.1375 0.06562
5 0.69531 0.54219 0.03438 0.04688
48 0.20469 0.32969 0.32812 0.32812
48 0.34531 0.45312 0.28438 0.24375
48 0.29219 0.8 0.10312 0.1
48 0.8625 0.61406 0.275 0.39062
48 0.89844 0.36094 0.20312 0.24688
48 0.78438 0.225 0.43125 0.325
48 0.61719 0.10469 0.34062 0.20938
48 0.51406 0.01406 0.33438 0.02812
48 0.98438 0.03281 0.03125 0.06562
5 0.47344 0.52656 0.04688 0.03437
