5 0.1125 0.60156 0.05 0.05313
23 0.20469 0.09375 0.40938 0.1875
5 0.63906 0.65469 0.05937 0.02812
8 0.59062 0.69687 0.06875 0.0375
8 0.66406 0.62656 0.06563 0.02812
8 0.52969 0.57812 0.07812 0.05
5 0.56719 0.56094 0.06562 0.04063
5 0.59844 0.54062 0.05938 0.03125
5 0.62031 0.51094 0.06562 0.03437
8 0.64062 0.48906 0.075 0.04063
6 0.66094 0.45938 0.09063 0.05
5 0.89688 0.38594 0.05 0.02813
5 0.92031 0.36875 0.04688 0.025
5 0.93906 0.35312 0.04688 0.03125
5 0.9875 0.29844 0.025 0.03437
9 0.72031 0.39688 0.08437 0.04375
9 0.8125 0.29063 0.08125 0.04375
5 0.88594 0.23594 0.05312 0.03437
5 0.89844 0.2125 0.05313 0.03125
5 0.94062 0.18281 0.06875 0.04062
48 0.62031 0.01094 0.75938 0.02188
