48 0.94531 0.89375 0.10938 0.09375
48 0.66875 0.98438 0.075 0.03125
48 0.92656 0.95 0.09063 0.08125
48 0.86406 0.81094 0.09063 0.10313
5 0.875 0.72656 0.04375 0.03438
48 0.475 0.72344 0.05 0.03437
48 0.60312 0.65 0.15 0.11875
48 0.39219 0.97656 0.10312 0.04688
48 0.43125 0.70781 0.08125 0.04688
48 0.85 0.92812 0.075 0.0625
48 0.51562 0.65312 0.125 0.10625
48 0.97656 0.95938 0.04688 0.08125
48 0.7 0.70312 0.0875 0.075
48 0.65938 0.74531 0.05625 0.02813
48 0.80312 0.99062 0.03125 0.01875
48 0.64531 0.92344 0.16563 0.15312
48 0.97969 0.97969 0.04063 0.04063
48 0.70312 0.80625 0.10625 0.0625
48 0.60781 0.76719 0.07812 0.09062
48 0.82656 0.85312 0.07188 0.08125
48 0.55937 0.90781 0.21875 0.18437
48 0.78594 0.93594 0.07188 0.05312
48 0.48438 0.79375 0.09375 0.1
48 0.74375 0.77188 0.0875 0.04375
48 0.78125 0.7375 0.08125 0.05
48 0.71719 0.93594 0.08437 0.07812
48 0.94531 0.99219 0.08438 0.01562
5 0.98906 0.47344 0.02187 0.03437
