48 0.44219 0.98438 0.50938 0.03125
5 0.00312 0.6625 0.00625 0.0375
5 0.00469 0.62813 0.00938 0.04375
5 0.01094 0.58438 0.02188 0.05
5 0.0125 0.525 0.025 0.05
5 0.01406 0.47031 0.02812 0.04688
5 0.01562 0.41875 0.03125 0.05
5 0.01875 0.3625 0.0375 0.04375
5 0.02812 0.23438 0.05625 0.06875
5 0.12031 0.31406 0.05313 0.05313
5 0.12344 0.2625 0.05312 0.05625
8 0.06094 0.3875 0.04688 0.0625
5 0.06562 0.12344 0.05625 0.05938
5 0.15156 0.20312 0.06563 0.04375
5 0.14375 0.15625 0.06875 0.05625
5 0.06562 0.06562 0.05625 0.05
5 0.07344 0.02188 0.05313 0.04375
5 0.39375 0.01875 0.04375 0.0375
5 0.38906 0.06094 0.05313 0.04688
5 0.37813 0.11875 0.05 0.04375
5 0.41875 0.12188 0.04375 0.04375
5 0.4625 0.12344 0.05 0.05312
5 0.50156 0.12031 0.04062 0.04062
5 0.53594 0.125 0.04688 0.04375
5 0.57656 0.12812 0.04063 0.04375
5 0.61562 0.12812 0.04375 0.04375
5 0.65625 0.13438 0.05 0.0375
5 0.73906 0.13438 0.04688 0.04375
5 0.45781 0.17969 0.04688 0.04688
5 0.52812 0.175 0.05 0.05
5 0.57031 0.17969 0.04062 0.04063
5 0.61094 0.17812 0.04063 0.04375
5 0.64688 0.1875 0.0375 0.04375
5 0.68906 0.19062 0.04688 0.05
5 0.72812 0.19062 0.05 0.05
5 0.76875 0.19062 0.04375 0.05
5 0.80938 0.2 0.04375 0.0375
5 0.88906 0.2 0.04063 0.0375
5 0.92344 0.2 0.05312 0.04375
5 0.9625 0.20156 0.0375 0.04062
5 0.9875 0.19844 0.025 0.04688
5 0.97031 0.13906 0.04688 0.04688
5 0.99375 0.14375 0.0125 0.04375
5 0.86094 0.06094 0.08437 0.04688
5 0.77812 0.05781 0.05 0.02812
5 0.66094 0.05156 0.07812 0.04062
5 0.34219 0.30469 0.06562 0.04063
5 0.08281 0.98906 0.06562 0.02187
5 0.08906 0.96875 0.07187 0.0375
5 0.1625 0.89844 0.06875 0.03438
5 0.08281 0.89844 0.04688 0.04062
5 0.08438 0.85625 0.05 0.04375
5 0.16562 0.79688 0.08125 0.0375
8 0.175 0.74844 0.0875 0.02812
5 0.09531 0.69375 0.05938 0.05
5 0.09062 0.75 0.05625 0.05625
5 0.09219 0.80313 0.05938 0.05625
5 0.1 0.61094 0.0625 0.05937
5 0.09844 0.55156 0.06562 0.05938
5 0.10938 0.50313 0.04375 0.05
5 0.10625 0.45312 0.05625 0.05625
5 0.11719 0.40781 0.04688 0.04688
5 0.30938 0.49062 0.06875 0.0375
5 0.29688 0.42188 0.075 0.0375
8 0.3125 0.39375 0.09375 0.04375
5 0.31719 0.33594 0.08437 0.04063
5 0.90938 0.76562 0.05 0.05625
5 0.84688 0.825 0.075 0.03125
5 0.84375 0.87969 0.08125 0.03437
5 0.83906 0.85312 0.07188 0.03125
5 0.83906 0.92969 0.07812 0.04062
5 0.83438 0.98438 0.06875 0.03125
5 0.82812 0.99844 0.06875 0.00313
5 0.99062 0.85469 0.01875 0.04688
5 0.97656 0.90781 0.04688 0.04688
5 0.98438 0.97969 0.03125 0.04063
5 0.98125 0.99531 0.0375 0.00938
53 0.67344 0.17031 0.65312 0.16562
53 0.87969 0.87031 0.24062 0.25938
48 0.17344 0.5625 0.08438 0.1625
53 0.30937 0.40156 0.1125 0.25938
5 0.77344 0.5875 0.02812 0.03125
5 0.99062 0.59531 0.01875 0.03438
5 0.92812 0.59531 0.03125 0.03438
5 0.85156 0.58906 0.02812 0.03437
5 0.81094 0.59219 0.03438 0.03438
53 0.87969 0.60156 0.24062 0.05937
5 0.5625 0.2875 0.03125 0.0375
5 0.59844 0.28125 0.02813 0.03125
53 0.72344 0.30312 0.55312 0.075
53 0.17031 0.79375 0.10312 0.28125
48 0.6625 0.6625 0.675 0.65
5 0.02656 0.30625 0.05312 0.075
