5 0.05 0.29063 0.075 0.03125
5 0.13438 0.30781 0.08125 0.04063
5 0.22344 0.31875 0.07188 0.03125
5 0.3125 0.3375 0.06875 0.0375
5 0.39375 0.34844 0.08125 0.04063
5 0.08906 0.35625 0.07187 0.0375
5 0.2625 0.3625 0.075 0.0375
5 0.28594 0.39688 0.06562 0.03125
5 0.31094 0.43438 0.06562 0.03125
5 0.63438 0.39219 0.075 0.03437
5 0.725 0.40469 0.075 0.03437
5 0.80781 0.41875 0.07812 0.03125
5 0.69688 0.5 0.075 0.03125
5 0.56563 0.50469 0.0625 0.02813
5 0.33438 0.50937 0.075 0.0375
5 0.82344 0.52188 0.08437 0.025
5 0.90625 0.5375 0.06875 0.03125
5 0.39219 0.67656 0.04062 0.04688
5 0.35 0.77656 0.05 0.04688
5 0.2 0.82344 0.06875 0.03437
5 0.23594 0.75 0.07187 0.03125
5 0.86875 0.62969 0.05625 0.04688
5 0.80469 0.625 0.04688 0.05
5 0.97031 0.55 0.05937 0.03125
5 0.99844 0.46094 0.00313 0.03438
48 0.8875 0.26562 0.225 0.43125
48 0.70938 0.21562 0.175 0.13125
48 0.25781 0.14375 0.51562 0.2875
48 0.15781 0.53281 0.31562 0.39062
48 0.08125 0.93594 0.1625 0.12813
48 0.73594 0.83281 0.52812 0.33438
