48 0.97188 0.59531 0.05625 0.07812
48 0.87031 0.19844 0.13438 0.09062
48 0.19219 0.58906 0.29063 0.32188
5 0.00625 0.80625 0.0125 0.03125
5 0.45 0.38125 0.03125 0.025
9 0.58281 0.51562 0.04063 0.0375
5 0.5625 0.29063 0.05 0.03125
5 0.57969 0.26875 0.05312 0.03125
5 0.55937 0.2 0.0375 0.03125
5 0.57969 0.175 0.03438 0.03125
5 0.51719 0.24688 0.04062 0.03125
5 0.46094 0.28438 0.04063 0.03125
5 0.5625 0.22969 0.0375 0.04062
48 0.48281 0.18281 0.12812 0.10312
48 0.41719 0.225 0.15313 0.13125
48 0.99531 0.39375 0.00938 0.15
48 0.95625 0.44688 0.0875 0.125
48 0.93906 0.62813 0.09062 0.08125
48 0.62813 0.3875 0.075 0.05625
9 0.63594 0.52656 0.04063 0.04063
48 0.79531 0.28125 0.15312 0.125
48 0.34844 0.05625 0.17188 0.1125
48 0.59844 0.84531 0.26562 0.19063
48 0.07031 0.03281 0.14062 0.06562
48 0.69219 0.46406 0.17188 0.15937
48 0.48281 0.93125 0.28438 0.1375
48 0.7375 0.34219 0.11875 0.10312
48 0.91406 0.1125 0.17188 0.15
48 0.93125 0.99375 0.1375 0.0125
48 0.57656 0.43438 0.10938 0.1
48 0.03281 0.72031 0.06562 0.12813
48 0.87969 0.55469 0.12188 0.10938
48 0.975 0.03125 0.05 0.0625
48 0.23906 0.12812 0.17812 0.1375
48 0.82031 0.93906 0.18437 0.12187
48 0.35781 0.98438 0.29688 0.03125
