48 0.03906 0.52031 0.07812 0.20312
48 0.02031 0.64062 0.04062 0.075
48 0.10469 0.50313 0.09688 0.1625
9 0.05781 0.40625 0.05313 0.03125
8 0.925 0.74375 0.04375 0.08125
48 0.02656 0.04688 0.05312 0.09375
48 0.4125 0.55781 0.175 0.14687
48 0.68438 0.32344 0.1125 0.21562
48 0.17812 0.54062 0.1125 0.19375
48 0.41094 0.8125 0.27813 0.375
48 0.30938 0.05469 0.13125 0.06562
48 0.26562 0.61563 0.15 0.225
48 0.08125 0.25469 0.15 0.11562
48 0.47344 0.17031 0.13438 0.09688
48 0.39531 0.02812 0.13438 0.05625
48 0.19375 0.23438 0.0875 0.15
48 0.02344 0.21875 0.04688 0.15
48 0.25312 0.12656 0.1125 0.13438
48 0.54688 0.69375 0.1375 0.15
48 0.91094 0.37187 0.15313 0.2
48 0.30781 0.30625 0.15938 0.125
48 0.74844 0.76094 0.30937 0.46563
48 0.46875 0.34375 0.11875 0.1125
48 0.54219 0.79219 0.17188 0.09063
48 0.01094 0.46406 0.02188 0.10313
48 0.12812 0.73125 0.25625 0.10625
5 0.85312 0.53125 0.075 0.0375
48 0.50313 0.26094 0.34375 0.10938
48 0.55625 0.59062 0.19375 0.175
48 0.09687 0.15313 0.10625 0.0875
5 0.9375 0.61563 0.0375 0.05625
