5 0.46562 0.07031 0.05625 0.02813
5 0.72344 0.06562 0.06562 0.03125
48 0.91875 0.3125 0.1625 0.625
5 0.90156 0.06719 0.05938 0.02813
5 0.76875 0.94219 0.05625 0.03437
10 0.44844 0.775 0.04688 0.075
5 0.76719 0.98594 0.06563 0.02812
5 0.825 0.97812 0.05625 0.03125
5 0.975 0.72031 0.03125 0.04063
48 0.1375 0.43125 0.0375 0.0625
5 0.79531 0.50625 0.03438 0.05
5 0.71562 0.49219 0.025 0.05313
5 0.68906 0.48594 0.02187 0.04062
5 0.66562 0.48281 0.025 0.03437
5 0.63437 0.47969 0.025 0.04063
5 0.60625 0.46719 0.03125 0.03437
5 0.83594 0.47812 0.04062 0.025
5 0.83594 0.43906 0.05937 0.02813
5 0.84062 0.38438 0.04375 0.0375
5 0.79844 0.38438 0.02812 0.0375
5 0.77344 0.37188 0.02188 0.0375
5 0.71875 0.36719 0.03125 0.04063
5 0.68906 0.3625 0.02812 0.04375
5 0.66562 0.35781 0.025 0.04062
5 0.64219 0.35625 0.03438 0.05
5 0.6125 0.34531 0.025 0.04688
5 0.02969 0.19844 0.02812 0.04688
10 0.26719 0.12188 0.07813 0.0875
5 0.23125 0.27344 0.05625 0.03438
5 0.44844 0.12031 0.05938 0.02188
5 0.52656 0.23594 0.02813 0.05313
5 0.55 0.11719 0.04375 0.05938
5 0.41875 0.24062 0.0625 0.025
5 0.35312 0.25312 0.05 0.03125
5 0.35469 0.28438 0.05938 0.03125
5 0.41406 0.27031 0.04688 0.02187
5 0.41719 0.29688 0.04688 0.025
5 0.66406 0.1875 0.05313 0.03125
5 0.63281 0.12344 0.02812 0.04688
5 0.77656 0.18906 0.06562 0.02813
5 0.64688 0.0875 0.03125 0.0375
5 0.7 0.10781 0.05625 0.02812
5 0.71562 0.08594 0.05625 0.02188
5 0.88281 0.15625 0.05937 0.025
5 0.87812 0.1375 0.05625 0.01875
5 0.88281 0.10781 0.05937 0.02812
53 0.69844 0.42812 0.31562 0.225
