48 0.0625 0.06719 0.09375 0.06562
48 0.00156 0.05469 0.00312 0.10938
48 0.05469 0.00781 0.07812 0.01562
48 0.14219 0.01562 0.09687 0.03125
5 0.70938 0.0125 0.03125 0.01875
5 0.63594 0.00781 0.02813 0.01562
5 0.56094 0.00469 0.02187 0.00938
5 0.48281 0.00312 0.02813 0.00625
5 0.52344 0.00312 0.02188 0.00625
5 0.75156 0.00781 0.03438 0.01562
5 0.78594 0.01094 0.02187 0.01562
5 0.81719 0.00781 0.02813 0.01562
53 0.67031 0.03438 0.58438 0.06875
48 0.39375 0.62656 0.7875 0.42188
48 0.5375 0.21875 0.29375 0.1125
48 0.85156 0.34219 0.27188 0.25938
5 0.92188 0.78125 0.025 0.0375
9 0.85781 0.85156 0.03438 0.06563
5 0.675 0.00781 0.03125 0.01562
5 0.59688 0.00469 0.025 0.00938
2 0.83906 0.94531 0.32188 0.10938
