48 0.37188 0.81875 0.15625 0.15625
48 0.09062 0.70156 0.18125 0.16563
48 0.24688 0.21719 0.15625 0.12188
48 0.41406 0.18906 0.21562 0.12188
48 0.67969 0.20781 0.14062 0.21562
9 0.80312 0.76875 0.03125 0.04375
48 0.09062 0.99688 0.18125 0.00625
48 0.25312 0.50156 0.2625 0.36562
48 0.02031 0.16406 0.04062 0.19062
5 0.0875 0.22969 0.05625 0.02188
5 0.08281 0.25469 0.05938 0.02188
5 0.99844 0.99688 0.00313 0.00625
5 0.70938 0.67344 0.025 0.04688
5 0.78438 0.23281 0.025 0.04687
48 0.44531 0.66094 0.23438 0.15937
5 0.71094 0.62031 0.02188 0.04063
48 0.9625 0.83594 0.075 0.31563
48 0.93438 0.44375 0.13125 0.28125
5 0.86719 0.9375 0.02812 0.03125
51 0.03906 0.45156 0.07812 0.35312
48 0.99062 0.15313 0.01875 0.10625
48 0.49531 0.35781 0.31562 0.28438
48 0.49219 0.04531 0.20938 0.09062
5 0.07656 0.27187 0.04688 0.01875
48 0.12969 0.02188 0.16562 0.04375
5 0.20938 0.875 0.04375 0.0375
48 0.60156 0.75625 0.20312 0.33125
48 0.32344 0.03125 0.17188 0.0625
