10 0.78125 0.1125 0.0375 0.1
48 0.425 0.1125 0.3 0.09375
56 0.65938 0.61406 0.2 0.77188
56 0.38281 0.84844 0.18437 0.30312
57 0.32969 0.64844 0.02188 0.10312
57 0.38438 0.54375 0.03125 0.125
57 0.33281 0.55469 0.04688 0.11563
57 0.45938 0.48281 0.025 0.06562
57 0.46562 0.4125 0.03125 0.075
57 0.525 0.24844 0.1125 0.02813
57 0.525 0.28125 0.1125 0.03125
57 0.52656 0.31562 0.10938 0.025
57 0.50313 0.20156 0.05625 0.03437
57 0.50313 0.17344 0.05 0.02188
57 0.44375 0.33281 0.025 0.12812
57 0.425 0.31875 0.025 0.11875
57 0.40625 0.30312 0.025 0.1125
57 0.42969 0.22188 0.02187 0.05625
57 0.40781 0.21875 0.02188 0.05625
57 0.38594 0.21406 0.02187 0.06563
57 0.3625 0.20938 0.025 0.0625
57 0.37969 0.34688 0.02813 0.05625
57 0.37344 0.29219 0.03437 0.06562
57 0.31094 0.24219 0.05938 0.02812
57 0.31094 0.21406 0.05938 0.02188
57 0.30625 0.26719 0.05625 0.02813
57 0.23906 0.23438 0.05937 0.025
57 0.23906 0.21094 0.05937 0.02813
57 0.23906 0.25469 0.05937 0.02812
57 0.23594 0.28438 0.05938 0.03125
57 0.1375 0.09063 0.125 0.05
57 0.13438 0.12188 0.1125 0.04375
57 0.025 0.11562 0.05 0.03125
57 0.02812 0.14844 0.05625 0.04063
56 0.10156 0.25156 0.20312 0.17188
56 0.13125 0.3875 0.2625 0.18125
56 0.13594 0.52344 0.18438 0.15312
56 0.12969 0.95625 0.22188 0.0875
56 0.10156 0.8625 0.07188 0.13125
56 0.13125 0.75 0.2 0.18125
56 0.13906 0.625 0.16562 0.15
48 0.62813 0.12031 0.1375 0.10937
9 0.39844 0.05312 0.19688 0.05
9 0.69531 0.05312 0.17188 0.0375
9 0.76094 0.89688 0.04063 0.13125
