48 0.06406 0.25938 0.12812 0.125
48 0.02188 0.05781 0.04375 0.11562
48 0.14219 0.925 0.28438 0.15
48 0.84062 0.92344 0.31875 0.15312
48 0.96562 0.04219 0.06875 0.08438
48 0.98125 0.40781 0.0375 0.65312
48 0.12656 0.16719 0.19062 0.17188
48 0.16094 0.31875 0.14688 0.16875
6 0.49844 0.29688 0.04688 0.1
5 0.41875 0.12969 0.025 0.04062
6 0.47656 0.16562 0.03438 0.10625
6 0.68281 0.71562 0.05938 0.04375
5 0.53281 0.53594 0.02812 0.03437
6 0.59219 0.59219 0.08437 0.09688
48 0.84688 0.42031 0.30625 0.52188
5 0.94375 0.92344 0.025 0.04688
48 0.2 0.53438 0.31875 0.275
48 0.60625 0.04531 0.14375 0.09062
48 0.82031 0.23438 0.10312 0.1375
5 0.96562 0.92344 0.03125 0.02812
48 0.91406 0.45938 0.14062 0.13125
6 0.70156 0.68438 0.07188 0.0375
6 0.62969 0.96094 0.04688 0.07812
6 0.46719 0.925 0.07812 0.06875
5 0.46406 0.03438 0.02813 0.0375
5 0.3125 0.025 0.01875 0.03125
48 0.30781 0.26875 0.12188 0.20625
6 0.40781 0.71562 0.06562 0.03125
48 0.20312 0.06562 0.30625 0.13125
