48 0.45625 0.55781 0.23125 0.17188
48 0.97656 0.71094 0.04688 0.16562
48 0.56094 0.11406 0.24687 0.12812
48 0.58438 0.26094 0.2125 0.22188
48 0.6875 0.22969 0.15 0.22812
48 0.75 0.18594 0.2 0.29688
48 0.94375 0.54531 0.1125 0.17188
48 0.99844 0.11562 0.00313 0.23125
48 0.93594 0.12656 0.12813 0.22188
48 0.87188 0.15156 0.1625 0.22812
48 0.975 0.00938 0.05 0.01875
48 0.79688 0.02969 0.125 0.05938
48 0.90781 0.00156 0.18437 0.00312
48 0.68125 0.04531 0.175 0.09062
48 0.46719 0.04844 0.15312 0.09688
48 0.56719 0.025 0.10938 0.05
48 0.29688 0.8125 0.15 0.1875
48 0.09375 0.67344 0.1875 0.20312
48 0.19375 0.63594 0.1375 0.17812
48 0.2 0.98594 0.4 0.02812
48 0.60938 0.99219 0.14375 0.01562
48 0.44844 0.94375 0.24062 0.1125
5 0.20781 0.52969 0.04688 0.02187
5 0.24531 0.51719 0.04688 0.02187
5 0.4625 0.44219 0.0375 0.02187
5 0.30625 0.49687 0.0375 0.01875
48 0.25312 0.33594 0.08125 0.06563
48 0.0125 0.11406 0.025 0.12187
48 0.18125 0.14375 0.34375 0.11875
48 0.01406 0.0375 0.02812 0.075
48 0.59062 0.85781 0.21875 0.09062
48 0.77969 0.44844 0.12187 0.17188
48 0.01719 0.01094 0.03438 0.02188
5 0.10156 0.56094 0.04688 0.02812
48 0.05 0.47812 0.1 0.0875
48 0.14531 0.87812 0.29063 0.24375
48 0.50938 0.62031 0.16875 0.06562
48 0.84844 0.37969 0.13438 0.15937
48 0.90938 0.90469 0.18125 0.08437
5 0.46719 0.4625 0.05313 0.03125
48 0.95312 0.37969 0.09375 0.16563
48 0.18906 0.38906 0.11562 0.18438
48 0.62813 0.92969 0.2375 0.10938
5 0.39219 0.47031 0.04688 0.02813
48 0.00312 0.50313 0.00625 0.0875
5 0.15469 0.54375 0.04688 0.025
48 0.30312 0.21875 0.23125 0.175
48 0.02188 0.33438 0.04375 0.30625
48 0.54531 0.72969 0.22813 0.17812
51 0.92969 0.95469 0.14062 0.09062
48 0.40156 0.36875 0.15937 0.13125
48 0.1375 0.01875 0.275 0.0375
48 0.22031 0.0625 0.20938 0.125
48 0.70625 0.97188 0.21875 0.05625
5 0.43125 0.45469 0.04375 0.02813
48 0.28125 0.5875 0.18125 0.1625
5 0.33281 0.4875 0.04688 0.025
48 0.89062 0.83281 0.21875 0.08437
48 0.09531 0.34219 0.18438 0.30313
48 0.78281 0.61563 0.24062 0.24375
48 0.27969 0.39844 0.08438 0.07188
48 0.04219 0.08281 0.08438 0.06562
48 0.85312 0.73438 0.2375 0.18125
48 0.09688 0.10781 0.19375 0.07812
