48 0.08906 0.35781 0.17812 0.14062
48 0.025 0.17031 0.05 0.14062
48 0.09688 0.66875 0.19375 0.24375
48 0.025 0.29063 0.05 0.1875
48 0.08438 0.81094 0.16875 0.21562
48 0.66406 0.9625 0.22812 0.075
48 0.99844 0.98125 0.00313 0.0375
5 0.05313 0.92656 0.05625 0.04688
5 0.09375 0.95469 0.05 0.03438
5 0.18594 0.99375 0.05938 0.0125
5 0.4375 0.70781 0.05625 0.04063
48 0.81406 0.11562 0.09688 0.14375
48 0.85938 0.1625 0.13125 0.125
48 0.98906 0.23281 0.02187 0.10937
48 0.35 0.09219 0.1 0.10938
48 0.69844 0.63906 0.11562 0.11562
48 0.20625 0.88125 0.09375 0.10625
5 0.0875 0.54844 0.0625 0.05312
5 0.38438 0.675 0.05625 0.05
5 0.42656 0.73594 0.05312 0.04688
5 0.49531 0.77344 0.06562 0.05313
5 0.76875 0.98125 0.05625 0.0375
5 0.62187 0.34062 0.04375 0.04375
5 0.66406 0.37031 0.04688 0.04063
5 0.75156 0.42344 0.04688 0.04688
5 0.82812 0.475 0.0625 0.05
5 0.65 0.42812 0.05625 0.04375
5 0.1125 0.03437 0.05625 0.05
9 0.06094 0.01719 0.05938 0.03438
5 0.77031 0.00781 0.04063 0.01562
48 0.24844 0.31094 0.17187 0.20312
48 0.70312 0.26719 0.1875 0.19062
48 0.54844 0.03125 0.19063 0.0625
48 0.50313 0.91094 0.175 0.15937
8 0.72812 0.94844 0.075 0.06562
48 0.36406 0.85 0.22813 0.1875
48 0.3625 0.56875 0.24375 0.21875
48 0.35 0.35312 0.14375 0.1625
48 0.94844 0.03281 0.10313 0.06562
48 0.15313 0.26562 0.18125 0.18125
48 0.51562 0.53906 0.275 0.27812
48 0.59375 0.2 0.1625 0.15625
48 0.08438 0.18281 0.1375 0.15313
48 0.49531 0.10781 0.19688 0.14062
48 0.22812 0.04844 0.15 0.09688
48 0.88125 0.31719 0.2375 0.31562
48 0.37969 0.97656 0.20312 0.04688
48 0.15625 0.45 0.18125 0.15
