48 0.20469 0.95781 0.30313 0.08437
48 0.07969 0.91562 0.15937 0.16875
53 0.64062 0.77344 0.1125 0.09062
53 0.09687 0.65 0.09375 0.04375
53 0.56719 0.74688 0.32188 0.11875
53 0.32344 0.69375 0.16562 0.10625
53 0.09219 0.64688 0.18438 0.075
5 0.47188 0.73125 0.01875 0.075
5 0.4375 0.72344 0.03125 0.05312
5 0.53906 0.7375 0.02812 0.0375
5 0.12344 0.65625 0.04062 0.05625
5 0.62656 0.75781 0.04063 0.05937
5 0.37969 0.71562 0.02813 0.05625
5 0.2625 0.69688 0.01875 0.0625
5 0.58281 0.74219 0.04688 0.04688
5 0.66562 0.76875 0.05 0.0625
5 0.05625 0.63594 0.0125 0.06562
5 0.15937 0.66406 0.03125 0.03438
