48 0.98281 0.01719 0.03438 0.03438
48 0.88125 0.075 0.2375 0.15
5 0.56563 0.02031 0.0625 0.03437
5 0.71562 0.03281 0.0625 0.03438
5 0.58906 0.05938 0.06562 0.03125
5 0.60938 0.08125 0.05 0.03125
5 0.74219 0.07656 0.05313 0.02812
5 0.61875 0.10625 0.05 0.03125
5 0.62656 0.12812 0.06563 0.0375
5 0.98906 0.16563 0.02187 0.0375
5 0.66094 0.17344 0.05312 0.03437
5 0.975 0.22031 0.05 0.03437
5 0.87031 0.25938 0.04688 0.05
5 0.84531 0.27344 0.04688 0.04688
5 0.78594 0.28594 0.05312 0.04688
5 0.75312 0.29375 0.05625 0.05
5 0.98594 0.28438 0.02812 0.0375
5 0.99844 0.30938 0.00313 0.0375
5 0.8625 0.77656 0.05 0.04688
5 0.74531 0.84375 0.04063 0.04375
5 0.59375 0.625 0.05625 0.04375
53 0.5375 0.1625 0.75 0.325
