48 0.81094 0.73281 0.37813 0.51562
5 0.15156 0.79531 0.04062 0.02812
5 0.18438 0.82656 0.04375 0.02187
5 0.20312 0.83906 0.05625 0.02813
5 0.23281 0.84219 0.03437 0.02187
5 0.24062 0.86094 0.0375 0.02187
5 0.28125 0.74531 0.04375 0.02187
5 0.3 0.775 0.05 0.0375
5 0.31719 0.78906 0.04688 0.02812
5 0.32969 0.80469 0.04688 0.02188
5 0.33906 0.82188 0.04688 0.03125
5 0.35938 0.83906 0.0375 0.02813
5 0.38281 0.87656 0.04688 0.03438
9 0.41094 0.92656 0.05312 0.02813
5 0.13906 0.77969 0.04688 0.03438
53 0.24062 0.62969 0.48125 0.74062
