5 0.14219 0.99844 0.04688 0.00313
5 0.08125 0.99375 0.05 0.0125
5 0.275 0.99062 0.05 0.01875
5 0.20312 0.98594 0.05 0.02812
5 0.12188 0.97031 0.05 0.02812
5 0.99844 0.89844 0.00313 0.02812
5 0.94687 0.66875 0.025 0.05
5 0.97344 0.57656 0.05312 0.03438
5 0.98281 0.6875 0.03438 0.025
5 0.98125 0.70938 0.0375 0.025
5 0.98125 0.73438 0.0375 0.03125
5 0.975 0.75312 0.05 0.03125
5 0.97656 0.78125 0.04688 0.03125
5 0.975 0.80938 0.05 0.01875
5 0.94219 0.72656 0.02813 0.05313
5 0.99219 0.97812 0.01562 0.03125
5 0.9875 0.99375 0.025 0.0125
5 0.89375 0.99375 0.03125 0.0125
5 0.94219 0.97812 0.05312 0.03125
5 0.95 0.95156 0.05 0.03438
5 0.95 0.92344 0.05 0.02812
5 0.90938 0.91406 0.025 0.05313
5 0.95156 0.88906 0.04063 0.02812
5 0.92188 0.85312 0.025 0.04375
5 0.9625 0.83281 0.03125 0.02187
5 0.86406 0.6875 0.04063 0.03125
5 0.85469 0.71094 0.03437 0.03438
5 0.85312 0.7375 0.05 0.025
5 0.84844 0.75937 0.04688 0.025
5 0.85 0.7875 0.05 0.025
5 0.8 0.75156 0.05 0.02812
5 0.78438 0.77812 0.04375 0.025
5 0.78125 0.8 0.04375 0.025
5 0.78281 0.82188 0.04688 0.03125
5 0.77969 0.84688 0.05312 0.025
5 0.77031 0.86875 0.05312 0.025
5 0.84219 0.81406 0.05312 0.02812
5 0.8375 0.84062 0.05 0.025
5 0.83281 0.86875 0.05312 0.03125
5 0.86719 0.89844 0.02812 0.04688
5 0.82344 0.89531 0.04688 0.02813
5 0.73438 0.85312 0.025 0.04375
5 0.72188 0.92969 0.03125 0.04688
5 0.82187 0.91719 0.0375 0.02187
5 0.85781 0.94531 0.02812 0.04688
5 0.82031 0.9375 0.04688 0.025
5 0.77188 0.89062 0.05 0.025
5 0.76719 0.91562 0.04688 0.03125
5 0.76719 0.94062 0.04688 0.025
5 0.76406 0.96094 0.04688 0.02812
5 0.76094 0.98281 0.05312 0.02187
5 0.8125 0.9625 0.05 0.025
5 0.81406 0.9875 0.04688 0.025
5 0.80625 0.70312 0.04375 0.03125
5 0.79688 0.72656 0.04375 0.02188
5 0.76406 0.6875 0.02812 0.05625
5 0.84844 0.61094 0.04063 0.02187
5 0.68281 0.68438 0.04688 0.03125
5 0.675 0.7125 0.05 0.025
5 0.66719 0.76094 0.05312 0.02813
5 0.67031 0.73438 0.05312 0.0375
5 0.66094 0.78906 0.04688 0.02188
5 0.67344 0.57969 0.05312 0.02812
5 0.625 0.57344 0.04375 0.02813
5 0.61719 0.62187 0.04062 0.025
5 0.6125 0.64688 0.0375 0.01875
5 0.61406 0.66719 0.04063 0.02187
5 0.61094 0.6875 0.04063 0.025
5 0.60938 0.71875 0.04375 0.025
5 0.60781 0.74531 0.05312 0.02813
5 0.66094 0.81406 0.04063 0.02187
5 0.68438 0.87344 0.025 0.05312
5 0.65 0.83594 0.04375 0.02188
5 0.64375 0.86563 0.04375 0.025
5 0.64219 0.89375 0.05312 0.03125
5 0.63437 0.92344 0.05625 0.02812
5 0.63906 0.95 0.04063 0.03125
5 0.6375 0.97812 0.05 0.03125
5 0.7125 0.98125 0.025 0.0375
5 0.56406 0.97031 0.04063 0.02187
5 0.56563 0.94844 0.0375 0.02187
5 0.525 0.94844 0.025 0.04688
5 0.57344 0.92188 0.04063 0.025
5 0.57969 0.89844 0.04688 0.02188
5 0.5875 0.87656 0.05 0.02187
5 0.58281 0.85625 0.04688 0.01875
5 0.54844 0.8625 0.02812 0.05625
5 0.58906 0.82344 0.05312 0.02813
5 0.48906 0.87656 0.02813 0.04688
5 0.44688 0.94219 0.04375 0.02813
5 0.44063 0.91719 0.05 0.02187
5 0.44375 0.88281 0.05 0.02812
5 0.45 0.85781 0.05 0.02812
5 0.45312 0.83281 0.05 0.02813
5 0.45781 0.81094 0.04688 0.02812
5 0.46875 0.78594 0.05 0.02813
5 0.47344 0.75312 0.04688 0.03125
5 0.50938 0.76094 0.03125 0.05938
5 0.34375 0.91875 0.025 0.05
5 0.35781 0.86875 0.02813 0.05
5 0.39531 0.90625 0.04063 0.025
5 0.39688 0.87812 0.0375 0.025
5 0.39375 0.85156 0.04375 0.02188
5 0.39688 0.82656 0.04375 0.02187
5 0.36406 0.80156 0.02813 0.05312
5 0.39844 0.79531 0.04688 0.02187
5 0.27656 0.89844 0.04063 0.02812
5 0.31562 0.80938 0.025 0.05
5 0.32656 0.74688 0.02813 0.04375
5 0.37656 0.73281 0.03437 0.05312
5 0.3375 0.68281 0.03125 0.05312
5 0.30312 0.70781 0.0375 0.02813
5 0.38594 0.68594 0.02813 0.04688
5 0.40625 0.76719 0.04375 0.02812
5 0.41406 0.73594 0.05312 0.03438
5 0.47188 0.72812 0.04375 0.025
5 0.41719 0.7125 0.04688 0.025
5 0.42344 0.6875 0.04688 0.025
5 0.47969 0.70469 0.04688 0.02812
5 0.52344 0.69062 0.02812 0.05
5 0.57187 0.70469 0.025 0.04063
5 0.575 0.65469 0.025 0.04688
5 0.55781 0.63594 0.02187 0.04688
5 0.55625 0.79688 0.03125 0.05
5 0.48281 0.67969 0.04688 0.03438
5 0.42812 0.66406 0.04375 0.02188
5 0.43125 0.6375 0.05 0.03125
5 0.48906 0.65938 0.04687 0.025
5 0.49062 0.63125 0.05 0.025
5 0.49531 0.60938 0.04688 0.03125
5 0.43906 0.58906 0.04688 0.02813
5 0.43437 0.61563 0.05 0.025
5 0.39531 0.59219 0.02813 0.05312
5 0.54375 0.53594 0.05 0.03437
5 0.47188 0.51719 0.05 0.02812
5 0.43906 0.53906 0.04688 0.02812
5 0.46406 0.48906 0.04063 0.02813
5 0.39219 0.50469 0.04062 0.02187
5 0.67969 0.525 0.05313 0.03125
5 0.75156 0.53594 0.04688 0.02813
5 0.81094 0.54688 0.04688 0.025
5 0.8625 0.55937 0.05 0.025
48 0.58438 0.44844 0.13125 0.09687
5 0.39531 0.47812 0.05312 0.025
5 0.12656 0.83906 0.02188 0.04688
5 0.16406 0.88125 0.02187 0.05
5 0.17969 0.82656 0.02187 0.04688
5 0.20625 0.83594 0.025 0.02188
5 0.20938 0.81094 0.03125 0.02187
5 0.18281 0.76875 0.02188 0.04375
5 0.21719 0.75781 0.03437 0.02812
5 0.22188 0.73281 0.0375 0.02812
5 0.19375 0.69844 0.025 0.05312
5 0.22813 0.68281 0.0375 0.02813
5 0.23438 0.65781 0.03125 0.01562
5 0.35156 0.625 0.02812 0.04375
5 0.325 0.57969 0.05 0.02812
5 0.25781 0.56563 0.04063 0.025
5 0.26562 0.51562 0.04375 0.025
5 0.25469 0.58594 0.04063 0.02188
5 0.20938 0.62344 0.03125 0.04063
5 0.24062 0.63594 0.0375 0.02813
5 0.21875 0.57031 0.03125 0.04688
5 0.19219 0.51406 0.03438 0.04688
5 0.14531 0.49375 0.04688 0.025
5 0.13438 0.53906 0.05625 0.02812
5 0.12969 0.56563 0.05313 0.025
5 0.16875 0.58906 0.025 0.04688
5 0.13125 0.5875 0.04375 0.025
5 0.12812 0.61094 0.04375 0.02812
5 0.12344 0.63437 0.04688 0.025
5 0.07812 0.53281 0.04375 0.02812
5 0.075 0.55313 0.05 0.025
5 0.07187 0.57812 0.05625 0.03125
5 0.06406 0.60312 0.05312 0.025
5 0.02812 0.56094 0.025 0.04688
5 0.11562 0.65781 0.05 0.02812
5 0.05625 0.62656 0.05 0.02812
5 0.02656 0.60938 0.02188 0.05
5 0.15469 0.68125 0.02813 0.05
5 0.05625 0.65156 0.04375 0.02813
5 0.04844 0.69062 0.04687 0.03125
5 0.01719 0.66562 0.03438 0.05625
5 0.1125 0.68281 0.04375 0.02813
5 0.10625 0.70312 0.05 0.03125
5 0.04688 0.71562 0.04375 0.025
5 0.10156 0.72656 0.05312 0.02812
5 0.10312 0.75469 0.05 0.02813
5 0.1 0.77656 0.05 0.03437
5 0.09531 0.80156 0.05312 0.02813
5 0.04375 0.7375 0.05 0.025
5 0.04375 0.75938 0.05 0.03125
5 0.00781 0.71562 0.01562 0.05
5 0.03125 0.7875 0.04375 0.01875
5 0.02656 0.8125 0.04688 0.025
5 0.02344 0.84375 0.04688 0.025
5 0.14375 0.75 0.025 0.05
5 0.09063 0.82656 0.05 0.02187
5 0.09219 0.85 0.05312 0.025
5 0.08906 0.86875 0.04688 0.025
5 0.09063 0.88906 0.04375 0.02812
5 0.975 0.45312 0.0375 0.01875
5 0.89531 0.38438 0.04688 0.025
5 0.80938 0.42656 0.05 0.02813
9 0.69219 0.34844 0.06562 0.02813
5 0.67813 0.37344 0.05625 0.02813
5 0.67969 0.40156 0.05937 0.02813
5 0.48125 0.31875 0.05625 0.025
5 0.55469 0.32969 0.02812 0.02188
5 0.42031 0.36094 0.04688 0.02813
5 0.3125 0.28594 0.05 0.02813
5 0.33906 0.46719 0.05312 0.03437
5 0.28594 0.45938 0.04688 0.0375
5 0.22812 0.45312 0.04375 0.03125
5 0.17188 0.44062 0.04375 0.03125
5 0.12344 0.43594 0.04062 0.02813
5 0.1 0.48125 0.04375 0.03125
5 0.30781 0.51875 0.04063 0.025
5 0.05156 0.45312 0.05312 0.03125
5 0.07031 0.42656 0.04688 0.02813
5 0.01094 0.41406 0.02188 0.02812
5 0.01562 0.18125 0.03125 0.03125
5 0.02188 0.15469 0.04375 0.02813
53 0.20469 0.1125 0.25937 0.225
53 0.56406 0.14375 0.25313 0.2875
53 0.9 0.17344 0.2 0.34688
53 0.11406 0.71719 0.22812 0.38438
53 0.45312 0.76875 0.275 0.39375
53 0.81719 0.81719 0.27813 0.36562
5 0.2125 0.78438 0.03125 0.025
5 0.22344 0.70781 0.03438 0.02187
