48 0.45938 0.99531 0.09375 0.00938
48 0.52031 0.90781 0.05312 0.10938
48 0.87656 0.7875 0.04688 0.10625
48 0.375 0.27344 0.08125 0.05937
48 0.375 0.33281 0.08125 0.06562
48 0.37031 0.38906 0.07188 0.05938
48 0.45312 0.38281 0.075 0.07188
48 0.52188 0.34219 0.0375 0.10312
48 0.61563 0.30625 0.15 0.04375
48 0.97656 0.15469 0.04688 0.09688
48 0.97969 0.06875 0.04063 0.06875
48 0.78438 0.02188 0.1125 0.04375
48 0.62813 0.09688 0.05 0.08125
48 0.98281 0.02188 0.03438 0.04375
48 0.88438 0.51719 0.04375 0.07187
48 0.65469 0.44531 0.07188 0.05312
48 0.57969 0.47969 0.07188 0.07813
48 0.63281 0.51562 0.09688 0.04375
48 0.51406 0.22969 0.05313 0.06563
48 0.47656 0.22813 0.03438 0.0625
48 0.83594 0.16094 0.05313 0.07813
48 0.30156 0.22188 0.04688 0.08125
48 0.15469 0.24844 0.07812 0.04687
48 0.24062 0.16562 0.04375 0.04375
48 0.25625 0.22188 0.0375 0.0625
48 0.18281 0.16094 0.04688 0.06563
48 0.0625 0.425 0.125 0.0625
48 0.22031 0.44844 0.05938 0.07812
48 0.13438 0.16406 0.05625 0.06562
48 0.18438 0.11406 0.04375 0.03438
48 0.1375 0.1125 0.0375 0.04375
48 0.03594 0.2125 0.07187 0.04375
48 0.12656 0.53594 0.04063 0.06562
48 0.4 0.7375 0.0625 0.0375
48 0.45469 0.75469 0.05938 0.04063
48 0.61875 0.77188 0.0875 0.04375
48 0.53438 0.74531 0.04375 0.06562
48 0.20469 0.6 0.10938 0.06875
48 0.08281 0.34844 0.03438 0.07188
48 0.15625 0.35781 0.0375 0.04062
48 0.88594 0.01562 0.04688 0.03125
48 0.92969 0.01562 0.05937 0.03125
48 0.93125 0.92656 0.075 0.07812
48 0.08906 0.99219 0.09062 0.01562
48 0.03594 0.76562 0.06562 0.0375
48 0.97344 0.40781 0.05312 0.05938
48 0.22031 0.53438 0.12188 0.08125
48 0.40625 0.925 0.19375 0.125
48 0.82812 0.32031 0.1125 0.14062
48 0.7875 0.90938 0.18125 0.08125
48 0.78438 0.75625 0.125 0.09375
48 0.75937 0.98438 0.15 0.03125
48 0.95312 0.73906 0.08125 0.05938
48 0.57969 0.57031 0.12813 0.09688
48 0.25469 0.3 0.10938 0.08125
48 0.18906 0.95625 0.15313 0.0875
48 0.83906 0.62031 0.12188 0.11562
48 0.55156 0.98906 0.12188 0.02187
48 0.0375 0.49844 0.075 0.10938
48 0.57969 0.21875 0.09688 0.1375
48 0.18125 0.70625 0.13125 0.0875
48 0.44219 0.49375 0.20312 0.14375
48 0.58438 0.67031 0.15 0.10313
48 0.0375 0.69062 0.075 0.13125
