48 0.95 0.00156 0.1 0.00312
48 0.9375 0.31094 0.125 0.16562
48 0.95938 0.07344 0.08125 0.10312
48 0.94062 0.16094 0.11875 0.13438
48 0.79844 0.11406 0.32812 0.17188
48 0.95781 0.025 0.08437 0.05
48 0.98438 0.8375 0.03125 0.29375
5 0.98906 0.63125 0.02187 0.025
5 0.92969 0.6375 0.05313 0.025
5 0.9875 0.67812 0.025 0.01875
5 0.90938 0.93594 0.025 0.02812
5 0.90625 0.7625 0.01875 0.03125
5 0.90938 0.88906 0.025 0.04063
48 0.05 0.88906 0.1 0.13438
48 0.14844 0.90781 0.10312 0.09062
48 0.28125 0.6375 0.24375 0.15625
48 0.37969 0.44688 0.27187 0.19375
48 0.02188 0.275 0.04375 0.13125
5 0.34062 0.20312 0.05 0.01875
5 0.43906 0.20156 0.05313 0.01562
5 0.2375 0.20156 0.0625 0.01562
48 0.12812 0.44688 0.25625 0.19375
48 0.15625 0.28281 0.2375 0.13437
48 0.16719 0.77969 0.12188 0.12813
48 0.62344 0.79688 0.10313 0.11875
5 0.90625 0.80313 0.03125 0.0375
5 0.90625 0.84375 0.025 0.03125
48 0.75937 0.81406 0.2125 0.13438
5 0.93906 0.67812 0.04688 0.01875
5 0.56563 0.51875 0.025 0.0375
5 0.60156 0.44844 0.05313 0.02187
5 0.5625 0.34688 0.025 0.0375
5 0.57031 0.30156 0.02188 0.03437
48 0.7 0.33125 0.1875 0.15
48 0.94375 0.50781 0.1125 0.18437
48 0.525 0.09531 0.15 0.19062
48 0.30312 0.1 0.15625 0.16875
48 0.42031 0.09062 0.10938 0.16875
48 0.79375 0.02031 0.2625 0.04062
48 0.10781 0.97969 0.21562 0.04063
48 0.69531 0.93906 0.13437 0.11562
48 0.2625 0.89531 0.11875 0.10938
48 0.375 0.90781 0.10625 0.14687
48 0.44844 0.00156 0.29688 0.00312
48 0.06094 0.07969 0.12188 0.15313
48 0.61094 0.98906 0.26562 0.02187
48 0.0625 0.75156 0.125 0.12187
48 0.52344 0.92188 0.22188 0.13125
48 0.33906 0.97188 0.25938 0.05625
48 0.38906 0.28438 0.24687 0.15
48 0.17344 0.00312 0.24688 0.00625
48 0.51719 0.62969 0.23438 0.14687
48 0.41719 0.77656 0.35312 0.13438
48 0.83125 0.94844 0.11875 0.10313
48 0.00625 0.09687 0.0125 0.1875
48 0.74375 0.49219 0.25 0.13437
48 0.76406 0.65156 0.25938 0.16563
48 0.16719 0.09688 0.10312 0.14375
48 0.09219 0.6125 0.18438 0.1625
