48 0.27187 0.0125 0.1 0.025
5 0.31719 0.77969 0.03437 0.04063
48 0.16719 0.975 0.15938 0.05
48 0.58594 0.68906 0.39062 0.19063
48 0.67812 0.87188 0.1875 0.2125
48 0.25938 0.55156 0.23125 0.18438
48 0.20781 0.47969 0.20312 0.10938
48 0.18438 0.38281 0.25 0.15938
48 0.65312 0.03594 0.48125 0.07187
48 0.94062 0.04375 0.11875 0.0875
48 0.125 0.32188 0.1625 0.1
48 0.30625 0.05625 0.125 0.1125
48 0.16406 0.03594 0.13438 0.07187
48 0.37344 0.00469 0.16562 0.00938
48 0.60469 0.36719 0.11562 0.06563
48 0.63906 0.29844 0.07812 0.09063
48 0.56094 0.21875 0.13438 0.11875
48 0.66875 0.575 0.1375 0.09375
48 0.3375 0.4625 0.09375 0.11875
48 0.275 0.29688 0.1 0.11875
48 0.25938 0.21406 0.1 0.06563
48 0.37188 0.20156 0.13125 0.09063
48 0.41875 0.46094 0.11875 0.15938
48 0.35938 0.64062 0.2 0.1375
48 0.40156 0.825 0.18438 0.10625
48 0.42188 0.94375 0.14375 0.1125
48 0.49687 0.90781 0.09375 0.10938
48 0.55937 0.97031 0.125 0.05937
48 0.03281 0.97344 0.06562 0.05312
48 0.00781 0.85312 0.01562 0.15
48 0.05625 0.70312 0.1125 0.13125
48 0.34844 0.15469 0.10938 0.06562
48 0.01562 0.65781 0.03125 0.09062
48 0.01094 0.50625 0.02188 0.10625
48 0.45 0.99062 0.1125 0.01875
48 0.23281 0.15469 0.12812 0.11562
48 0.19531 0.08438 0.12187 0.10625
48 0.09688 0.18906 0.19375 0.14063
48 0.06562 0.11719 0.13125 0.17188
48 0.04844 0.04375 0.09688 0.0875
23 0.94375 0.9125 0.1125 0.175
