48 0.99219 0.19219 0.01562 0.07187
48 0.20938 0.17344 0.175 0.19687
48 0.69688 0.66562 0.2 0.15625
48 0.51406 0.98125 0.17188 0.0375
48 0.67969 0.97812 0.05313 0.04375
5 0.37812 0.21094 0.0375 0.08437
47 0.29063 0.71875 0.03125 0.03125
48 0.06719 0.20938 0.13438 0.1375
48 0.05469 0.50938 0.10938 0.0875
48 0.74531 0.9 0.12188 0.06875
48 0.94219 0.9625 0.11562 0.075
48 0.53906 0.70938 0.13437 0.1125
48 0.275 0.82969 0.1625 0.10313
48 0.7875 0.98906 0.0625 0.02187
48 0.07656 0.82344 0.15313 0.15313
48 0.06875 0.64531 0.1375 0.18438
48 0.20469 0.32344 0.15313 0.09063
48 0.21719 0.52344 0.15313 0.09688
48 0.92188 0.75781 0.14375 0.17813
48 0.60938 0.79219 0.05625 0.10313
48 0.1875 0.425 0.1 0.09375
48 0.98594 0.76719 0.02812 0.16563
48 0.74062 0.95938 0.125 0.08125
48 0.71875 0.80781 0.1375 0.17188
48 0.14844 0.96094 0.06562 0.07812
48 0.05625 0.32656 0.1125 0.09687
48 0.5375 0.88906 0.09375 0.07812
48 0.44844 0.79688 0.04688 0.075
48 0.51562 0.29062 0.1875 0.43125
48 0.79375 0.95156 0.1 0.06563
48 0.46719 0.59688 0.09687 0.05
48 0.2 0.70625 0.15625 0.18125
48 0.89844 0.52969 0.17813 0.27188
48 0.99375 0.94375 0.0125 0.1125
48 0.52188 0.80313 0.1 0.0875
48 0.44844 0.69531 0.04688 0.12813
