48 0.25156 0.29531 0.07813 0.11563
48 0.27812 0.77812 0.125 0.1375
48 0.44062 0.67344 0.1 0.14062
48 0.1 0.57656 0.0875 0.05312
48 0.5875 0.97969 0.16875 0.04063
48 0.92031 0.99531 0.15938 0.00938
48 0.61562 0.85 0.2625 0.1625
48 0.46562 0.84375 0.03125 0.05
48 0.34062 0.94688 0.1375 0.10625
48 0.12188 0.89688 0.1 0.1
48 0.22031 0.86406 0.08438 0.06562
48 0.225 0.94531 0.125 0.10312
48 0.20156 0.99531 0.06562 0.00938
48 0.25781 0.99844 0.05937 0.00313
48 0.39844 0.51719 0.08437 0.08437
48 0.825 0.38906 0.14375 0.15937
48 0.46719 0.45156 0.07188 0.08438
48 0.36719 0.67344 0.07188 0.10313
48 0.11719 0.97188 0.11562 0.05625
48 0.09687 0.50156 0.09375 0.10312
48 0.42656 0.15625 0.14687 0.1875
48 0.29844 0.44531 0.11562 0.15312
48 0.09062 0.67813 0.13125 0.1
48 0.07812 0.3625 0.15625 0.11875
48 0.38281 0.79688 0.08437 0.125
48 0.69219 0.72031 0.19688 0.10313
48 0.19219 0.76719 0.06563 0.10938
48 0.77969 0.58281 0.44063 0.12812
