48 0.2 0.61406 0.0875 0.09687
48 0.19531 0.52656 0.09063 0.09063
5 0.875 0.07187 0.01875 0.0375
5 0.31875 0.00625 0.025 0.0125
5 0.29375 0.00156 0.025 0.00312
48 0.12656 0.00469 0.25312 0.00938
48 0.61094 0.825 0.08437 0.0625
48 0.27344 0.63906 0.10313 0.06563
48 0.55 0.9 0.10625 0.0875
48 0.5375 0.74531 0.10625 0.07188
48 0.0875 0.43438 0.08125 0.05625
48 0.28906 0.55 0.08437 0.0625
48 0.91562 0.54219 0.16875 0.14063
48 0.81562 0.76562 0.09375 0.1125
48 0.02344 0.62344 0.04688 0.06563
48 0.62656 0.75625 0.09688 0.1
48 0.44844 0.63906 0.11562 0.09688
48 0.5625 0.46875 0.11875 0.06875
48 0.17344 0.975 0.11562 0.05
5 0.99219 0.35156 0.01562 0.04063
48 0.91719 0.65469 0.16563 0.09688
48 0.73281 0.525 0.10313 0.1625
48 0.42188 0.47188 0.1625 0.08125
48 0.42188 0.47188 0.175 0.09375
48 0.94688 0.96875 0.10625 0.0625
48 0.06719 0.98281 0.09688 0.03438
48 0.80938 0.49062 0.0625 0.0625
48 0.96875 0.91094 0.0625 0.07812
48 0.02656 0.55625 0.05312 0.06875
48 0.78594 0.64219 0.08437 0.08437
48 0.81875 0.25625 0.2375 0.3
48 0.19688 0.81875 0.125 0.09375
48 0.38281 0.96875 0.30937 0.0625
48 0.19531 0.74219 0.09063 0.07812
48 0.95469 0.43594 0.07188 0.05938
48 0.725 0.8875 0.075 0.09375
48 0.09375 0.74062 0.09375 0.09375
48 0.37969 0.82031 0.09063 0.07812
48 0.44531 0.74219 0.09688 0.08438
48 0.28438 0.81406 0.1 0.07812
48 0.17188 0.90625 0.09375 0.0875
48 0.8875 0.90781 0.09375 0.07188
48 0.70156 0.97188 0.39062 0.05625
48 0.80469 0.5625 0.06563 0.075
48 0.44062 0.90469 0.0875 0.07188
48 0.3625 0.90156 0.08125 0.07188
48 0.63438 0.63281 0.09375 0.08438
48 0.64375 0.90312 0.0875 0.08125
48 0.49531 0.82031 0.14063 0.08438
48 0.10938 0.58125 0.125 0.19375
48 0.275 0.9 0.10625 0.0875
48 0.03906 0.79531 0.07812 0.16563
48 0.20625 0.4625 0.13125 0.05625
