48 0.01719 0.31719 0.03438 0.14062
48 0.26875 0.59844 0.06875 0.04688
48 0.11875 0.66875 0.075 0.0625
48 0.78281 0.64531 0.12187 0.07188
48 0.12656 0.6 0.10312 0.075
48 0.18281 0.77188 0.09688 0.19375
48 0.59844 0.39062 0.04063 0.05
48 0.02031 0.84844 0.04062 0.08437
48 0.02344 0.56563 0.04688 0.09375
48 0.37969 0.85312 0.09687 0.06875
48 0.92031 0.78594 0.06563 0.04063
48 0.27656 0.77812 0.07812 0.09375
5 0.61875 0.41094 0.03125 0.05938
48 0.60312 0.88281 0.1375 0.14688
48 0.72344 0.89219 0.17812 0.19688
48 0.89375 0.94844 0.15 0.10313
48 0.92969 0.86719 0.14062 0.10938
48 0.97969 0.95156 0.04063 0.09688
48 0.12656 0.07031 0.07188 0.07187
48 0.70469 0.50469 0.10313 0.12812
48 0.55937 0.5625 0.23125 0.125
48 0.84219 0.15625 0.10313 0.1375
48 0.60781 0.0625 0.10938 0.1125
8 0.07031 0.97031 0.04062 0.05312
48 0.38281 0.62969 0.08437 0.11562
48 0.02344 0.47812 0.04688 0.09375
48 0.43594 0.34688 0.10938 0.13125
5 0.34375 0.98281 0.03125 0.03438
48 0.84375 0.29844 0.1125 0.08438
48 0.925 0.15937 0.08125 0.1125
5 0.20625 0.98281 0.0375 0.03438
48 0.78281 0.64062 0.09688 0.05
48 0.63281 0.72969 0.09688 0.05938
48 0.21094 0.14219 0.08437 0.13438
48 0.94375 0.66719 0.10625 0.07188
48 0.24062 0.04219 0.15625 0.08438
48 0.59531 0.00625 0.10313 0.0125
48 0.23906 0.43281 0.15937 0.09687
48 0.72969 0.34062 0.13438 0.0875
48 0.82656 0.42188 0.12813 0.125
5 0.31094 0.98438 0.03437 0.03125
48 0.70781 0.41562 0.09687 0.06875
48 0.52656 0.64531 0.07813 0.08437
48 0.63906 0.65625 0.10313 0.05625
8 0.52656 0.22031 0.04063 0.02188
48 0.07031 0.34531 0.07187 0.17813
48 0.74844 0.18125 0.09062 0.075
48 0.27812 0.70781 0.0875 0.05312
48 0.46719 0.0375 0.13438 0.075
48 0.41406 0.525 0.10313 0.05
48 0.22969 0.31875 0.14687 0.1375
8 0.02969 0.97031 0.04062 0.05937
48 0.43125 0.11562 0.0875 0.06875
48 0.50938 0.12656 0.075 0.10938
48 0.95469 0.5375 0.09062 0.075
48 0.45625 0.64219 0.06875 0.12187
48 0.37187 0.75 0.08125 0.1
48 0.125 0.51406 0.1 0.09062
