5 0.00469 0.99531 0.00938 0.00938
48 0.05781 0.19688 0.11562 0.24375
48 0.01406 0.49062 0.02812 0.19375
5 0.02344 0.97812 0.04688 0.025
5 0.10938 0.94844 0.03125 0.05312
5 0.51875 0.17969 0.0375 0.02813
5 0.25 0.37812 0.025 0.03125
5 0.30156 0.38906 0.04688 0.02188
48 0.61875 0.71406 0.19375 0.22187
5 0.45625 0.85156 0.06875 0.04688
5 0.30312 0.26875 0.04375 0.05
5 0.40312 0.33125 0.0625 0.05
48 0.99688 0.64062 0.00625 0.09375
48 0.85 0.17344 0.2875 0.24062
5 0.51094 0.62813 0.08437 0.03125
48 0.93125 0.84219 0.1375 0.23438
5 0.49844 0.20469 0.05937 0.03437
48 0.74688 0.41094 0.25 0.17188
5 0.61094 0.53438 0.06563 0.05625
48 0.56094 0.90938 0.20938 0.18125
48 0.70312 0.00469 0.21875 0.00938
5 0.3375 0.2875 0.05625 0.075
5 0.65938 0.34219 0.0625 0.04688
