5 0.11719 0.3 0.05312 0.05625
5 0.15313 0.28594 0.06875 0.05938
5 0.19375 0.27031 0.075 0.05937
9 0.16875 0.34062 0.10625 0.05625
5 0.29375 0.35781 0.06875 0.05313
5 0.22031 0.45469 0.05313 0.04062
5 0.28125 0.47031 0.05625 0.05938
48 0.53906 0.38281 0.66562 0.52812
5 0.45625 0.72656 0.075 0.05313
5 0.21094 0.85 0.06562 0.05
5 0.175 0.8625 0.0625 0.04375
5 0.14219 0.875 0.05938 0.05
5 0.1125 0.89375 0.06875 0.05
5 0.07187 0.90781 0.06875 0.05312
53 0.19531 0.36719 0.26562 0.29062
48 0.90625 0.86094 0.1875 0.27812
48 0.77969 0.98281 0.31563 0.03438
5 0.075 0.96719 0.06875 0.02812
5 0.09062 0.99375 0.06875 0.0125
48 0.03125 0.75781 0.0625 0.09062
42 0.37812 0.63438 0.09375 0.09375
53 0.13125 0.86719 0.24375 0.10938
56 0.92031 0.275 0.15938 0.375
39 0.02656 0.13438 0.05312 0.1
53 0.13125 0.9875 0.225 0.025
