6 0.00469 0.07656 0.00938 0.02812
48 0.83125 0.10781 0.325 0.17812
48 0.525 0.14219 0.66875 0.28438
48 0.97969 0.55 0.04063 0.76875
5 0.83594 0.2875 0.02812 0.04375
5 0.74688 0.28906 0.025 0.02812
5 0.1375 0.40938 0.0375 0.01875
5 0.17969 0.40781 0.04063 0.02188
5 0.14219 0.43906 0.04063 0.02813
5 0.19375 0.44531 0.04375 0.02812
5 0.14844 0.46094 0.04063 0.02187
5 0.20469 0.46719 0.04688 0.02188
5 0.15937 0.48125 0.04375 0.01875
5 0.21719 0.49531 0.04062 0.02187
5 0.17031 0.50313 0.04688 0.01875
5 0.22344 0.52344 0.04688 0.02188
5 0.18125 0.52188 0.0375 0.01875
5 0.18438 0.55781 0.0375 0.02187
5 0.20938 0.68906 0.04375 0.02187
5 0.26875 0.68438 0.04375 0.01875
5 0.26562 0.66406 0.05 0.02188
5 0.31719 0.82344 0.04688 0.02187
5 0.33281 0.92656 0.04688 0.02187
6 0.09375 0.05781 0.0625 0.04062
5 0.31094 0.79844 0.04062 0.02812
48 0.90312 0.02656 0.19375 0.05312
5 0.50313 0.29531 0.025 0.03437
5 0.52344 0.29219 0.02188 0.02813
9 0.225 0.71719 0.04375 0.02812
5 0.22031 0.74688 0.02188 0.01875
5 0.22031 0.77344 0.02188 0.01562
5 0.27812 0.8375 0.0375 0.01875
9 0.25156 0.81719 0.04688 0.02187
5 0.33438 0.84219 0.01875 0.01562
5 0.2625 0.86094 0.01875 0.01562
5 0.28125 0.95469 0.03125 0.02187
55 0.88594 0.50781 0.12812 0.10312
51 0.65781 0.67969 0.68438 0.64062
