48 0.93281 0.00156 0.04688 0.00312
48 0.83438 0.0625 0.05 0.09375
48 0.97344 0.00469 0.05312 0.00938
48 0.53906 0.00625 0.07187 0.0125
48 0.77812 0.00312 0.1 0.00625
48 0.62344 0.00625 0.07812 0.0125
48 0.67344 0.42969 0.15312 0.07812
48 0.925 0.25156 0.05625 0.17188
48 0.86094 0.275 0.07188 0.2375
48 0.85312 0.42031 0.05 0.06562
48 0.72188 0.13125 0.19375 0.09375
48 0.67344 0.9875 0.12813 0.025
48 0.89375 0.11562 0.09375 0.09375
48 0.89062 0.00156 0.05625 0.00312
48 0.78906 0.95625 0.08438 0.0875
48 0.69219 0.00469 0.06562 0.00938
48 0.9375 0.6125 0.04375 0.0625
48 0.69531 0.04844 0.09688 0.07812
48 0.84375 0.00156 0.05 0.00312
48 0.79688 0.19062 0.09375 0.0625
48 0.91094 0.59219 0.08437 0.18437
5 0.4625 0.35938 0.05 0.025
48 0.83125 0.65625 0.09375 0.05625
48 0.97812 0.58438 0.04375 0.1
48 0.69375 0.59062 0.13125 0.125
48 0.98438 0.91719 0.03125 0.09687
48 0.97344 0.66875 0.05312 0.1
5 0.46094 0.37969 0.06563 0.02813
5 0.46094 0.40938 0.05312 0.025
48 0.85938 0.95 0.0875 0.1
48 0.08594 0.20312 0.17188 0.14375
5 0.43594 0.20625 0.02188 0.05625
48 0.60469 0.04844 0.10938 0.07812
48 0.60312 0.11719 0.0875 0.05312
48 0.88281 0.77344 0.08438 0.10938
48 0.72031 0.74844 0.12187 0.08437
48 0.07969 0.37031 0.15937 0.16563
48 0.7625 0.31719 0.175 0.10938
48 0.98906 0.08906 0.02187 0.05938
48 0.08906 0.04531 0.17812 0.09062
48 0.82969 0.54688 0.08437 0.0625
5 0.425 0.04219 0.0625 0.04062
