48 0.90156 0.57031 0.19688 0.06563
48 0.98125 0.77031 0.0375 0.13438
48 0.95469 0.76406 0.09062 0.15312
48 0.94844 0.87031 0.10313 0.08437
48 0.88906 0.78438 0.08437 0.19375
48 0.85156 0.7125 0.07187 0.08125
48 0.83594 0.81719 0.06563 0.16563
48 0.79844 0.775 0.07812 0.24375
48 0.74688 0.73125 0.0875 0.18125
48 0.68594 0.75938 0.07812 0.20625
48 0.6375 0.75156 0.08125 0.20312
48 0.575 0.79062 0.09375 0.28125
48 0.78906 0.95938 0.09688 0.08125
48 0.60156 0.95625 0.09062 0.0875
48 0.94687 0.975 0.06875 0.05
48 0.86719 0.96406 0.07187 0.07188
48 0.48125 0.95781 0.1125 0.08437
48 0.49688 0.88125 0.0875 0.1125
48 0.50938 0.70312 0.09375 0.21875
48 0.45156 0.71719 0.07187 0.17812
48 0.33906 0.61719 0.10938 0.07187
48 0.33594 0.79688 0.15938 0.325
48 0.29688 0.84688 0.13125 0.13125
48 0.22656 0.70469 0.07188 0.08437
48 0.17188 0.67031 0.06875 0.13438
48 0.12031 0.64844 0.05313 0.13437
48 0.075 0.64844 0.0625 0.15312
48 0.20781 0.83125 0.09062 0.15625
48 0.14688 0.8 0.075 0.18125
48 0.07187 0.79531 0.1125 0.15312
48 0.19688 0.95469 0.21875 0.09062
48 0.00781 0.9 0.01562 0.10625
48 0.46562 0.61562 0.05 0.05
48 0.4125 0.61094 0.0625 0.05312
48 0.03438 0.7125 0.06875 0.33125
