48 0.00625 0.32188 0.0125 0.2375
6 0.47812 0.00469 0.06875 0.00938
5 0.74375 0.09531 0.0375 0.02812
5 0.6375 0.10156 0.05625 0.02188
48 0.39844 0.10938 0.35312 0.20625
6 0.06094 0.025 0.04062 0.05
6 0.04531 0.10781 0.05312 0.12188
5 0.275 0.00625 0.05 0.0125
48 0.33125 0.28438 0.35 0.24375
48 0.67656 0.25156 0.35937 0.30938
5 0.54219 0.43281 0.04063 0.04688
48 0.89844 0.36094 0.20312 0.32187
5 0.025 0.61719 0.025 0.03438
5 0.15469 0.66406 0.03437 0.03438
5 0.15313 0.70469 0.05625 0.02812
5 0.33281 0.73125 0.05938 0.03125
10 0.05781 0.81406 0.06562 0.02187
48 0.22344 0.52031 0.26562 0.25938
48 0.44219 0.575 0.30312 0.2625
48 0.675 0.625 0.3125 0.275
48 0.88594 0.68125 0.22813 0.26875
48 0.89844 0.96719 0.12813 0.06563
48 0.68438 0.96562 0.1375 0.06875
48 0.53281 0.90469 0.24688 0.19063
48 0.12969 0.94219 0.19062 0.11562
48 0.28594 0.96094 0.12187 0.07812
10 0.08594 0.78906 0.09687 0.03438
