48 0.76875 0.65156 0.175 0.17188
48 0.80781 0.07812 0.23438 0.15625
48 0.0875 0.48438 0.175 0.15
48 0.07031 0.73594 0.14062 0.16563
48 0.425 0.06875 0.175 0.1375
48 0.29063 0.60469 0.175 0.17812
48 0.82656 0.01094 0.20937 0.02188
5 0.70312 0.17188 0.025 0.04375
48 0.95156 0.11562 0.09688 0.14375
48 0.775 0.225 0.18125 0.125
48 0.37344 0.18438 0.21562 0.175
48 0.53438 0.44219 0.1625 0.14687
48 0.09688 0.24844 0.175 0.14688
48 0.74531 0.46875 0.19688 0.1625
48 0.2375 0.75156 0.19375 0.15312
48 0.3375 0.4125 0.2125 0.1875
48 0.12344 0.14688 0.19062 0.14375
48 0.08281 0.59844 0.16562 0.14062
48 0.02812 0.12188 0.05625 0.15
5 0.66406 0.90312 0.04062 0.025
48 0.9125 0.34062 0.175 0.15
48 0.925 0.2375 0.15 0.14375
48 0.44375 0.01406 0.2125 0.02812
48 0.74219 0.82187 0.15312 0.1625
48 0.00469 0.35156 0.00938 0.17188
48 0.91719 0.47812 0.16563 0.125
48 0.44062 0.62187 0.18125 0.15
48 0.08594 0.35312 0.17188 0.1375
48 0.90156 0.83281 0.19688 0.15937
48 0.625 0.00781 0.15 0.01562
48 0.01406 0.21094 0.02812 0.10938
48 0.925 0.68906 0.15 0.15938
48 0.36562 0.28594 0.2125 0.15312
48 0.16563 0.04531 0.1875 0.09062
5 0.76719 0.9125 0.05937 0.01875
48 0.58906 0.09219 0.20313 0.18438
48 0.99219 0.85625 0.01562 0.20625
48 0.5375 0.25781 0.16875 0.20312
48 0.57656 0.75156 0.21562 0.20312
48 0.7625 0.33594 0.19375 0.15312
48 0.96406 0.04062 0.07188 0.08125
48 0.58906 0.63125 0.18438 0.16875
48 0.42969 0.75781 0.18437 0.17813
48 0.04844 0.03438 0.09688 0.06875
