48 0.80469 0.01406 0.18437 0.02812
48 0.87969 0.05469 0.17812 0.10312
48 0.94375 0.21562 0.1125 0.16875
48 0.92188 0.13906 0.15625 0.09063
48 0.03906 0.07187 0.07812 0.14375
48 0.41562 0.59375 0.1125 0.0875
5 0.85625 0.27344 0.04375 0.04688
48 0.8 0.40469 0.24375 0.15313
48 0.01562 0.30625 0.03125 0.075
48 0.03594 0.50625 0.07187 0.1
48 0.02969 0.9125 0.05938 0.05
48 0.89062 0.98281 0.15 0.03438
48 0.25312 0.02969 0.11875 0.05938
48 0.62031 0.24688 0.21563 0.15
5 0.89688 0.31719 0.03125 0.03437
48 0.65469 0.51875 0.12813 0.09375
5 0.98906 0.44688 0.02187 0.03125
48 0.53125 0.475 0.2 0.09375
48 0.23438 0.39375 0.15 0.15
48 0.83594 0.65625 0.14062 0.15625
48 0.11719 0.21094 0.15937 0.12813
48 0.92812 0.58281 0.14375 0.15313
48 0.39688 0.65938 0.175 0.125
48 0.11719 0.44062 0.12812 0.1625
48 0.47188 0.30312 0.18125 0.14375
5 0.80156 0.8125 0.05312 0.04375
48 0.95 0.95 0.1 0.1
48 0.1625 0.91719 0.13125 0.16563
5 0.15469 0.78906 0.01562 0.04688
48 0.04219 0.825 0.08438 0.0875
48 0.99844 0.88906 0.00313 0.12813
48 0.2 0.68281 0.08125 0.08437
5 0.92656 0.36406 0.03437 0.03437
48 0.25938 0.72656 0.13125 0.07812
48 0.125 0.04844 0.13125 0.09688
48 0.5375 0.59062 0.1375 0.1
48 0.375 0.34062 0.0875 0.1125
48 0.70156 0.33594 0.16563 0.05312
48 0.33906 0.96562 0.11562 0.06875
48 0.19531 0.86094 0.10938 0.09688
48 0.23594 0.9375 0.08438 0.0625
48 0.55 0.06719 0.25625 0.13438
48 0.31875 0.15313 0.2 0.1125
48 0.51406 0.8 0.34062 0.25625
48 0.42812 0.00312 0.21875 0.00625
