48 0.55156 0.05781 0.39062 0.11562
48 0.16875 0.075 0.33125 0.15
48 0.1125 0.20937 0.225 0.3125
48 0.44844 0.20469 0.33438 0.29062
48 0.05938 0.41719 0.11875 0.26563
48 0.00469 0.5875 0.00938 0.25
48 0.49062 0.91719 0.3625 0.16563
5 0.39375 0.82969 0.025 0.03438
5 0.41875 0.83125 0.025 0.03125
5 0.44062 0.83438 0.03125 0.03125
48 0.1375 0.83281 0.275 0.30938
5 0.46719 0.74062 0.04062 0.01875
5 0.43281 0.67031 0.04688 0.03438
5 0.50781 0.64688 0.04688 0.01875
48 0.66094 0.75312 0.39688 0.26875
5 0.40469 0.58594 0.03437 0.04062
48 0.22344 0.58438 0.33438 0.2875
5 0.44688 0.48438 0.03125 0.03125
48 0.32031 0.39844 0.31563 0.22188
5 0.54062 0.44063 0.0375 0.05
5 0.55469 0.39375 0.03438 0.0375
5 0.51562 0.36875 0.04375 0.04375
5 0.54062 0.325 0.0375 0.0375
5 0.59375 0.325 0.0375 0.0375
48 0.85156 0.19219 0.29688 0.29063
48 0.98125 0.48438 0.0375 0.15625
48 0.96094 0.59844 0.07812 0.14687
48 0.92812 0.81875 0.14375 0.25625
8 0.7 0.98438 0.05 0.03125
