19 0.45312 0.2625 0.21875 0.04375
22 0.69375 0.26719 0.25 0.05313
48 0.9125 0.74375 0.175 0.26875
5 0.42969 0.54062 0.08437 0.0375
5 0.30156 0.53594 0.08437 0.02813
5 0.25625 0.57031 0.06875 0.03438
5 0.375 0.5625 0.08125 0.0375
5 0.30781 0.60781 0.04688 0.05312
5 0.50781 0.60312 0.04062 0.04375
5 0.49844 0.65469 0.04063 0.04688
5 0.45938 0.65625 0.0375 0.05625
5 0.53438 0.65312 0.04375 0.05625
5 0.54844 0.6 0.04063 0.04375
9 0.96406 0.54375 0.07188 0.03125
5 0.50156 0.81094 0.04688 0.04688
5 0.86406 0.85 0.04688 0.04375
5 0.97969 0.86094 0.04063 0.03438
9 0.98906 0.78594 0.02187 0.02813
9 0.91719 0.77656 0.07188 0.02813
53 0.91562 0.86094 0.16875 0.09062
5 0.58906 0.65312 0.04063 0.05625
5 0.35625 0.60469 0.0375 0.05312
5 0.39062 0.59844 0.0375 0.05312
5 0.425 0.59844 0.04375 0.05312
53 0.44062 0.60469 0.425 0.17812
48 0.36875 0.67031 0.175 0.07812
