6 0.98125 0.09687 0.0375 0.10625
48 0.50469 0.07812 0.20312 0.15625
48 0.65469 0.31094 0.35312 0.32188
48 0.73125 0.90156 0.2625 0.14062
48 0.80312 0.57656 0.1875 0.10313
48 0.68281 0.98281 0.41562 0.03438
48 0.99844 0.47969 0.00313 0.07813
48 0.99531 0.4125 0.00938 0.0875
48 0.89688 0.06406 0.075 0.11562
48 0.88594 0.00156 0.09063 0.00312
48 0.02656 0.02188 0.05312 0.04375
48 0.14531 0.05 0.29063 0.1
48 0.30781 0.09375 0.22812 0.1875
48 0.37031 0.27812 0.20312 0.45625
48 0.97812 0.89375 0.04375 0.14375
48 0.97969 0.97969 0.04063 0.04063
48 0.97812 0.99375 0.04375 0.0125
48 0.98906 0.78906 0.02187 0.08438
48 0.97812 0.75781 0.04375 0.11563
48 0.99219 0.725 0.01562 0.0625
48 0.98594 0.68125 0.02812 0.06875
48 0.99062 0.63281 0.01875 0.05937
48 0.99844 0.59531 0.00313 0.04688
9 0.06094 0.35156 0.12188 0.07812
48 0.0625 0.15469 0.125 0.20312
48 0.11875 0.17031 0.13125 0.19688
48 0.20469 0.15469 0.12812 0.14062
48 0.4125 0.97344 0.14375 0.05312
48 0.32188 0.94219 0.225 0.11562
48 0.5125 0.9125 0.1125 0.1
48 0.58906 0.91719 0.05938 0.10313
48 0.39844 0.81406 0.25313 0.21562
48 0.13438 0.67969 0.26875 0.14062
48 0.14062 0.82188 0.20625 0.16875
48 0.00781 0.7 0.01562 0.13125
48 0.04531 0.74062 0.09062 0.125
48 0.36875 0.61406 0.175 0.18438
48 0.48438 0.61406 0.075 0.09687
48 0.15781 0.55625 0.24688 0.2625
48 0.1875 0.36719 0.11875 0.15938
48 0.69687 0.74375 0.3375 0.25
48 0.59375 0.57031 0.24375 0.09062
48 0.67031 0.48594 0.40312 0.10312
9 0.0625 0.38125 0.125 0.0875
48 0.2875 0.46406 0.06875 0.11562
48 0.275 0.35625 0.0875 0.1125
10 0.91875 0.72812 0.025 0.05
5 0.92656 0.60469 0.02187 0.03437
5 0.98281 0.53438 0.03438 0.01875
9 0.9125 0.8375 0.025 0.05
48 0.13281 0.97812 0.07188 0.04375
48 0.10469 0.96406 0.06563 0.07188
48 0.07656 0.9875 0.07187 0.025
48 0.01875 0.99531 0.0375 0.00938
48 0.06562 0.88125 0.1125 0.10625
48 0.01719 0.81562 0.03438 0.1
48 0.00156 0.84688 0.00312 0.08125
48 0.00312 0.90469 0.00625 0.09688
