9 0.44844 0.36875 0.08437 0.1125
9 0.34688 0.35156 0.11875 0.10313
9 0.30156 0.33125 0.12812 0.0875
5 0.52969 0.27969 0.05312 0.02813
9 0.89531 0.37187 0.07812 0.04375
55 0.72031 0.00938 0.09062 0.01875
55 0.80156 0.01562 0.06562 0.03125
55 0.90312 0.00938 0.11875 0.01875
55 0.98281 0.02812 0.03438 0.05625
48 0.9125 0.08906 0.175 0.15938
48 0.54531 0.09062 0.09687 0.18125
48 0.50938 0.03281 0.05 0.06562
48 0.52656 0.21406 0.09063 0.07812
48 0.59375 0.39688 0.13125 0.1125
48 0.90625 0.27656 0.1875 0.12188
48 0.74063 0.24062 0.11875 0.0875
48 0.89062 0.43906 0.11875 0.10312
10 0.11719 0.64219 0.03437 0.07188
48 0.90625 0.79688 0.1875 0.0625
48 0.05 0.80938 0.1 0.38125
48 0.40938 0.85781 0.575 0.28438
48 0.87812 0.90469 0.24375 0.19063
