48 0.3125 0.54062 0.09375 0.08125
48 0.39844 0.77969 0.14062 0.07812
48 0.28125 0.79375 0.1 0.05
48 0.49531 0.76719 0.07813 0.05937
48 0.56406 0.89844 0.10938 0.05313
48 0.82344 0.66562 0.10938 0.10625
48 0.73281 0.64688 0.10313 0.08125
48 0.80469 0.05938 0.12187 0.0875
48 0.58438 0.12812 0.10625 0.08125
48 0.56719 0.19375 0.13438 0.0875
48 0.7 0.16562 0.10625 0.075
48 0.68594 0.30781 0.14687 0.06562
48 0.72031 0.93281 0.22813 0.13438
48 0.53906 0.825 0.10312 0.08125
48 0.42188 0.70469 0.09375 0.07188
48 0.50781 0.41094 0.12187 0.07188
48 0.17812 0.6125 0.1 0.06875
48 0.41875 0.53906 0.15 0.11563
48 0.95781 0.24219 0.08437 0.07812
5 0.55156 0.54688 0.05312 0.025
8 0.06094 0.7125 0.04688 0.01875
48 0.2375 0.72812 0.1375 0.0875
48 0.48438 0.12969 0.10625 0.05937
48 0.95156 0.89688 0.09688 0.1125
5 0.62656 0.56563 0.06563 0.03125
5 0.14844 0.69688 0.03437 0.01875
5 0.37344 0.63281 0.05313 0.02188
48 0.35781 0.4375 0.07812 0.08125
48 0.06562 0.63437 0.13125 0.13125
48 0.72031 0.59219 0.10938 0.09688
48 0.64531 0.69531 0.08437 0.10938
48 0.92188 0.12812 0.13125 0.09375
48 0.11094 0.76562 0.14062 0.1125
48 0.8375 0.19375 0.1875 0.14375
5 0.74375 0.53438 0.04375 0.025
48 0.61719 0.46562 0.09062 0.125
48 0.62969 0.62813 0.07812 0.05625
48 0.68281 0.10469 0.12188 0.10312
48 0.18594 0.525 0.11562 0.10625
48 0.24531 0.25625 0.10312 0.08125
5 0.29531 0.65469 0.04688 0.02812
48 0.56406 0.74219 0.12187 0.07812
48 0.49375 0.25156 0.1125 0.07813
48 0.75938 0.77812 0.1125 0.0875
48 0.94844 0.36875 0.10313 0.11875
48 0.96562 0.66406 0.06875 0.21562
48 0.70625 0.45469 0.09375 0.10938
48 0.53438 0.65938 0.125 0.1125
48 0.65625 0.22969 0.125 0.09063
48 0.5875 0.99531 0.09375 0.00938
5 0.83125 0.51094 0.05 0.02187
48 0.99062 0.27969 0.01875 0.09687
48 0.01719 0.81406 0.03438 0.10313
48 0.97031 0.49219 0.05937 0.12187
5 0.10469 0.70625 0.04687 0.01875
48 0.17656 0.87969 0.14688 0.10938
48 0.86719 0.33594 0.15938 0.09688
48 0.43438 0.89688 0.15 0.16875
48 0.53594 0.48906 0.07812 0.11562
48 0.85469 0.57344 0.14687 0.12812
48 0.34062 0.72188 0.0875 0.08125
48 0.87812 0.90625 0.09375 0.0875
48 0.36094 0.96094 0.10938 0.07812
48 0.97656 0.07031 0.04688 0.14062
48 0.87031 0.75469 0.17188 0.12188
