48 0.80156 0.9625 0.39688 0.075
10 0.09375 0.80469 0.05625 0.03438
10 0.15781 0.81875 0.05938 0.025
5 0.37813 0.87812 0.04375 0.01875
5 0.27187 0.19531 0.03125 0.04688
5 0.30625 0.19688 0.03125 0.04375
5 0.36562 0.22031 0.03125 0.03437
5 0.43594 0.23125 0.02813 0.03125
5 0.52188 0.25 0.03125 0.0375
5 0.60625 0.1875 0.03125 0.05
11 0.1875 0.25156 0.1375 0.05938
11 0.32031 0.30625 0.20312 0.06875
11 0.51719 0.30937 0.14062 0.05
9 0.51719 0.34688 0.11562 0.04375
5 0.69375 0.28594 0.0375 0.04063
5 0.75781 0.29531 0.03438 0.04062
5 0.8125 0.30937 0.03125 0.04375
5 0.84219 0.31719 0.04063 0.04688
5 0.87812 0.32344 0.03125 0.04063
5 0.92812 0.34062 0.03125 0.0375
5 0.99219 0.35781 0.01562 0.03437
5 0.99531 0.53438 0.00938 0.04375
5 0.93125 0.51406 0.03125 0.04688
5 0.89844 0.51406 0.02812 0.04063
5 0.83281 0.49688 0.02813 0.0375
5 0.80625 0.49219 0.03125 0.04062
5 0.77656 0.48125 0.03437 0.0375
5 0.74531 0.47812 0.02813 0.04375
5 0.80625 0.57656 0.05625 0.02187
5 0.73281 0.57656 0.05312 0.02187
10 0.34688 0.45625 0.08125 0.0375
5 0.48438 0.41094 0.025 0.04063
5 0.35625 0.39062 0.025 0.0375
5 0.32344 0.38281 0.02813 0.03438
5 0.28906 0.37656 0.03438 0.04688
5 0.25938 0.37187 0.03125 0.04375
5 0.23906 0.35938 0.04063 0.05
5 0.21094 0.35781 0.03437 0.04688
5 0.17969 0.35 0.03437 0.04375
5 0.14844 0.35 0.02813 0.04375
5 0.12188 0.34688 0.0375 0.0375
5 0.09219 0.32969 0.04063 0.04062
5 0.0375 0.32031 0.03125 0.04063
39 0.91719 0.40781 0.12188 0.04688
5 0.80469 0.37969 0.05313 0.02187
39 0.81875 0.4125 0.11875 0.04375
48 0.33906 0.86562 0.67812 0.26875
48 0.81719 0.10312 0.36562 0.20625
48 0.51719 0.07031 0.43438 0.14062
48 0.17656 0.02188 0.35312 0.04375
