5 0.01875 0.62969 0.0375 0.05312
5 0.65781 0.59219 0.05312 0.02812
5 0.01406 0.325 0.02812 0.05625
48 0.43594 0.97656 0.20938 0.04688
48 0.4 0.88438 0.15 0.1125
48 0.51094 0.76562 0.12188 0.0625
48 0.64219 0.73438 0.14062 0.08125
48 0.59688 0.80156 0.11875 0.09687
48 0.63594 0.875 0.10313 0.15
48 0.72969 0.78281 0.12188 0.10313
48 0.87969 0.88594 0.10313 0.05938
48 0.85625 0.8 0.1125 0.125
48 0.125 0.63125 0.15625 0.14375
48 0.00781 0.68594 0.01562 0.13438
5 0.24375 0.675 0.0375 0.0625
48 0.70469 0.00625 0.17188 0.0125
48 0.925 0.50156 0.10625 0.13437
48 0.02969 0.125 0.05938 0.10625
48 0.05156 0.05156 0.10312 0.07812
48 0.00938 0.22344 0.01875 0.10938
48 0.19062 0.04062 0.2125 0.08125
48 0.33906 0.07031 0.06562 0.04062
48 0.98438 0.50469 0.03125 0.09687
48 0.81406 0.41406 0.14687 0.14062
48 0.70156 0.40938 0.12813 0.14375
48 0.73438 0.29219 0.11875 0.09688
48 0.51562 0.425 0.10625 0.1
48 0.5375 0.36406 0.11875 0.06562
48 0.59375 0.26719 0.18125 0.10312
48 0.65469 0.19219 0.14687 0.09688
48 0.73906 0.13125 0.14062 0.1
48 0.57656 0.11875 0.09688 0.0625
48 0.60781 0.01094 0.10313 0.02188
48 0.7 0.04062 0.09375 0.075
48 0.97188 0.24844 0.05625 0.07812
48 0.88438 0.18594 0.08125 0.05313
48 0.93438 0.37187 0.0875 0.075
48 0.99375 0.41094 0.0125 0.09687
