48 0.00156 0.84219 0.00312 0.05312
48 0.00312 0.88438 0.00625 0.03125
48 0.00625 0.92188 0.0125 0.05625
48 0.01875 0.98281 0.0375 0.03438
48 0.08281 0.76406 0.07187 0.09688
48 0.12344 0.77812 0.03438 0.05
48 0.1 0.82656 0.0875 0.05937
48 0.15625 0.80312 0.0375 0.09375
48 0.19531 0.81406 0.05938 0.05312
48 0.1875 0.77188 0.04375 0.05
48 0.23281 0.76719 0.05938 0.05312
48 0.24062 0.80312 0.05625 0.05
48 0.125 0.8875 0.06875 0.0625
48 0.11562 0.93594 0.08125 0.07812
48 0.14219 0.97656 0.11562 0.04688
48 0.24219 0.97031 0.12187 0.05937
48 0.15937 0.92188 0.04375 0.09375
48 0.19375 0.89375 0.05 0.04375
48 0.19531 0.93594 0.05312 0.06563
48 0.2875 0.8625 0.03125 0.04375
48 0.30625 0.9625 0.04375 0.05625
48 0.36406 0.99844 0.04688 0.00313
48 0.49531 0.75469 0.07813 0.09063
48 0.54688 0.72188 0.05625 0.0625
48 0.61719 0.72344 0.10938 0.10313
48 0.60312 0.78594 0.05625 0.05312
48 0.57031 0.96094 0.11563 0.05313
48 0.66562 0.94219 0.1125 0.05938
48 0.63281 0.91094 0.15938 0.06562
48 0.62813 0.85156 0.0875 0.12813
48 0.57031 0.84531 0.07187 0.15312
48 0.50469 0.86562 0.04687 0.05
48 0.68281 0.80625 0.07188 0.075
48 0.79062 0.6625 0.125 0.06875
48 0.88594 0.64375 0.10313 0.0625
48 0.96094 0.62656 0.06563 0.05937
48 0.99219 0.61875 0.01562 0.0625
48 0.88906 0.725 0.07812 0.1125
48 0.84844 0.8875 0.12812 0.075
48 0.95781 0.86875 0.08437 0.06875
48 0.9875 0.75156 0.025 0.06563
48 0.79531 0.8 0.05937 0.05
48 0.88125 0.7875 0.06875 0.05625
48 0.90781 0.85781 0.06563 0.11562
48 0.45156 0.45781 0.07812 0.06562
48 0.73125 0.49219 0.05625 0.05937
