48 0.06875 0.46094 0.1375 0.12813
48 0.03281 0.40312 0.06562 0.13125
48 0.05625 0.22969 0.1125 0.14062
48 0.10469 0.28906 0.11562 0.11562
48 0.86406 0.99062 0.15937 0.01875
5 0.13594 0.99844 0.04687 0.00313
48 0.2125 0.575 0.1375 0.1375
48 0.13594 0.51719 0.13438 0.12813
48 0.18281 0.33281 0.14687 0.14687
48 0.25781 0.39375 0.12813 0.1375
48 0.31875 0.45469 0.11875 0.12188
48 0.3875 0.50469 0.1375 0.13438
48 0.4625 0.5875 0.10625 0.1
48 0.375 0.69375 0.1375 0.125
48 0.67656 0.74375 0.13438 0.11875
48 0.50313 0.80938 0.1375 0.1375
48 0.75469 0.7875 0.12812 0.1375
48 0.64375 0.92188 0.13125 0.13125
48 0.91875 0.00781 0.13125 0.01562
48 0.54844 0.63125 0.12188 0.13125
48 0.36094 0.96562 0.45938 0.06875
9 0.78594 0.83906 0.04688 0.04688
48 0.15781 0.01406 0.05313 0.02812
48 0.9875 0.07969 0.025 0.15313
48 0.95156 0.04844 0.09688 0.09688
48 0.91094 0.55312 0.16563 0.175
48 0.97188 0.42812 0.05625 0.18125
48 0.82812 0.48125 0.15625 0.15
48 0.93906 0.35 0.12187 0.175
48 0.74375 0.43125 0.15 0.15
48 0.86406 0.29375 0.15313 0.1375
48 0.68281 0.35469 0.13438 0.14687
48 0.79531 0.24219 0.12813 0.14062
48 0.61406 0.30625 0.14062 0.13125
48 0.72344 0.18906 0.13438 0.14063
48 0.55156 0.25156 0.12812 0.11562
48 0.64688 0.13125 0.1375 0.14375
48 0.49219 0.19531 0.15938 0.15312
48 0.59219 0.06719 0.12813 0.13438
48 0.41406 0.14062 0.15312 0.15
48 0.50937 0.04688 0.13125 0.09375
48 0.45 0.01562 0.15625 0.03125
48 0.34062 0.08125 0.14375 0.14375
48 0.57031 0.86875 0.10938 0.1125
48 0.99062 0.82656 0.01875 0.11562
48 0.61094 0.68438 0.09688 0.11875
10 0.92656 0.82031 0.05312 0.05937
48 0.95781 0.90469 0.08437 0.11562
48 0.92969 0.95781 0.12813 0.08437
