5 0.25312 0.43281 0.0625 0.04063
5 0.61875 0.63281 0.08125 0.04688
5 0.7 0.65938 0.075 0.05
5 0.76562 0.7 0.0875 0.0625
6 0.90156 0.76875 0.10938 0.0625
6 0.97812 0.81094 0.04375 0.04688
5 0.05938 0.49844 0.05625 0.05313
5 0.22344 0.55937 0.05937 0.0625
5 0.25625 0.57031 0.05625 0.05313
5 0.35469 0.60312 0.05938 0.05625
5 0.01719 0.65312 0.03438 0.05
5 0.04531 0.66406 0.05312 0.05313
5 0.07969 0.62656 0.05312 0.05937
5 0.10312 0.69062 0.05 0.05625
5 0.13281 0.69844 0.04063 0.05312
5 0.16875 0.71094 0.05 0.05313
5 0.18125 0.65312 0.05 0.05
5 0.21406 0.66719 0.05937 0.06562
5 0.19531 0.72656 0.05312 0.05313
5 0.30625 0.70312 0.05625 0.05
5 0.26562 0.74688 0.08125 0.0625
5 0.33906 0.71406 0.05938 0.05938
5 0.325 0.77188 0.0625 0.0625
5 0.36406 0.77812 0.05938 0.05
5 0.38594 0.79688 0.05312 0.05
5 0.00938 0.80781 0.01875 0.05938
5 0.02656 0.81719 0.05312 0.05938
5 0.05625 0.77969 0.0625 0.05937
5 0.09062 0.79375 0.0625 0.05625
5 0.15469 0.81875 0.05313 0.05625
5 0.18594 0.82812 0.05938 0.05
5 0.21719 0.84062 0.05313 0.0625
5 0.24844 0.85469 0.05938 0.05312
5 0.34375 0.8875 0.0625 0.0625
5 0.24844 0.90156 0.05938 0.05938
5 0.30469 0.925 0.06563 0.075
5 0.33594 0.94062 0.05312 0.0625
5 0.48438 0.78594 0.0625 0.05312
5 0.51406 0.84062 0.05937 0.05625
5 0.575 0.81094 0.0625 0.05937
5 0.63125 0.8875 0.075 0.06875
5 0.7625 0.87812 0.05625 0.05625
5 0.88125 0.93125 0.06875 0.06875
5 0.87031 0.97812 0.05938 0.04375
5 0.94062 0.96094 0.05625 0.05937
9 0.44531 0.82031 0.05937 0.05313
9 0.45156 0.7625 0.05938 0.05625
9 0.8125 0.95781 0.05 0.05312
5 0.92969 0.99219 0.05937 0.01562
5 0.98906 0.975 0.02187 0.05
5 0.49219 0.95 0.06563 0.0625
5 0.55 0.97188 0.05625 0.05625
5 0.57969 0.97656 0.05937 0.04688
5 0.51094 0.99219 0.05938 0.01562
9 0.45 0.98281 0.04375 0.03438
5 0.14062 0.97031 0.05625 0.05312
5 0.03594 0.97969 0.05938 0.04063
5 0.07031 0.94688 0.05313 0.04375
5 0.04531 0.93281 0.05938 0.05312
5 0.10312 0.9625 0.05625 0.04375
9 0.06875 0.98125 0.0625 0.0375
5 0.36406 0.95156 0.04688 0.05312
