48 0.02969 0.35469 0.05938 0.23438
48 0.02344 0.49531 0.04688 0.22187
48 0.02188 0.82656 0.04375 0.25938
48 0.21562 0.33594 0.3125 0.23438
48 0.20781 0.15781 0.27187 0.19062
48 0.425 0.19844 0.20625 0.26562
48 0.88594 0.90625 0.22813 0.1875
48 0.88438 0.46406 0.23125 0.20937
48 0.86562 0.19219 0.21875 0.29063
48 0.98281 0.2375 0.03438 0.29375
48 0.59531 0.25781 0.10938 0.12187
48 0.575 0.14531 0.1375 0.09062
48 0.46875 0.07031 0.00625 0.00937
5 0.70156 0.10781 0.02187 0.04062
5 0.71094 0.14844 0.03438 0.04688
4 0.70625 0.20938 0.03125 0.04375
4 0.70625 0.06406 0.03125 0.04063
5 0.65781 0.84062 0.02187 0.03125
5 0.00312 0.04688 0.00625 0.0375
48 0.21406 0.65781 0.24688 0.15938
5 0.01562 0.76406 0.025 0.05312
5 0.65938 0.8 0.01875 0.04375
5 0.65469 0.11562 0.02812 0.05625
48 0.58281 0.9625 0.14062 0.075
5 0.71094 0.40156 0.02188 0.04063
5 0.00938 0.6125 0.01875 0.04375
5 0.43594 0.025 0.04688 0.025
48 0.21562 0.83594 0.30625 0.18437
5 0.22656 0.00625 0.03437 0.0125
48 0.46875 0.94219 0.10625 0.08437
48 0.21562 0.98125 0.30625 0.0375
5 0.70625 0.50781 0.03125 0.05313
48 0.24844 0.50781 0.29063 0.13437
48 0.5 0.625 0.28125 0.125
48 0.55625 0.45469 0.31875 0.17188
48 0.9 0.70781 0.2 0.20312
