48 0.48906 0.00156 0.14062 0.00312
48 0.59062 0.02031 0.125 0.04062
48 0.70469 0.04375 0.13438 0.0875
48 0.8 0.06562 0.1375 0.125
48 0.91406 0.1125 0.12813 0.11875
48 0.97188 0.15313 0.05625 0.125
50 0.84688 0.38281 0.125 0.12187
50 0.7375 0.34844 0.13125 0.12188
50 0.58438 0.3 0.15625 0.1125
9 0.425 0.35156 0.03125 0.04688
5 0.10625 0.35 0.05625 0.0375
5 0.18906 0.38281 0.05313 0.02812
5 0.275 0.40781 0.05 0.02813
48 0.25938 0.30938 0.1125 0.11875
48 0.15937 0.275 0.11875 0.11875
48 0.3 0.2 0.13125 0.11875
48 0.19531 0.16719 0.12187 0.10937
48 0.18594 0.52031 0.14688 0.13438
48 0.16094 0.63906 0.15937 0.11562
48 0.04688 0.58906 0.09375 0.12188
48 0.05781 0.47344 0.11562 0.11562
48 0.00469 0.43906 0.00938 0.11563
48 0.04219 0.96406 0.08438 0.07188
50 0.42344 0.9375 0.38438 0.125
50 0.77188 0.99219 0.35 0.01562
50 0.38438 0.72344 0.15 0.17188
50 0.50937 0.75937 0.13125 0.13125
50 0.63281 0.80781 0.14688 0.15937
50 0.76719 0.85938 0.14062 0.15
50 0.87812 0.88906 0.11875 0.12813
50 0.96094 0.92344 0.07812 0.14062
48 0.525 0.62813 0.1375 0.125
5 0.24375 0.94531 0.0375 0.04688
5 0.0875 0.85781 0.05 0.02812
5 0.02656 0.83438 0.04688 0.03125
5 0.15937 0.78125 0.05625 0.0375
5 0.09219 0.75937 0.05312 0.0375
5 0.15469 0.72969 0.05313 0.03437
5 0.05 0.69531 0.05 0.03438
5 0.3 0.57969 0.0375 0.04688
5 0.27187 0.64844 0.03125 0.04688
9 0.24844 0.7125 0.02813 0.05
38 0.96875 0.58438 0.0625 0.11875
9 0.69219 0.56719 0.05312 0.03437
43 0.9625 0.30625 0.075 0.05625
