5 0.92344 0.11406 0.03438 0.02812
48 0.14531 0.62344 0.16562 0.16563
48 0.6375 0.8625 0.125 0.11875
48 0.8 0.88594 0.19375 0.12812
48 0.0125 0.72656 0.025 0.20312
48 0.23125 0.07812 0.1 0.15625
48 0.02188 0.35469 0.04375 0.22188
48 0.54375 0.14375 0.1125 0.25625
48 0.02188 0.97812 0.04375 0.04375
48 0.98906 0.85938 0.02187 0.28125
5 0.97969 0.12188 0.04063 0.03125
48 0.29531 0.41719 0.14688 0.19688
48 0.28594 0.79844 0.14062 0.12187
5 0.86719 0.09844 0.04688 0.02812
48 0.45625 0.1 0.1 0.1875
48 0.45312 0.8375 0.16875 0.11875
48 0.98906 0.60312 0.02187 0.15
48 0.13281 0.77344 0.19062 0.13437
48 0.65781 0.69219 0.18437 0.14062
48 0.69375 0.47812 0.1625 0.2375
48 0.98906 0.04219 0.02187 0.08438
48 0.49531 0.675 0.14687 0.14375
48 0.025 0.57656 0.05 0.11562
48 0.25 0.99062 0.15 0.01875
48 0.04375 0.0625 0.0875 0.125
48 0.44688 0.44531 0.13125 0.21562
48 0.34219 0.11875 0.15313 0.23125
48 0.79688 0.01094 0.275 0.02188
48 0.85 0.73125 0.175 0.13125
48 0.4 0.99844 0.18125 0.00313
48 0.79531 0.16406 0.12813 0.14687
48 0.13125 0.06094 0.1125 0.12188
5 0.925 0.875 0.025 0.04375
48 0.32031 0.64219 0.20312 0.11562
48 0.56094 0.4625 0.11562 0.2125
48 0.12188 0.98281 0.175 0.03438
48 0.12969 0.39531 0.25938 0.22188
48 0.65625 0.18438 0.14375 0.21875
5 0.43906 0.91562 0.04688 0.01875
48 0.60938 0.0125 0.1375 0.025
5 0.95312 0.725 0.01875 0.03125
5 0.11719 0.8625 0.04688 0.01875
5 0.95 0.77969 0.025 0.02812
5 0.36719 0.90469 0.05312 0.02812
5 0.2625 0.86406 0.025 0.02813
5 0.91875 0.92812 0.01875 0.03125
5 0.85781 0.61562 0.03438 0.03125
5 0.59062 0.98906 0.0375 0.02187
