48 0.43125 0.11562 0.25 0.23125
48 0.11406 0.30781 0.09688 0.13438
48 0.20625 0.30938 0.09375 0.13125
48 0.31563 0.30312 0.1125 0.15625
48 0.41875 0.30469 0.09375 0.13438
48 0.5375 0.31719 0.1125 0.15312
48 0.225 0.45625 0.26875 0.1625
48 0.39688 0.47812 0.1 0.09375
48 0.64062 0.18281 0.1875 0.13438
48 0.64688 0.29688 0.14375 0.075
48 0.66875 0.34531 0.15 0.07187
48 0.02031 0.86719 0.04062 0.16562
48 0.25 0.77188 0.2375 0.15
48 0.50781 0.77344 0.27812 0.15312
48 0.58125 0.90938 0.1625 0.13125
48 0.43125 0.91094 0.1375 0.12188
48 0.25 0.93125 0.225 0.1375
48 0.89062 0.19062 0.175 0.1125
48 0.90469 0.28594 0.16563 0.10938
48 0.91875 0.38594 0.1625 0.10938
48 0.67656 0.39844 0.16563 0.08437
48 0.9375 0.5875 0.125 0.11875
48 0.93125 0.49062 0.1375 0.10625
48 0.94219 0.68438 0.11562 0.1
48 0.97656 0.78281 0.04688 0.10313
48 0.75312 0.84062 0.18125 0.0875
48 0.775 0.975 0.18125 0.05
48 0.99062 0.9625 0.01875 0.075
48 0.98281 0.87969 0.03438 0.10938
48 0.72812 0.62031 0.2625 0.39688
48 0.52031 0.46406 0.15313 0.14063
48 0.40156 0.61562 0.07812 0.175
6 0.24844 0.66562 0.02813 0.05625
