48 0.0875 0.20781 0.175 0.25938
48 0.44531 0.28594 0.40312 0.25312
48 0.28906 0.42344 0.35938 0.22812
48 0.17969 0.5625 0.35938 0.2375
48 0.10938 0.72031 0.21875 0.25313
48 0.05625 0.92344 0.1125 0.15312
48 0.14062 0.96875 0.28125 0.0625
48 0.64375 0.37969 0.33125 0.30938
48 0.5875 0.5875 0.4 0.23125
48 0.475 0.75 0.39375 0.2375
48 0.36875 0.89219 0.39375 0.21562
5 0.02031 0.39375 0.02813 0.0375
5 0.00156 0.36094 0.00312 0.03437
5 0.06562 0.27187 0.025 0.025
5 0.15469 0.82188 0.05313 0.01875
5 0.17344 0.79688 0.04062 0.01875
5 0.19062 0.76875 0.04375 0.01875
