48 0.23906 0.15781 0.09062 0.09062
48 0.28281 0.25 0.10938 0.1
48 0.29531 0.29844 0.09063 0.07812
48 0.16406 0.46875 0.09687 0.10625
48 0.69062 0.5125 0.125 0.15
48 0.91875 0.06875 0.1125 0.075
48 0.29844 0.5625 0.07812 0.1
48 0.51719 0.62813 0.07812 0.06875
48 0.29531 0.1875 0.07812 0.0625
48 0.69375 0.78906 0.08125 0.08438
48 0.19375 0.35938 0.125 0.1
48 0.65 0.23906 0.125 0.12187
48 0.91406 0.20625 0.11563 0.11875
48 0.99375 0.35938 0.0125 0.1375
48 0.65156 0.74219 0.10938 0.10938
48 0.725 0.28125 0.08125 0.1
48 0.4625 0.10625 0.1125 0.1375
48 0.90938 0.27344 0.13125 0.09688
48 0.70781 0.61875 0.11562 0.15
48 0.82812 0.4375 0.1 0.10625
48 0.78438 0.30156 0.15625 0.09063
48 0.5125 0.26875 0.13125 0.1125
48 0.15781 0.13906 0.09687 0.08438
48 0.95938 0.43594 0.08125 0.14688
48 0.49219 0.67188 0.09688 0.10625
48 0.11719 0.84844 0.23438 0.30312
48 0.03438 0.02344 0.06875 0.04688
48 0.86406 0.56719 0.14687 0.12812
48 0.75469 0.42344 0.12812 0.10312
48 0.09219 0.28125 0.15313 0.075
48 0.35 0.26406 0.09375 0.09687
48 0.11094 0.33281 0.09687 0.09063
48 0.79219 0.63125 0.11562 0.13125
48 0.21719 0.48438 0.12812 0.11875
48 0.30469 0.36875 0.07812 0.08125
48 0.04375 0.28594 0.0875 0.12812
48 0.7625 0.17656 0.13125 0.17188
48 0.38594 0.61875 0.09687 0.11875
48 0.375 0.2125 0.09375 0.1
48 0.97031 0.375 0.05937 0.1
48 0.46562 0.33594 0.09375 0.09062
48 0.34062 0.59688 0.0875 0.1125
48 0.4375 0.64375 0.09375 0.1
48 0.36094 0.35625 0.05938 0.0625
48 0.99219 0.17656 0.01562 0.11562
48 0.2 0.1875 0.09375 0.0625
48 0.98594 0.06562 0.02812 0.075
48 0.54219 0.175 0.12812 0.15
48 0.99688 0.30469 0.00625 0.14062
48 0.975 0.24844 0.05 0.08438
48 0.74688 0.06719 0.1125 0.08438
48 0.83281 0.09063 0.09687 0.09375
48 0.5625 0.96406 0.1125 0.07188
48 0.25156 0.55312 0.10312 0.14375
48 0.33906 0.18125 0.07812 0.075
48 0.18281 0.26562 0.15313 0.1375
48 0.00469 0.49531 0.00938 0.09063
48 0.9125 0.375 0.125 0.1125
48 0.59219 0.74219 0.10938 0.12813
48 0.3125 0.97656 0.3125 0.04688
48 0.40156 0.30781 0.10313 0.09063
48 0.9 0.11719 0.1 0.07812
48 0.53906 0.71094 0.09062 0.10938
48 0.5 0.83594 0.15 0.12187
48 0.47188 0.02969 0.0875 0.05938
48 0.68125 0.37344 0.125 0.11563
48 0.2 0.075 0.1 0.0875
48 0.10625 0.19062 0.10625 0.125
5 0.82812 0.97656 0.0375 0.02812
5 0.78906 0.80938 0.04062 0.03125
5 0.82656 0.79375 0.03438 0.025
5 0.75156 0.85781 0.04063 0.03438
5 0.78438 0.86406 0.0375 0.04063
51 0.65 0.77969 0.7 0.44063
5 0.71875 0.99375 0.03125 0.0125
48 0.89688 0.475 0.13125 0.09375
5 0.76562 0.83906 0.0375 0.03437
48 0.05625 0.075 0.1 0.09375
5 0.42031 0.725 0.04062 0.03125
48 0.34531 0.0875 0.19687 0.075
5 0.64531 0.99375 0.05938 0.0125
48 0.20938 0.76719 0.2375 0.20937
48 0.60625 0.30781 0.14375 0.09063
48 0.52969 0.39375 0.10938 0.1
48 0.05469 0.65469 0.10938 0.19688
48 0.76406 0.51719 0.09062 0.08437
48 0.02812 0.175 0.05625 0.0875
48 0.98281 0.11094 0.03438 0.05938
48 0.85312 0.19688 0.1375 0.10625
48 0.43438 0.38125 0.1 0.0875
48 0.55469 0.05625 0.12813 0.075
48 0.43281 0.2375 0.10313 0.10625
48 0.14844 0.0625 0.04688 0.10625
48 0.81875 0.34219 0.1375 0.09063
48 0.825 0.03438 0.09375 0.06875
48 0.70781 0.04062 0.04688 0.08125
48 0.4625 0.90781 0.16875 0.14687
5 0.79688 0.95312 0.04375 0.05
48 0.68438 0.15937 0.09375 0.075
48 0.20156 0.03125 0.07812 0.0625
5 0.975 0.59375 0.05 0.05625
48 0.6 0.44688 0.13125 0.11875
5 0.79844 0.79219 0.03438 0.02813
5 0.94688 0.63906 0.05 0.04688
