48 0.12188 0.34531 0.24375 0.17188
48 0.09687 0.00781 0.125 0.01562
48 0.01406 0.13438 0.02812 0.0875
48 0.04688 0.0625 0.09375 0.09375
48 0.35156 0.2625 0.16563 0.275
48 0.05625 0.21875 0.1125 0.09375
48 0.03281 0.68281 0.06562 0.31562
5 0.95469 0.5125 0.03438 0.0375
5 0.67969 0.95 0.02812 0.04375
5 0.69219 0.87812 0.03437 0.04375
5 0.98906 0.46094 0.02187 0.04063
5 0.60469 0.99688 0.03437 0.00625
5 0.39531 0.27187 0.02813 0.04375
48 0.99375 0.87812 0.0125 0.24375
48 0.01719 0.00938 0.03438 0.01875
5 0.92656 0.49688 0.02813 0.0375
5 0.37344 0.32344 0.02813 0.04063
5 0.975 0.42344 0.03125 0.04062
5 0.42188 0.21875 0.03125 0.04375
5 0.20937 0.61562 0.025 0.04375
5 0.80312 0.70156 0.03125 0.04063
