5 0.075 0.00312 0.04375 0.00625
5 0.11094 0.01094 0.05938 0.02188
5 0.14375 0.03438 0.05625 0.025
5 0.15313 0.0125 0.05 0.025
5 0.19219 0.04688 0.05313 0.03125
5 0.20469 0.02812 0.06562 0.03125
5 0.24062 0.05781 0.05625 0.02812
5 0.24844 0.03438 0.05938 0.025
5 0.30469 0.06875 0.06563 0.03125
5 0.72969 0.14844 0.04063 0.05312
5 0.81875 0.16719 0.0375 0.05313
5 0.94219 0.29688 0.03437 0.0375
5 0.21719 0.00156 0.03437 0.00312
5 0.24062 0.00312 0.03125 0.00625
5 0.26094 0.00625 0.03438 0.0125
1 0.31563 0.98125 0.16875 0.0375
11 0.74844 0.88281 0.11562 0.06563
7 0.15625 0.57969 0.06875 0.03438
7 0.23125 0.58125 0.0625 0.025
9 0.99844 0.69688 0.00313 0.04375
9 0.95312 0.68594 0.0375 0.04688
5 0.30938 0.01094 0.03125 0.02188
5 0.33438 0.0125 0.025 0.025
5 0.28906 0.00625 0.02187 0.0125
5 0.58438 0.2125 0.0125 0.01875
5 0.32812 0.14375 0.01875 0.01875
5 0.10312 0.0875 0.025 0.025
5 0.24219 0.12031 0.02187 0.01562
5 0.26562 0.12812 0.025 0.01875
5 0.29531 0.13438 0.01562 0.0125
5 0.42344 0.17344 0.02188 0.02188
5 0.48281 0.18281 0.01562 0.00937
5 0.50938 0.19062 0.025 0.025
5 0.56094 0.20469 0.02187 0.01562
5 0.44375 0.6375 0.04375 0.04375
5 0.99688 0.85469 0.00625 0.04063
5 0.97656 0.85312 0.04062 0.04375
5 0.54219 0.05313 0.05312 0.03125
