48 0.82344 0.94844 0.13438 0.03437
48 0.825 0.91875 0.10625 0.025
48 0.91094 0.85469 0.17812 0.11562
48 0.96562 0.72188 0.06875 0.1
48 0.92344 0.34375 0.13438 0.1125
48 0.99688 0.85156 0.00625 0.08438
48 0.73906 0.80625 0.14062 0.10625
5 0.99531 0.63906 0.00938 0.03438
48 0.23906 0.39375 0.14688 0.10625
5 0.20781 0.82656 0.04062 0.02812
48 0.76562 0.74688 0.15625 0.09375
48 0.025 0.58125 0.05 0.0875
48 0.0625 0.14688 0.125 0.18125
48 0.33125 0.35312 0.1 0.1125
48 0.14531 0.25625 0.12812 0.14375
48 0.98594 0.12656 0.02812 0.25312
48 0.1 0.66562 0.2 0.15625
48 0.82812 0.98125 0.1875 0.0375
48 0.73594 0.86563 0.12813 0.06875
48 0.13281 0.82188 0.20937 0.1875
48 0.92812 0.21562 0.14375 0.1625
48 0.22344 0.94219 0.24062 0.11562
48 0.90781 0.54844 0.18437 0.18438
5 0.23438 0.79531 0.0375 0.03438
48 0.69531 0.94844 0.13437 0.10313
48 0.84219 0.65938 0.15938 0.125
48 0.4875 0.30156 0.3 0.24688
48 0.46094 0.91719 0.27812 0.16563
48 0.14531 0.55 0.28438 0.21875
48 0.96719 0.94219 0.06563 0.11562
48 0.04219 0.06406 0.08438 0.12812
48 0.0375 0.36094 0.075 0.15313
48 0.69062 0.17188 0.175 0.15625
51 0.96719 0.49531 0.06563 0.17188
48 0.59219 0.01875 0.36562 0.0375
48 0.58125 0.475 0.2 0.13125
48 0.41562 0.58906 0.15625 0.15937
48 0.41562 0.7375 0.2625 0.1875
48 0.9375 0.7875 0.125 0.13125
48 0.47031 0.04844 0.15313 0.09688
48 0.69531 0.38438 0.12187 0.1125
48 0.29688 0.44844 0.15 0.09687
5 0.28125 0.74688 0.0375 0.03125
48 0.2875 0.14688 0.2125 0.1875
48 0.01719 0.75156 0.03438 0.07188
48 0.51719 0.55625 0.16562 0.1375
5 0.14375 0.93125 0.0375 0.03125
