9 0.69375 0.10312 0.0375 0.05625
9 0.67813 0.15625 0.0375 0.05
9 0.65 0.21562 0.0375 0.05
5 0.01719 0.45312 0.03438 0.025
48 0.09531 0.9125 0.19062 0.175
48 0.29219 0.94688 0.20312 0.10625
48 0.6125 0.86875 0.1 0.13125
48 0.62031 0.7625 0.12188 0.0875
48 0.65469 0.63594 0.12187 0.08437
48 0.64219 0.69844 0.13438 0.06562
48 0.725 0.80156 0.11875 0.13438
48 0.72812 0.91719 0.125 0.12188
48 0.71719 0.98594 0.10938 0.02812
48 0.89844 0.90469 0.14062 0.19063
48 0.80625 0.94062 0.0875 0.11875
48 0.8375 0.8375 0.10625 0.13125
48 0.95781 0.975 0.08437 0.05
48 0.975 0.89688 0.05 0.14375
48 0.85312 0.33594 0.1375 0.16563
48 0.97344 0.33906 0.05312 0.13438
48 0.94219 0.29844 0.09063 0.14063
48 0.78906 0.46719 0.09688 0.13438
48 0.89688 0.42812 0.075 0.1
48 0.93906 0.45938 0.09062 0.13125
48 0.975 0.49062 0.05 0.13125
48 0.8625 0.50938 0.0875 0.075
48 0.92969 0.64844 0.12187 0.10312
48 0.87969 0.58125 0.12188 0.1625
48 0.87031 0.73594 0.09687 0.10313
48 0.96094 0.75625 0.07812 0.11875
48 0.11094 0.68125 0.22188 0.20625
48 0.03125 0.50156 0.0625 0.09688
48 0.16719 0.53125 0.25938 0.14375
48 0.01094 0.57812 0.02188 0.05
48 0.0875 0.38281 0.175 0.15938
48 0.20625 0.38906 0.0875 0.12188
48 0.07031 0.24688 0.14062 0.1125
48 0.08906 0.18125 0.11562 0.075
48 0.09531 0.08906 0.19062 0.13438
48 0.10781 0.01094 0.17812 0.02188
48 0.43594 0.12344 0.19062 0.17812
48 0.5875 0.16719 0.09375 0.14062
48 0.87344 0.01562 0.19688 0.03125
48 0.96094 0.07969 0.07812 0.15937
48 0.41406 0.25312 0.22812 0.11875
48 0.49062 0.52344 0.1 0.08438
48 0.4875 0.03594 0.0625 0.05938
