5 0.82812 0.03281 0.025 0.03438
5 0.69844 0.93438 0.04688 0.03125
5 0.64375 0.79688 0.025 0.0375
5 0.63125 0.71094 0.03125 0.04688
5 0.63438 0.65938 0.04375 0.05625
5 0.61719 0.85312 0.02812 0.0375
5 0.71406 0.78125 0.04063 0.04375
5 0.62187 0.81406 0.0375 0.05937
5 0.62969 0.89531 0.04688 0.04688
5 0.86719 0.03906 0.03438 0.05938
5 0.9 0.03594 0.025 0.04062
5 0.925 0.03594 0.025 0.04062
5 0.66562 0.46719 0.01875 0.03437
5 0.14844 0.13906 0.02813 0.04688
5 0.17188 0.14688 0.025 0.05
5 0.19375 0.15 0.01875 0.0375
5 0.20625 0.06875 0.025 0.04375
5 0.23438 0.075 0.025 0.05
5 0.25781 0.07656 0.02187 0.04062
5 0.28281 0.08438 0.02188 0.04375
5 0.16406 0.06562 0.02813 0.04375
48 0.88906 0.97344 0.22188 0.05312
48 0.45312 0.98906 0.1875 0.02187
5 0.70469 0.96406 0.04688 0.02813
5 0.73594 0.9875 0.05312 0.025
48 0.01875 0.625 0.0375 0.1375
48 0.3125 0.67656 0.36875 0.17188
48 0.85938 0.775 0.28125 0.35
48 0.97344 0.27656 0.05312 0.15938
48 0.99531 0.0875 0.00938 0.175
48 0.15313 0.28438 0.30625 0.2625
48 0.87812 0.44844 0.24375 0.37812
53 0.20938 0.15313 0.33125 0.24375
5 0.65469 0.56563 0.02812 0.04375
5 0.6875 0.50781 0.03125 0.07187
48 0.10938 0.96562 0.10625 0.06875
48 0.29844 0.98438 0.12812 0.03125
51 0.3125 0.04688 0.45625 0.09375
5 0.65 0.75938 0.025 0.05
5 0.65312 0.6125 0.025 0.0375
48 0.00312 0.94219 0.00625 0.11562
5 0.47344 0.40469 0.02187 0.05313
5 0.42031 0.4 0.04688 0.05625
5 0.68281 0.37656 0.02813 0.05938
5 0.65938 0.51562 0.01875 0.04375
