48 0.82969 0.3625 0.25313 0.14375
48 0.35938 0.99688 0.19375 0.00625
48 0.15625 0.4875 0.225 0.26875
48 0.23594 0.75469 0.32187 0.25312
48 0.89375 0.59062 0.2125 0.25625
48 0.70781 0.07969 0.23438 0.15937
48 0.72344 0.51719 0.12188 0.10312
48 0.68906 0.58438 0.14687 0.1375
48 0.56406 0.77344 0.17812 0.14062
48 0.50313 0.85938 0.16875 0.1625
48 0.44062 0.95 0.18125 0.1
48 0.37344 0.54375 0.25938 0.21875
48 0.03438 0.93281 0.06875 0.12812
48 0.09688 0.97656 0.19375 0.04688
48 0.025 0.98438 0.05 0.03125
48 0.775 0.99375 0.36875 0.0125
48 0.17656 0.00312 0.12812 0.00625
48 0.05 0.1375 0.1 0.1
48 0.1625 0.15781 0.125 0.14062
48 0.03281 0.38281 0.06562 0.16563
48 0.47812 0.27969 0.1125 0.10312
48 0.43125 0.19062 0.09375 0.1125
48 0.32969 0.17969 0.12812 0.17188
48 0.04844 0.55469 0.09688 0.10938
5 0.25156 0.27187 0.04062 0.025
5 0.29844 0.34531 0.04688 0.02813
5 0.36094 0.36875 0.04688 0.025
5 0.46406 0.4125 0.05938 0.03125
5 0.51719 0.43125 0.05938 0.03125
5 0.69062 0.28125 0.025 0.0375
5 0.11094 0.83438 0.05313 0.025
5 0.04531 0.79844 0.05312 0.03438
5 0.00312 0.775 0.00625 0.025
48 0.80781 0.72812 0.36562 0.39375
48 0.29844 0.0375 0.15937 0.075
48 0.49219 0.00312 0.07187 0.00625
48 0.925 0.20156 0.1375 0.11563
48 0.65469 0.16406 0.14062 0.08438
48 0.77344 0.02031 0.18437 0.04062
48 0.55937 0.03438 0.1375 0.06875
5 0.2 0.25625 0.04375 0.025
