48 0.39531 0.93125 0.26562 0.1375
48 0.8125 0.50156 0.1 0.10312
48 0.70156 0.66875 0.10313 0.11875
48 0.7375 0.80781 0.08125 0.10313
48 0.79531 0.81406 0.08437 0.06563
48 0.60781 0.775 0.07188 0.0625
48 0.87656 0.83125 0.09062 0.08125
48 0.66094 0.76562 0.07188 0.05625
48 0.72656 0.75 0.06563 0.04375
48 0.65781 0.83438 0.09688 0.09375
48 0.83125 0.86875 0.10625 0.10625
48 0.84375 0.74375 0.1 0.09375
48 0.79688 0.71719 0.1 0.08437
48 0.99688 0.74375 0.00625 0.0875
48 0.98438 0.77188 0.03125 0.06875
48 0.97344 0.79062 0.05312 0.0625
48 0.91094 0.65312 0.09687 0.10625
48 0.93906 0.51719 0.12187 0.08437
48 0.81875 0.65938 0.11875 0.08125
48 0.90156 0.57344 0.08437 0.07188
48 0.97969 0.61875 0.04063 0.075
48 0.9625 0.67344 0.075 0.08437
48 0.94375 0.73906 0.1125 0.11562
48 0.84062 0.59375 0.1125 0.0875
48 0.72656 0.57969 0.09688 0.07812
48 0.9875 0.54531 0.025 0.09062
48 0.71406 0.14531 0.09687 0.07187
48 0.62656 0.05312 0.09688 0.10625
48 0.57969 0.03594 0.07812 0.07187
48 0.85156 0.17969 0.14688 0.07812
48 0.8125 0.23281 0.11875 0.05938
48 0.96719 0.26875 0.06563 0.05625
48 0.88906 0.3625 0.10313 0.08125
48 0.87344 0.25625 0.06563 0.06875
48 0.81406 0.27656 0.09062 0.05938
48 0.95 0.10781 0.0875 0.07812
48 0.98438 0.4125 0.03125 0.0625
48 0.9875 0.45156 0.025 0.04688
48 0.94375 0.43594 0.06875 0.05938
48 0.77031 0.02656 0.07812 0.05312
48 0.65625 0.00156 0.09375 0.00312
5 0.39219 0.06406 0.02813 0.04063
48 0.70312 0.02344 0.06875 0.04688
48 0.71875 0.07656 0.11875 0.08438
48 0.83125 0.01719 0.06875 0.03438
48 0.99688 0.14219 0.00625 0.10312
48 0.89688 0.03438 0.125 0.06875
48 0.86562 0.10469 0.08125 0.09062
48 0.99531 0.225 0.00938 0.0625
48 0.94687 0.175 0.06875 0.08125
48 0.06719 0.69531 0.13438 0.17813
48 0.15937 0.76562 0.06875 0.0625
48 0.02031 0.83125 0.04062 0.0875
48 0.00938 0.90625 0.01875 0.125
48 0.05469 0.86406 0.07187 0.08437
48 0.13438 0.8375 0.1 0.1
48 0.20469 0.96094 0.09687 0.07812
48 0.21094 0.84375 0.08437 0.1
48 0.61562 0.73281 0.05 0.04688
48 0.2 0.62187 0.0375 0.025
48 0.17812 0.69844 0.0375 0.04063
48 0.19531 0.71406 0.03437 0.02813
48 0.35469 0.80781 0.02187 0.02813
48 0.42812 0.84531 0.025 0.02812
48 0.54375 0.83906 0.0375 0.02813
5 0.32031 0.7625 0.02187 0.01875
5 0.375 0.03906 0.03125 0.04688
5 0.39531 0.14531 0.02187 0.04688
5 0.15 0.6875 0.03125 0.0375
5 0.08594 0.63281 0.02813 0.02188
5 0.11719 0.65156 0.03437 0.03437
48 0.11875 0.10469 0.1875 0.20938
48 0.04375 0.32188 0.0875 0.24375
48 0.20156 0.33125 0.11563 0.11875
48 0.17344 0.45312 0.16562 0.1375
48 0.06406 0.06719 0.12812 0.13438
48 0.57031 0.35781 0.16562 0.14062
48 0.39688 0.64844 0.275 0.19063
