5 0.07031 0.02031 0.02813 0.04062
5 0.09219 0.02031 0.02812 0.04062
5 0.11875 0.01562 0.03125 0.03125
53 0.10938 0.08125 0.11875 0.1625
48 0.24688 0.075 0.21875 0.15
48 0.42656 0.02812 0.20312 0.05625
48 0.65 0.03594 0.16875 0.07187
5 0.02344 0.99219 0.04688 0.01562
5 0.10469 0.98438 0.04062 0.03125
5 0.42031 0.58906 0.02188 0.04688
5 0.37344 0.6 0.02813 0.05
5 0.1 0.41562 0.025 0.04375
5 0.08594 0.35469 0.02813 0.04688
48 0.27969 0.24375 0.20938 0.225
48 0.31719 0.45938 0.20312 0.23125
48 0.1375 0.9 0.1875 0.18125
48 0.25 0.96406 0.2 0.07188
48 0.71719 0.08438 0.10313 0.05625
48 0.46719 0.10156 0.10313 0.07188
48 0.48906 0.225 0.17812 0.0875
48 0.475 0.15937 0.16875 0.09375
48 0.7 0.14687 0.14375 0.0875
48 0.68281 0.23281 0.10313 0.09063
48 0.76562 0.22188 0.06875 0.09375
48 0.95781 0.125 0.08437 0.06875
48 0.97188 0.1875 0.05625 0.04375
48 0.97188 0.34219 0.05625 0.20312
48 0.8875 0.24062 0.0875 0.25
48 0.46875 0.32031 0.10625 0.09688
48 0.50313 0.43906 0.15 0.10938
48 0.725 0.34375 0.15625 0.10625
48 0.57969 0.51719 0.05937 0.05312
48 0.59062 0.47344 0.09375 0.12812
48 0.71406 0.46719 0.09687 0.12812
48 0.75 0.56094 0.18125 0.07188
48 0.76719 0.62656 0.20937 0.10313
48 0.55156 0.59062 0.15937 0.0875
48 0.56406 0.65625 0.15938 0.0875
48 0.78125 0.72812 0.2 0.14375
48 0.57031 0.73281 0.16562 0.09688
48 0.5875 0.79531 0.1625 0.08437
48 0.8125 0.90469 0.2 0.14062
48 0.58906 0.87031 0.16563 0.10938
48 0.625 0.93594 0.1 0.08437
48 0.55312 0.95781 0.08125 0.08437
48 0.80156 0.98906 0.12812 0.02187
