48 0.10938 0.15156 0.15625 0.14062
48 0.10938 0.05156 0.1625 0.10312
48 0.10312 0.26094 0.15625 0.10312
48 0.97656 0.9875 0.04688 0.025
48 0.80312 0.98594 0.09375 0.02812
48 0.70625 0.98438 0.0875 0.03125
48 0.99688 0.83594 0.00625 0.15938
48 0.94531 0.83438 0.09062 0.15
48 0.84688 0.83594 0.1 0.15938
48 0.74063 0.82969 0.1 0.15312
48 0.97344 0.50469 0.05312 0.14062
48 0.8875 0.5 0.10625 0.15625
48 0.78125 0.50469 0.11875 0.15313
48 0.66875 0.5 0.1125 0.1625
48 0.55937 0.49219 0.10625 0.15312
48 0.97656 0.37031 0.04688 0.13438
48 0.67813 0.35469 0.1 0.12188
5 0.925 0.29844 0.03125 0.02813
48 0.89688 0.35938 0.10625 0.125
48 0.57812 0.35156 0.1 0.10938
48 0.9875 0.01562 0.025 0.03125
48 0.78906 0.35781 0.10312 0.13437
48 0.62344 0.08906 0.09688 0.12188
48 0.59844 0.68438 0.09687 0.1125
48 0.83438 0.09844 0.10625 0.12812
48 0.84531 0.68906 0.10938 0.12187
48 0.32656 0.50625 0.11563 0.125
48 0.6375 0.80625 0.1 0.13125
48 0.91406 0.98438 0.09062 0.03125
48 0.99844 0.7 0.00313 0.1125
48 0.99688 0.15625 0.00625 0.1375
48 0.25938 0.10781 0.125 0.15937
48 0.71406 0.08594 0.11562 0.14062
48 0.93594 0.12188 0.10313 0.14375
48 0.74688 0.69219 0.1 0.11562
48 0.95469 0.69844 0.09062 0.10938
