5 0.89844 0.03281 0.02188 0.03438
5 0.92188 0.0375 0.01875 0.03125
5 0.94531 0.03594 0.02188 0.03438
53 0.94219 0.03906 0.11562 0.07187
48 0.76406 0.21719 0.09688 0.13438
48 0.98438 0.20156 0.03125 0.16562
5 0.9625 0.04531 0.025 0.04062
5 0.98594 0.05156 0.02187 0.03438
5 0.99844 0.05 0.00313 0.0375
5 0.89219 0.20312 0.02812 0.04375
5 0.82187 0.25781 0.05625 0.02187
48 0.26562 0.8625 0.41875 0.275
5 0.57344 0.59844 0.01562 0.04688
5 0.56875 0.53438 0.03125 0.04375
48 0.45625 0.57656 0.275 0.30937
5 0.98906 0.25156 0.02187 0.01563
5 0.58906 0.53281 0.01562 0.04063
48 0.25625 0.5625 0.28125 0.39375
48 0.80156 0.65156 0.39688 0.69688
48 0.40156 0.21719 0.53437 0.30313
5 0.65312 0.46094 0.01875 0.04063
5 0.91875 0.20156 0.0375 0.02813
5 0.63906 0.45781 0.02187 0.04063
5 0.81562 0.22813 0.05625 0.0375
5 0.86406 0.20156 0.02813 0.04062
