48 0.95469 0.98906 0.09062 0.02187
48 0.92969 0.42188 0.14062 0.25
48 0.89688 0.28438 0.11875 0.06875
48 0.87031 0.55781 0.09063 0.05938
48 0.87812 0.59219 0.075 0.04063
48 0.90156 0.62344 0.08437 0.06563
48 0.78438 0.52969 0.06875 0.04688
48 0.83281 0.18125 0.18438 0.10625
48 0.10312 0.14688 0.20625 0.09375
48 0.10312 0.28125 0.13125 0.0625
48 0.40625 0.38281 0.1 0.10313
48 0.25781 0.34375 0.12187 0.0875
48 0.12344 0.39219 0.13438 0.07812
48 0.09531 0.55 0.07188 0.0625
48 0.46562 0.6 0.11875 0.075
48 0.96406 0.86094 0.07188 0.08437
48 0.95781 0.91562 0.08437 0.0625
48 0.88125 0.79688 0.0875 0.05625
48 0.98906 0.58594 0.02187 0.09688
48 0.71875 0.62187 0.0625 0.03125
48 0.98594 0.11719 0.02812 0.09063
48 0.82969 0.86719 0.10313 0.04688
48 0.90156 0.83281 0.06562 0.05312
48 0.9625 0.61094 0.05625 0.08437
48 0.58438 0.24375 0.21875 0.125
48 0.7375 0.66406 0.1375 0.09688
48 0.70625 0.54531 0.08125 0.05312
48 0.72188 0.58594 0.075 0.04062
48 0.64688 0.13906 0.125 0.07812
48 0.09531 0.68281 0.12188 0.10313
48 0.12344 0.32812 0.09688 0.05625
48 0.20312 0.29219 0.1 0.06562
48 0.70781 0.49531 0.19062 0.10313
48 0.625 0.32812 0.2125 0.1375
48 0.66562 0.39844 0.1875 0.15312
48 0.29531 0.96719 0.59062 0.06563
48 0.33281 0.74688 0.12188 0.06875
48 0.37187 0.79219 0.1375 0.12188
48 0.19844 0.85625 0.13438 0.10625
48 0.47969 0.8 0.11562 0.10625
48 0.21406 0.54844 0.12813 0.08437
48 0.27656 0.21875 0.12813 0.05
5 0.82188 0.7375 0.05 0.03125
5 0.27812 0.93438 0.04375 0.025
5 0.63281 0.55469 0.03438 0.04062
48 0.52812 0.65625 0.1375 0.0875
48 0.00312 0.73594 0.00625 0.14062
5 0.4625 0.86406 0.05 0.03437
5 0.34531 0.29531 0.04688 0.03437
5 0.36875 0.89688 0.05 0.025
5 0.87656 0.71719 0.05312 0.02812
8 0.58594 0.81875 0.06563 0.075
5 0.475 0.9125 0.04375 0.025
5 0.84531 0.83906 0.04688 0.02813
53 0.57812 0.95625 0.23125 0.0875
5 0.45312 0.20469 0.04375 0.04688
5 0.27812 0.93281 0.05 0.03437
48 0.40625 0.52188 0.15625 0.09375
5 0.55781 0.93438 0.03437 0.0375
5 0.43125 0.15313 0.03125 0.03125
48 0.30938 0.26875 0.1375 0.05
5 0.96875 0.6875 0.05 0.0375
5 0.49844 0.85469 0.04063 0.02813
5 0.84219 0.98438 0.03438 0.03125
48 0.27969 0.15 0.07812 0.0875
48 0.86875 0.91875 0.08125 0.08125
5 0.34062 0.93594 0.05625 0.03438
