5 0.81719 0.29531 0.04063 0.04062
5 0.00625 0.41562 0.0125 0.03125
5 0.02969 0.09219 0.02812 0.02812
5 0.09062 0.1375 0.03125 0.025
48 0.20625 0.07656 0.06875 0.05938
48 0.17656 0.175 0.06563 0.1
48 0.21094 0.27187 0.07188 0.09375
5 0.7125 0.39219 0.01875 0.02188
5 0.02969 0.29531 0.04688 0.03437
5 0.28281 0.4875 0.03437 0.01875
5 0.10625 0.38906 0.0375 0.04062
6 0.89531 0.99844 0.11562 0.00313
48 0.20312 0.97188 0.13125 0.05625
48 0.26562 0.95625 0.11875 0.0875
48 0.21406 0.84688 0.24062 0.19375
5 0.71406 0.90469 0.04688 0.04063
6 0.00312 0.05625 0.00625 0.05
6 0.54375 0.775 0.0875 0.0625
48 0.9375 0.84531 0.125 0.24062
48 0.94531 0.62969 0.10938 0.20937
48 0.79219 0.15625 0.41562 0.3125
5 0.6625 0.92656 0.03125 0.02813
5 0.02188 0.02656 0.01875 0.03437
48 0.35312 0.95156 0.11875 0.09688
48 0.07969 0.84688 0.15937 0.30625
5 0.69688 0.70156 0.03125 0.03438
6 0.375 0.56719 0.1125 0.08437
