48 0.0125 0.45469 0.025 0.16562
48 0.00469 0.61406 0.00938 0.17188
48 0.02344 0.24062 0.04688 0.16875
48 0.02344 0.07656 0.04688 0.15313
48 0.05 0.61875 0.1 0.1625
48 0.03281 0.94062 0.06562 0.11875
5 0.88594 0.72188 0.04688 0.0375
5 0.50938 0.36562 0.05 0.01875
48 0.89844 0.10938 0.06563 0.08125
48 0.90469 0.0125 0.07812 0.025
48 0.64062 0.10781 0.14375 0.17188
48 0.82656 0.01562 0.10313 0.03125
48 0.07812 0.08125 0.0875 0.15625
48 0.15625 0.09219 0.1 0.16562
48 0.24062 0.0875 0.08125 0.16875
48 0.07656 0.23906 0.08438 0.15937
48 0.15 0.25 0.0875 0.16875
48 0.22656 0.24688 0.09062 0.175
48 0.29844 0.24844 0.07812 0.17813
48 0.30781 0.08438 0.07188 0.15625
48 0.38281 0.09375 0.10313 0.1875
48 0.45938 0.09688 0.075 0.175
48 0.53594 0.1 0.09687 0.16875
48 0.62813 0.27187 0.1375 0.1625
48 0.45469 0.24844 0.09063 0.11563
48 0.53438 0.24219 0.08125 0.12813
48 0.05938 0.43281 0.09375 0.11562
48 0.13281 0.43437 0.09063 0.1125
48 0.2 0.44219 0.1 0.12188
48 0.28594 0.46875 0.09687 0.16875
48 0.36094 0.48125 0.08438 0.16875
48 0.43281 0.45625 0.09687 0.125
48 0.63906 0.50469 0.11562 0.16563
48 0.52188 0.48594 0.11875 0.19687
48 0.12656 0.66562 0.10312 0.11875
48 0.14062 0.53906 0.0875 0.14688
48 0.21875 0.62031 0.1 0.21563
48 0.30469 0.63906 0.09062 0.17188
48 0.37969 0.64219 0.09687 0.18437
48 0.45938 0.64688 0.1 0.1625
48 0.54219 0.65469 0.09063 0.19063
48 0.62813 0.6625 0.13125 0.1875
48 0.9625 0.03438 0.075 0.06875
48 0.95938 0.10156 0.08125 0.09687
48 0.81875 0.09844 0.1125 0.07813
48 0.85312 0.03594 0.18125 0.07187
48 0.95625 0.17812 0.0875 0.1125
48 0.96406 0.26094 0.07188 0.09688
48 0.95781 0.33594 0.08437 0.10313
48 0.96094 0.42188 0.07812 0.1
48 0.83281 0.28906 0.17812 0.07812
48 0.83125 0.23125 0.19375 0.09375
48 0.84062 0.17031 0.15625 0.09063
48 0.83906 0.35781 0.16563 0.07812
48 0.95469 0.53125 0.09062 0.15625
48 0.83594 0.40625 0.17188 0.06875
48 0.82812 0.46406 0.16875 0.07813
48 0.82969 0.52812 0.18437 0.1
48 0.82812 0.6375 0.1875 0.175
48 0.82344 0.95156 0.12188 0.09688
48 0.91094 0.94062 0.09687 0.11875
48 0.60781 0.87812 0.15312 0.15625
48 0.97812 0.77969 0.04375 0.15938
48 0.92344 0.79531 0.12813 0.11562
48 0.83125 0.82812 0.1125 0.1125
48 0.78594 0.875 0.07812 0.1
48 0.84219 0.88906 0.07188 0.06563
48 0.92031 0.85469 0.11562 0.06562
48 0.83906 0.99062 0.12188 0.01875
48 0.95938 0.90312 0.08125 0.1
48 0.96406 0.97031 0.07188 0.05937
48 0.98594 0.91406 0.02812 0.17188
48 0.41562 0.90781 0.10625 0.14687
48 0.49531 0.87188 0.08437 0.08125
48 0.5 0.93594 0.075 0.05937
48 0.25156 0.89062 0.09063 0.1
48 0.33438 0.8875 0.075 0.09375
48 0.17344 0.92031 0.08438 0.08437
48 0.09531 0.9375 0.09687 0.125
48 0.26406 0.96562 0.18438 0.06875
48 0.36719 0.23281 0.09062 0.10937
