48 0.40625 0.94219 0.2875 0.11562
5 0.23594 0.55781 0.02813 0.05312
5 0.21406 0.85469 0.03438 0.05312
5 0.04062 0.7875 0.05625 0.025
5 0.85938 0.45938 0.05 0.025
48 0.67031 0.37813 0.21562 0.175
48 0.69687 0.76562 0.24375 0.19375
48 0.725 0.55625 0.31875 0.18125
48 0.71562 0.9375 0.3 0.125
5 0.19531 0.15313 0.02187 0.05
5 0.01094 0.18438 0.02188 0.03125
5 0.20156 0.34531 0.03437 0.05313
48 0.3875 0.22031 0.25625 0.15937
48 0.68438 0.14375 0.3 0.2875
5 0.75312 0.45938 0.05625 0.03125
48 0.96562 0.43594 0.06875 0.32188
48 0.39531 0.46562 0.30938 0.33125
48 0.96094 0.18594 0.07812 0.20312
48 0.08281 0.31875 0.16562 0.1875
48 0.40625 0.76719 0.325 0.19063
48 0.08125 0.9375 0.1625 0.125
48 0.08125 0.09219 0.1625 0.18438
48 0.08125 0.49688 0.1625 0.19375
48 0.38125 0.06562 0.29375 0.13125
48 0.98906 0.78125 0.02187 0.25625
48 0.07969 0.70156 0.15937 0.19063
