5 0.825 0.26719 0.03125 0.04062
48 0.09062 0.90938 0.18125 0.15
48 0.1625 0.9625 0.225 0.075
48 0.49844 0.95781 0.24063 0.08437
48 0.93438 0.97031 0.13125 0.05937
48 0.79062 0.9125 0.14375 0.13125
48 0.65156 0.97031 0.11562 0.05937
48 0.70781 0.95938 0.08437 0.08125
48 0.375 0.93906 0.2 0.12187
48 0.47344 0.87812 0.15937 0.10625
48 0.30312 0.78125 0.225 0.20625
48 0.57656 0.80469 0.17188 0.12813
48 0.64219 0.89062 0.17812 0.11875
48 0.45312 0.77969 0.10625 0.09688
48 0.66562 0.74219 0.15 0.10938
48 0.37812 0.55156 0.18125 0.13438
48 0.30312 0.60312 0.20625 0.125
48 0.48125 0.49531 0.16875 0.12188
48 0.66719 0.63906 0.15313 0.13438
48 0.78125 0.70781 0.2 0.16563
48 0.97188 0.8125 0.05625 0.0625
48 0.94844 0.68594 0.10313 0.19063
48 0.98438 0.36094 0.03125 0.15313
48 0.9375 0.29844 0.125 0.16562
48 0.80312 0.35625 0.26875 0.225
48 0.02812 0.78594 0.05625 0.17188
48 0.14062 0.67656 0.18125 0.16563
48 0.7125 0.57656 0.1125 0.12187
48 0.86875 0.60156 0.16875 0.22188
48 0.04688 0.87344 0.09375 0.13438
48 0.55312 0.43437 0.14375 0.15625
48 0.675 0.39844 0.23125 0.22188
48 0.49062 0.6625 0.29375 0.2
48 0.85781 0.85625 0.11562 0.1
48 0.89844 0.77969 0.17813 0.20937
48 0.87031 0.25781 0.10938 0.12813
48 0.925 0.20469 0.15 0.14688
48 0.96094 0.14844 0.07812 0.15313
