9 0.99375 0.82031 0.0125 0.14688
56 0.7 0.50938 0.21875 0.39375
11 0.06094 0.31406 0.09062 0.17188
56 0.01562 0.39375 0.03125 0.38125
56 0.21562 0.38281 0.325 0.53438
56 0.02188 0.09375 0.04375 0.1875
56 0.43906 0.02031 0.32187 0.04062
56 0.71719 0.07656 0.08437 0.15313
56 0.8 0.20625 0.1875 0.175
56 0.50313 0.41562 0.1625 0.2875
56 0.37656 0.85938 0.15313 0.075
56 0.02812 0.74375 0.05625 0.28125
56 0.13438 0.76562 0.15 0.1875
56 0.24844 0.83125 0.09063 0.10625
56 0.96875 0.9625 0.0625 0.075
56 0.84844 0.93281 0.20937 0.13438
56 0.63125 0.89844 0.2625 0.15312
56 0.92969 0.42656 0.14062 0.82812
56 0.94219 0.56406 0.09687 0.14062
