5 0.24688 0.71875 0.0375 0.05625
5 0.3625 0.52812 0.05625 0.0375
5 0.50938 0.9375 0.04375 0.06875
5 0.33281 0.59062 0.04688 0.025
48 0.32344 0.87656 0.19062 0.14062
48 0.52188 0.3625 0.18125 0.1875
5 0.22031 0.7 0.05313 0.05625
10 0.50938 0.08125 0.0625 0.03125
5 0.02188 0.65 0.04375 0.03125
48 0.74219 0.71875 0.33438 0.5125
8 0.925 0.40156 0.05 0.05938
5 0.40312 0.17344 0.075 0.02813
5 0.01562 0.61563 0.03125 0.025
5 0.00938 0.58125 0.01875 0.03125
5 0.01562 0.92188 0.03125 0.0375
48 0.00469 0.94219 0.00938 0.11562
48 0.89375 0.19688 0.2125 0.39375
48 0.52812 0.00781 0.28125 0.01562
48 0.27656 0.99375 0.15938 0.0125
5 0.34844 0.55469 0.04063 0.05313
5 0.80625 0.47969 0.06875 0.05312
48 0.00781 0.6125 0.01562 0.2625
48 0.63594 0.09688 0.19062 0.14375
5 0.825 0.92656 0.0625 0.05938
48 0.28281 0.95781 0.20313 0.08437
48 0.01719 0.99219 0.03438 0.01562
5 0.02656 0.68125 0.05312 0.0375
48 0.41094 0.64531 0.22188 0.22813
5 0.55156 0.94062 0.04688 0.05625
