5 0.98594 0.93438 0.02812 0.025
5 0.69219 0.92969 0.04063 0.02188
5 0.41562 0.92344 0.04375 0.02812
48 0.60312 0.15 0.15625 0.11875
48 0.66562 0.71562 0.24375 0.3
48 0.92812 0.52344 0.10625 0.12187
48 0.475 0.61094 0.1 0.07188
48 0.99062 0.17188 0.01875 0.16875
48 0.1875 0.73281 0.1125 0.14687
48 0.1125 0.70469 0.0875 0.11562
48 0.32344 0.46406 0.05312 0.12188
48 0.36094 0.32188 0.05313 0.0875
48 0.76875 0.16562 0.075 0.10625
48 0.17656 0.64375 0.14062 0.0625
48 0.40312 0.47344 0.0375 0.10937
48 0.94688 0.6875 0.05 0.075
48 0.18594 0.57031 0.14688 0.05313
48 0.19375 0.28906 0.11875 0.07188
48 0.83125 0.17656 0.0625 0.11562
48 0.98906 0.39531 0.02187 0.11562
5 0.70469 0.5375 0.02812 0.04375
48 0.59688 0.01406 0.1 0.02812
48 0.8125 0.39062 0.03125 0.1125
5 0.29375 0.94375 0.04375 0.025
48 0.87812 0.17031 0.05 0.12188
48 0.98438 0.69062 0.03125 0.0875
48 0.68438 0.36719 0.05 0.15312
5 0.46875 0.95781 0.05625 0.02813
5 0.35781 0.95 0.04062 0.025
48 0.91719 0.02656 0.12188 0.05312
48 0.31875 0.76875 0.0625 0.0625
48 0.22813 0.37344 0.15625 0.04062
5 0.6 0.91406 0.05 0.02812
48 0.44219 0.475 0.04063 0.11875
48 0.40156 0.33906 0.05312 0.14062
48 0.47188 0.70156 0.1 0.10938
48 0.17812 0.40625 0.11875 0.05
48 0.21875 0.05781 0.14375 0.05938
48 0.275 0.29063 0.04375 0.06875
48 0.77812 0.38281 0.0375 0.10938
48 0.40781 0.15469 0.14688 0.09688
48 0.41406 0.06875 0.14062 0.06875
48 0.25938 0.49688 0.08125 0.0375
48 0.61406 0.35938 0.06562 0.1125
48 0.73438 0.38125 0.05 0.10625
48 0.775 0.5 0.1875 0.05625
48 0.1625 0.48906 0.125 0.05312
48 0.63438 0.51562 0.075 0.1
48 0.59062 0.05 0.1 0.05625
48 0.925 0.17812 0.08125 0.1375
48 0.39062 0.76406 0.08125 0.12187
48 0.17031 0.44844 0.11562 0.01562
48 0.47344 0.33281 0.09063 0.10938
48 0.98438 0.81562 0.03125 0.14375
48 0.90625 0.79062 0.10625 0.1375
48 0.85156 0.67031 0.04688 0.04688
48 0.14375 0.6 0.0625 0.04375
48 0.29063 0.625 0.10625 0.13125
48 0.5625 0.47969 0.05 0.10313
48 0.57656 0.32969 0.04688 0.09687
48 0.70781 0.16094 0.07188 0.10938
48 0.39844 0.63125 0.05312 0.1
48 0.2625 0.45 0.06875 0.04375
48 0.19531 0.33281 0.14687 0.03437
48 0.93281 0.39375 0.07812 0.11875
48 0.89844 0.66562 0.07812 0.0875
48 0.86094 0.39219 0.05312 0.12188
48 0.21719 0.13281 0.17187 0.08438
48 0.31719 0.31406 0.04063 0.14688
48 0.20938 0.01875 0.14375 0.0375
48 0.48906 0.47812 0.03437 0.11875
