48 0.98438 0.5125 0.03125 0.10625
48 0.95938 0.55469 0.08125 0.08438
48 0.23594 0.00625 0.19687 0.0125
48 0.25469 0.27812 0.33438 0.3625
48 0.29531 0.45469 0.44062 0.35312
56 0.95625 0.10156 0.0875 0.13438
48 0.49844 0.05156 0.24687 0.10312
56 0.94062 0.19531 0.11875 0.09687
56 0.8875 0.26406 0.1125 0.11563
56 0.81875 0.33906 0.11875 0.07812
48 0.41875 0.68125 0.39375 0.30625
5 0.25781 0.77344 0.05312 0.03438
48 0.18594 0.82031 0.20938 0.15938
48 0.31562 0.95 0.21875 0.1
48 0.76562 0.81719 0.09375 0.06562
48 0.72031 0.90781 0.12813 0.13438
48 0.81875 0.99375 0.14375 0.0125
48 0.64531 0.98594 0.18438 0.02812
48 0.83281 0.92188 0.14687 0.13125
5 0.96562 0.69531 0.05 0.02188
