48 0.37969 0.14219 0.06562 0.12188
48 0.6875 0.5375 0.08125 0.2125
48 0.23906 0.65938 0.12812 0.1
48 0.29063 0.44375 0.175 0.11875
48 0.53438 0.12969 0.10625 0.07813
48 0.8875 0.08125 0.1875 0.09375
48 0.56719 0.00156 0.09687 0.00312
48 0.23125 0.20312 0.0375 0.05625
48 0.80781 0.55 0.06562 0.19375
48 0.30625 0.10625 0.05625 0.05625
48 0.50781 0.24375 0.10938 0.1
48 0.42344 0.45 0.12812 0.0875
48 0.55937 0.83594 0.18125 0.11563
48 0.28594 0.85156 0.12187 0.12187
48 0.9625 0.7125 0.075 0.2
48 0.73594 0.55 0.07188 0.2125
5 0.41875 0.94844 0.04375 0.02187
48 0.22812 0.13906 0.04375 0.07812
48 0.50313 0.04688 0.2125 0.09375
48 0.44688 0.59219 0.15 0.11562
48 0.27656 0.03906 0.10938 0.07812
48 0.91094 0.02031 0.15313 0.04062
48 0.60625 0.17969 0.14375 0.25313
48 0.40156 0.66562 0.15937 0.1
48 0.90156 0.57656 0.12188 0.19062
48 0.76406 0.00625 0.13438 0.0125
48 0.57187 0.52656 0.1625 0.24688
48 0.6125 0.70625 0.3 0.15625
