48 0.48125 0.95156 0.1 0.09688
48 0.00312 0.03281 0.00625 0.06562
48 0.57344 0.91562 0.13438 0.16875
5 0.63594 0.97031 0.01562 0.03438
48 0.68281 0.77812 0.09687 0.1
48 0.69844 0.90156 0.10313 0.19688
48 0.00625 0.84219 0.0125 0.31563
48 0.11094 0.74531 0.22188 0.32812
48 0.40156 0.68438 0.12188 0.11875
48 0.27656 0.1875 0.17188 0.15
48 0.96562 0.225 0.06875 0.125
48 0.00938 0.12031 0.01875 0.17188
48 0.07812 0.16875 0.125 0.13125
48 0.75312 0.29844 0.1625 0.21562
48 0.81406 0.07031 0.12187 0.14062
48 0.47969 0.54219 0.15937 0.14687
48 0.40938 0.05625 0.11875 0.1125
48 0.55 0.22344 0.2 0.15312
48 0.06094 0.85625 0.12188 0.14375
48 0.4125 0.20937 0.10625 0.09375
48 0.21406 0.52812 0.10938 0.09375
48 0.22969 0.03906 0.11562 0.07812
48 0.32188 0.4375 0.64375 0.3375
48 0.27969 0.66406 0.19688 0.24063
48 0.09375 0.05 0.11875 0.1
48 0.9625 0.59375 0.075 0.15
48 0.15156 0.66094 0.18438 0.24688
48 0.625 0.06094 0.125 0.12188
48 0.14688 0.30469 0.16875 0.17188
48 0.88437 0.26875 0.13125 0.13125
48 0.05938 0.95 0.11875 0.1
48 0.63906 0.49219 0.14062 0.12813
48 0.9875 0.06875 0.025 0.13125
48 0.42812 0.44375 0.13125 0.1125
