48 0.55469 0.70625 0.30313 0.19375
48 0.49687 0.86719 0.15625 0.16562
48 0.76719 0.70781 0.15938 0.14687
48 0.50781 0.09375 0.22188 0.1875
48 0.68125 0.10312 0.18125 0.20625
48 0.21406 0.39219 0.20312 0.24688
48 0.02812 0.07344 0.05625 0.14688
48 0.10312 0.0875 0.175 0.175
48 0.24219 0.09844 0.15938 0.19688
48 0.08281 0.43125 0.16562 0.20625
48 0.01562 0.425 0.03125 0.21875
48 0.08594 0.25312 0.17188 0.225
48 0.85625 0.47188 0.14375 0.16875
48 0.52344 0.45 0.20312 0.16875
48 0.70781 0.47031 0.17812 0.17812
48 0.55625 0.32969 0.25625 0.15313
48 0.54375 0.22344 0.28125 0.11562
48 0.93906 0.38594 0.12187 0.27812
48 0.775 0.31562 0.2125 0.175
48 0.77812 0.14844 0.125 0.19688
48 0.91719 0.20625 0.16563 0.14375
48 0.99062 0.16094 0.01875 0.23438
48 0.23438 0.25781 0.1875 0.13438
48 0.04062 0.71875 0.08125 0.2
48 0.1625 0.7 0.25 0.2
48 0.24375 0.9 0.16875 0.2
48 0.07969 0.87656 0.15937 0.15312
48 0.10312 0.97031 0.14375 0.05937
5 0.79688 0.89688 0.0875 0.0625
5 0.79531 0.00312 0.07812 0.00625
5 0.33594 0.37969 0.04688 0.06562
5 0.75937 0.54688 0.05625 0.05
5 0.33906 0.20781 0.05312 0.05937
5 0.76562 0.61406 0.05625 0.02813
5 0.35 0.14062 0.04375 0.05625
5 0.99688 0.07031 0.00625 0.05938
8 0.34375 0.27187 0.0625 0.06875
5 0.33594 0.84531 0.04688 0.07188
5 0.32344 0.89688 0.03437 0.05
5 0.87188 0.61719 0.05 0.02812
