5 0.9625 0.81875 0.05 0.075
48 0.61406 0.83438 0.19688 0.11875
48 0.57031 0.97188 0.20938 0.05625
48 0.10469 0.40469 0.20938 0.13437
48 0.35312 0.29844 0.15625 0.09063
48 0.47344 0.01875 0.35312 0.0375
48 0.77656 0.78438 0.27813 0.14375
48 0.50625 0.78906 0.1 0.10938
48 0.06094 0.78438 0.12188 0.14375
48 0.19688 0.71875 0.175 0.1125
48 0.59688 0.43906 0.175 0.14062
48 0.19531 0.91719 0.20312 0.12188
48 0.17812 0.31094 0.15 0.10312
48 0.35625 0.16094 0.1125 0.14688
48 0.04375 0.88438 0.0875 0.125
48 0.31563 0.73906 0.08125 0.07188
48 0.78594 0.29063 0.18438 0.1875
48 0.61562 0.62187 0.23125 0.1125
48 0.05469 0.2875 0.10938 0.11875
48 0.70938 0.37812 0.275 0.1875
48 0.25938 0.83594 0.14375 0.10312
48 0.94844 0.00938 0.10313 0.01875
48 0.92969 0.5 0.14062 0.075
48 0.46094 0.93125 0.13437 0.0875
48 0.14844 0.12344 0.10312 0.06562
48 0.14688 0.07187 0.13125 0.0625
48 0.58906 0.94219 0.12812 0.11562
48 0.08594 0.60312 0.17188 0.1625
48 0.2375 0.22969 0.09375 0.11562
48 0.9125 0.54375 0.125 0.08125
48 0.07344 0.70312 0.14688 0.15
48 0.01875 0.56719 0.0375 0.11562
48 0.18906 0.6125 0.12812 0.1375
48 0.18906 0.52031 0.13437 0.10937
48 0.34062 0.53906 0.15 0.08438
48 0.36094 0.46875 0.14688 0.13125
48 0.08125 0.18438 0.14375 0.1375
48 0.16875 0.18281 0.10625 0.09688
48 0.86562 0.00312 0.14375 0.00625
48 0.84531 0.27187 0.14687 0.1375
48 0.89531 0.59375 0.14687 0.08125
48 0.74844 0.87031 0.25938 0.17188
48 0.08281 0.88438 0.07187 0.09375
48 0.60469 0.54688 0.28437 0.15
48 0.72188 0.46406 0.15625 0.12188
48 0.52656 0.69531 0.26563 0.12813
48 0.76562 0.94844 0.1875 0.10313
48 0.01875 0.65156 0.0375 0.14687
48 0.23594 0.4375 0.12188 0.10625
48 0.80781 0.58125 0.17188 0.13125
48 0.65 0.23281 0.1875 0.15313
48 0.00156 0.74531 0.00312 0.13438
48 0.07344 0.47812 0.14688 0.13125
48 0.23438 0.125 0.125 0.125
48 0.98594 0.94844 0.02812 0.10313
48 0.99688 0.77812 0.00625 0.13125
48 0.35156 0.24688 0.21562 0.13125
48 0.61094 0.7625 0.17188 0.075
48 0.49531 0.8875 0.20937 0.1
48 0.25156 0.75469 0.05313 0.05312
48 0.31719 0.62813 0.17188 0.175
48 0.65625 0.93906 0.125 0.12187
48 0.0875 0.95156 0.175 0.09688
48 0.34219 0.36719 0.22188 0.14062
48 0.97812 0.86094 0.04375 0.11562
48 0.82812 0.47969 0.11875 0.12812
48 0.30156 0.1375 0.11562 0.11875
48 0.82344 0.05625 0.15937 0.1125
48 0.9625 0.34375 0.075 0.13125
48 0.88281 0.40625 0.23438 0.1375
48 0.41719 0.19688 0.13438 0.1
48 0.42344 0.97812 0.10312 0.04375
48 0.15781 0.80781 0.15937 0.14062
48 0.94062 0.30469 0.11875 0.11562
48 0.21562 0.9875 0.10625 0.025
48 0.80781 0.66562 0.25312 0.10625
48 0.9125 0.0875 0.175 0.175
48 0.99062 0.03594 0.01875 0.07187
48 0.96719 0.99219 0.06563 0.01562
48 0.175 0.25156 0.1375 0.06562
48 0.71875 0.04375 0.18125 0.0875
6 0.99219 0.25938 0.01562 0.04375
8 0.48125 0.40312 0.0625 0.0875
