48 0.16406 0.67188 0.29063 0.175
48 0.55469 0.59219 0.12813 0.09062
48 0.83281 0.475 0.14062 0.08125
48 0.86563 0.56406 0.15 0.10313
48 0.90625 0.7625 0.1875 0.175
48 0.47969 0.77188 0.26563 0.10625
48 0.08281 0.95 0.10312 0.05625
48 0.42188 0.92969 0.225 0.12813
48 0.58594 0.89531 0.10938 0.06562
48 0.92656 0.96094 0.14687 0.07812
48 0.50313 0.39375 0.10625 0.0625
48 0.78281 0.30625 0.19688 0.14375
48 0.38125 0.33438 0.2125 0.1125
48 0.38438 0.41719 0.1375 0.05312
48 0.42656 0.475 0.20312 0.09375
48 0.20312 0.28906 0.15 0.08437
48 0.50469 0.31406 0.04063 0.04688
48 0.52969 0.525 0.08438 0.04375
48 0.55625 0.99531 0.2125 0.00938
5 0.65469 0.36406 0.03438 0.04063
