5 0.85156 0.75156 0.04688 0.02812
5 0.86094 0.54219 0.04063 0.01562
5 0.86875 0.49844 0.04375 0.02188
5 0.86875 0.46094 0.03125 0.02187
5 0.86406 0.43594 0.05938 0.01562
5 0.98594 0.35781 0.02812 0.04062
5 0.88594 0.09375 0.05938 0.03125
48 0.625 0.1625 0.275 0.325
48 0.60469 0.5375 0.28437 0.46875
53 0.82344 0.55625 0.14062 0.43125
53 0.86094 0.12188 0.10938 0.24375
5 0.85156 0.18906 0.04062 0.04688
5 0.10156 0.09688 0.03437 0.05625
5 0.88125 0.14062 0.0625 0.025
48 0.35 0.89219 0.30625 0.21562
