48 0.97812 0.94062 0.04375 0.11875
48 0.1375 0.47031 0.25 0.17812
48 0.62344 0.00312 0.26562 0.00625
48 0.30156 0.93125 0.26562 0.1375
48 0.77344 0.1875 0.20312 0.175
48 0.07969 0.75938 0.15937 0.16875
48 0.03906 0.97031 0.07812 0.05937
48 0.35781 0.77812 0.24063 0.225
48 0.53125 0.90938 0.2625 0.18125
48 0.23906 0.11719 0.26562 0.23438
48 0.72969 0.3375 0.22187 0.18125
48 0.47031 0.40625 0.30312 0.2
48 0.02188 0.30938 0.04375 0.1625
48 0.99375 0.13281 0.0125 0.25938
48 0.59375 0.75156 0.24375 0.17812
48 0.4125 0.59062 0.23125 0.21875
48 0.84688 0.05312 0.24375 0.10625
48 0.96406 0.36406 0.07188 0.22813
48 0.90156 0.77031 0.19688 0.21563
48 0.09375 0.00625 0.1875 0.0125
48 0.05469 0.89062 0.10938 0.125
48 0.53906 0.24375 0.28438 0.1875
48 0.87344 0.90781 0.25313 0.18437
48 0.59688 0.08594 0.2875 0.17188
48 0.65469 0.54688 0.25313 0.25
48 0.00938 0.47188 0.01875 0.21875
48 0.09844 0.62344 0.19688 0.15938
48 0.93594 0.56875 0.12813 0.28125
48 0.05938 0.12188 0.11875 0.24375
48 0.16562 0.30937 0.24375 0.175
5 0.13281 0.90469 0.03437 0.04688
5 0.92031 0.09219 0.05312 0.05312
5 0.16406 0.775 0.03437 0.0375
5 0.97656 0.16875 0.04688 0.0625
5 0.74688 0.66406 0.05 0.05313
5 0.71875 0.97344 0.04375 0.05312
5 0.36562 0.13281 0.03125 0.05938
39 0.84688 0.5625 0.06875 0.0625
5 0.85625 0.34219 0.04375 0.06562
