5 0.0125 0.81719 0.025 0.05938
9 0.075 0.88281 0.075 0.12187
9 0.06406 0.6625 0.09688 0.14375
53 0.89062 0.30781 0.21875 0.61562
53 0.89062 0.92188 0.21875 0.15625
53 0.58281 0.88125 0.56563 0.2375
48 0.94531 0.74844 0.10938 0.17188
9 0.15313 0.50156 0.025 0.05938
5 0.88125 0.99531 0.05 0.00938
5 0.97656 0.44375 0.04688 0.025
5 0.83906 0.37969 0.05312 0.02187
5 0.31875 0.95781 0.05625 0.02813
5 0.47344 0.98906 0.05312 0.02187
5 0.99844 0.24688 0.00313 0.025
5 0.85 0.625 0.05 0.025
5 0.425 0.79062 0.03125 0.04375
5 0.63438 0.8625 0.0625 0.025
5 0.99531 0.04688 0.00938 0.03125
5 0.97031 0.18281 0.05312 0.02188
5 0.975 0.20469 0.04375 0.02188
5 0.81875 0.01094 0.04375 0.02188
5 0.90469 0.28281 0.02812 0.04062
5 0.73906 0.77969 0.03437 0.04688
5 0.46719 0.88594 0.04688 0.02187
5 0.96406 0.0125 0.05938 0.025
5 0.82031 0.15937 0.05937 0.025
5 0.70625 0.95 0.05 0.01875
5 0.81875 0.93906 0.05625 0.02187
5 0.83125 0.98125 0.05625 0.0125
5 0.83594 0.30625 0.05313 0.025
5 0.85312 0.60469 0.05625 0.02187
5 0.89688 0.18125 0.0375 0.04375
5 0.90312 0.23906 0.03125 0.04063
5 0.96875 0.06719 0.05 0.02813
5 0.97188 0.27656 0.05625 0.02187
5 0.82031 0.0375 0.04688 0.03125
5 0.3625 0.79688 0.03125 0.04375
5 0.52812 0.99219 0.04375 0.01562
5 0.93125 0.88281 0.04375 0.02188
5 0.96875 0.09219 0.05 0.02187
5 0.99375 0.175 0.0125 0.025
5 0.98281 0.3875 0.03438 0.025
5 0.82031 0.06562 0.04062 0.025
5 0.88125 0.95312 0.04375 0.01875
5 0.91094 0.56406 0.04063 0.04688
5 0.99531 0.87969 0.00938 0.02187
5 0.7 0.88281 0.05 0.01562
5 0.84531 0.44688 0.05312 0.025
5 0.47031 0.90469 0.04688 0.02812
5 0.99844 0.07656 0.00313 0.02812
5 0.97188 0.11719 0.05 0.02187
5 0.99688 0.13125 0.00625 0.01875
5 0.84219 0.425 0.05312 0.025
5 0.85938 0.88906 0.05 0.02187
5 0.97969 0.53438 0.04063 0.01875
5 0.91719 0.47031 0.03437 0.04688
5 0.33281 0.98906 0.06562 0.02187
5 0.64375 0.93906 0.05625 0.01562
5 0.99844 0.15156 0.00313 0.02812
5 0.975 0.48438 0.05 0.025
5 0.91719 0.51562 0.03437 0.04375
5 0.97344 0.3 0.05312 0.025
5 0.81875 0.11406 0.05625 0.02812
5 0.825 0.20469 0.05625 0.02813
5 0.51719 0.90625 0.04688 0.01875
5 0.82656 0.25625 0.06563 0.03125
5 0.84688 0.49687 0.05625 0.01875
5 0.32188 0.79062 0.025 0.0375
5 0.64219 0.89062 0.05312 0.01875
5 0.99688 0.02031 0.00625 0.02813
5 0.82812 0.22969 0.0625 0.02188
5 0.83281 0.28438 0.07188 0.025
5 0.83438 0.32812 0.05 0.025
5 0.88594 0.01094 0.05938 0.02188
5 0.91094 0.37812 0.03437 0.0375
5 0.97969 0.99219 0.04063 0.01562
5 0.83594 0.4 0.05313 0.01875
5 0.85469 0.57969 0.05312 0.02812
5 0.47344 0.96875 0.04063 0.01875
5 0.70938 0.99375 0.0375 0.0125
5 0.64375 0.91875 0.05 0.01875
5 0.97969 0.46719 0.04063 0.02813
5 0.85 0.55937 0.0625 0.025
5 0.89062 0.09375 0.03125 0.04375
5 0.98125 0.93125 0.0375 0.01875
5 0.98125 0.41406 0.0375 0.02812
5 0.84688 0.47031 0.05625 0.02813
5 0.47344 0.92969 0.05312 0.02188
5 0.7 0.90312 0.05625 0.01875
5 0.96875 0.1375 0.05 0.01875
5 0.83906 0.35469 0.05312 0.02187
5 0.84375 0.52031 0.05 0.02813
5 0.9125 0.42031 0.0375 0.04062
5 0.70469 0.97656 0.05312 0.01562
5 0.97812 0.5125 0.04375 0.025
5 0.82031 0.18594 0.05937 0.02188
5 0.84531 0.53906 0.04688 0.02188
5 0.68594 0.77969 0.02187 0.04063
5 0.82344 0.95938 0.05938 0.01875
5 0.88438 0.97969 0.04375 0.01562
5 0.96719 0.03906 0.06563 0.03438
5 0.97031 0.22813 0.05937 0.025
5 0.82031 0.13594 0.05313 0.02188
5 0.325 0.9 0.05 0.025
5 0.82812 0.99688 0.05 0.00625
5 0.98125 0.97344 0.0375 0.02187
5 0.97812 0.33438 0.04375 0.03125
5 0.71406 0.77812 0.03437 0.0375
5 0.90938 0.32344 0.03125 0.04063
5 0.97188 0.15781 0.04375 0.02188
5 0.96875 0.25156 0.05 0.02813
5 0.97656 0.55625 0.04688 0.025
5 0.45312 0.78906 0.0375 0.04688
5 0.525 0.87969 0.05625 0.02187
5 0.69531 0.86094 0.04688 0.01562
5 0.53125 0.9625 0.05 0.01875
5 0.65156 0.98906 0.05938 0.02187
5 0.97969 0.36406 0.04063 0.02813
5 0.89375 0.14531 0.03125 0.02812
5 0.525 0.92969 0.05 0.01562
5 0.39531 0.79688 0.03437 0.05625
5 0.79531 0.77344 0.02812 0.04688
5 0.64531 0.96562 0.05938 0.025
5 0.98125 0.57969 0.0375 0.02187
5 0.76719 0.78281 0.02812 0.05312
5 0.97812 0.95 0.04375 0.03125
5 0.99844 0.00312 0.00313 0.00625
5 0.65938 0.77969 0.03125 0.04063
5 0.70469 0.925 0.05937 0.01875
