5 0.36562 0.98281 0.025 0.03438
9 0.14062 0.86406 0.03125 0.04063
48 0.03125 0.26094 0.0625 0.10938
48 0.0125 0.37969 0.025 0.10313
48 0.3375 0.35312 0.20625 0.25625
48 0.44844 0.40938 0.19688 0.29375
48 0.31094 0.54531 0.10938 0.07812
48 0.275 0.59688 0.14375 0.0875
48 0.05625 0.70938 0.04375 0.05625
48 0.25312 0.66875 0.15625 0.08125
48 0.23594 0.72344 0.14063 0.09063
48 0.36719 0.71719 0.14062 0.10313
48 0.35312 0.78438 0.13125 0.08125
48 0.21875 0.7875 0.14375 0.1
48 0.20781 0.89844 0.10938 0.09062
48 0.30781 0.92812 0.15313 0.14375
48 0.16406 0.98125 0.14687 0.0375
48 0.15313 0.11094 0.19375 0.10938
48 0.16406 0.05938 0.15937 0.075
48 0.30625 0.09844 0.09375 0.15938
48 0.36719 0.10156 0.09688 0.16563
48 0.42812 0.10938 0.10625 0.18125
48 0.67656 0.04844 0.10938 0.05938
48 0.63594 0.14531 0.09687 0.17812
48 0.72188 0.14688 0.14375 0.13125
48 0.73906 0.23125 0.19688 0.09375
48 0.81406 0.16875 0.09062 0.09375
48 0.82656 0.075 0.12813 0.1125
48 0.89531 0.17812 0.09687 0.06875
48 0.8875 0.24844 0.13125 0.12188
48 0.92969 0.075 0.12813 0.1125
48 0.99531 0.19062 0.00938 0.09375
48 0.97656 0.27969 0.04688 0.12812
48 0.99531 0.65156 0.00938 0.26562
48 0.96562 0.84375 0.06875 0.24375
48 0.92812 0.95938 0.14375 0.08125
