5 0.59531 0.1125 0.03438 0.03125
5 0.00625 0.43281 0.0125 0.05312
39 0.89219 0.34688 0.06563 0.0625
5 0.60781 0.2 0.04688 0.0375
5 0.67813 0.25781 0.05625 0.05312
5 0.72031 0.74531 0.04688 0.04063
5 0.50313 0.10156 0.05 0.04688
5 0.07812 0.16406 0.03125 0.04688
5 0.45156 0.11406 0.05313 0.05313
48 0.64688 0.97656 0.15 0.04688
48 0.8 0.32188 0.18125 0.14375
48 0.5375 0.31875 0.24375 0.19375
48 0.51875 0.02969 0.19375 0.05938
48 0.75938 0.21719 0.175 0.14062
48 0.0375 0.04062 0.075 0.08125
48 0.0125 0.71875 0.025 0.38125
48 0.92344 0.87656 0.15312 0.19688
48 0.56094 0.45312 0.20938 0.125
48 0.54531 0.63125 0.17813 0.1125
48 0.75312 0.65938 0.18125 0.18125
48 0.99062 0.16094 0.01875 0.20312
48 0.7125 0.02031 0.2 0.04062
48 0.03438 0.12812 0.06875 0.2
48 0.06719 0.33906 0.13438 0.23438
48 0.91875 0.54844 0.1625 0.14687
48 0.03125 0.65781 0.0625 0.11562
48 0.30156 0.59375 0.20938 0.15625
48 0.8125 0.04844 0.175 0.09688
48 0.72656 0.97969 0.10312 0.04063
48 0.15 0.00156 0.2 0.00312
48 0.01875 0.58438 0.0375 0.10625
48 0.69844 0.37969 0.10313 0.14687
48 0.77188 0.52344 0.175 0.17188
48 0.78906 0.92812 0.14062 0.14375
48 0.64688 0.72188 0.13125 0.13125
48 0.49375 0.81094 0.23125 0.18437
48 0.92344 0.24688 0.15312 0.15
48 0.39062 0.38281 0.2125 0.20312
48 0.14219 0.90156 0.15313 0.19688
48 0.04844 0.94844 0.09688 0.10313
48 0.31719 0.76094 0.14062 0.12812
48 0.26875 0.11094 0.33125 0.22188
48 0.23281 0.29063 0.18438 0.18125
48 0.8875 0.14219 0.18125 0.14688
48 0.29375 0.88906 0.2 0.15312
48 0.44062 0.52188 0.14375 0.1375
