48 0.59062 0.06562 0.09375 0.075
48 0.5125 0.06094 0.075 0.06562
48 0.73281 0.44531 0.14687 0.09688
48 0.67031 0.05312 0.07188 0.05
48 0.50469 0.20469 0.09063 0.06562
48 0.425 0.1875 0.0875 0.0625
48 0.82187 0.91094 0.18125 0.17188
48 0.95781 0.03125 0.08437 0.0625
48 0.97188 0.53594 0.05625 0.05938
48 0.85938 0.20781 0.08125 0.05313
48 0.95781 0.20156 0.06562 0.05313
48 0.37656 0.87188 0.10938 0.0875
48 0.70312 0.85781 0.09375 0.08437
48 0.56406 0.86562 0.11562 0.10625
48 0.73438 0.97344 0.25625 0.05312
48 0.62187 0.13438 0.1625 0.06875
48 0.61875 0.39219 0.125 0.10312
48 0.50781 0.93281 0.25313 0.13438
48 0.50937 0.99688 0.13125 0.00625
48 0.97031 0.95781 0.05937 0.08437
48 0.6375 0.20781 0.13125 0.09687
48 0.65312 0.2875 0.05 0.05
48 0.99531 0.15937 0.00938 0.08125
