5 0.70469 0.825 0.02187 0.05
48 0.02812 0.82187 0.05625 0.0875
48 0.00781 0.74844 0.01562 0.06563
48 0.09531 0.68906 0.08438 0.04688
48 0.19062 0.68906 0.11875 0.05312
48 0.10625 0.78438 0.1125 0.14375
48 0.225 0.82188 0.09375 0.08125
48 0.20469 0.90156 0.13437 0.05938
48 0.09844 0.54062 0.08438 0.05625
48 0.31875 0.67969 0.13125 0.08438
48 0.42031 0.74844 0.07812 0.06563
48 0.4125 0.89688 0.13125 0.0625
48 0.54844 0.89688 0.08437 0.05
48 0.63125 0.89844 0.0875 0.05313
48 0.575 0.52812 0.15 0.05
48 0.44219 0.67031 0.05312 0.08437
48 0.15156 0.10625 0.11562 0.10625
48 0.03594 0.18438 0.07187 0.05625
48 0.51719 0.2125 0.20312 0.10625
48 0.55781 0.31406 0.12188 0.10938
48 0.65625 0.2375 0.0875 0.05
48 0.78438 0.25625 0.09375 0.10625
48 0.87812 0.28125 0.11875 0.09375
48 0.97031 0.33906 0.05937 0.05312
48 0.16562 0.17812 0.08125 0.05
48 0.15937 0.25156 0.09375 0.04688
48 0.225 0.34219 0.10625 0.05313
48 0.33438 0.33125 0.0875 0.04375
48 0.39062 0.28906 0.04375 0.04063
48 0.44375 0.29688 0.06875 0.075
48 0.71875 0.10938 0.20625 0.09375
48 0.30156 0.00312 0.08437 0.00625
48 0.39219 0.06562 0.04688 0.06875
48 0.36562 0.12812 0.1 0.05625
48 0.46875 0.13594 0.125 0.05313
48 0.88906 0.00625 0.14062 0.0125
48 0.84688 0.05156 0.05 0.09062
48 0.84531 0.12188 0.03438 0.05625
48 0.90156 0.12188 0.07812 0.0625
48 0.98906 0.11094 0.02187 0.08438
48 0.03438 0.09062 0.06875 0.1375
48 0.92656 0.53438 0.08437 0.0625
48 0.98125 0.65781 0.0375 0.09062
48 0.975 0.8875 0.05 0.05625
48 0.88281 0.73438 0.17188 0.05
48 0.83594 0.8125 0.07812 0.0375
48 0.80938 0.67656 0.04375 0.06562
48 0.84688 0.67813 0.04375 0.05625
48 0.99688 0.74219 0.00625 0.06563
48 0.98906 0.8 0.02187 0.0375
48 0.99375 0.84531 0.0125 0.04063
48 0.99688 0.52344 0.00625 0.04062
48 0.32031 0.53438 0.13438 0.05
48 0.4875 0.57656 0.04375 0.13438
48 0.5125 0.67812 0.1 0.075
48 0.55156 0.83906 0.05312 0.04063
48 0.49062 0.79375 0.05625 0.1625
48 0.65156 0.82812 0.04688 0.0625
48 0.61719 0.76094 0.17188 0.07812
48 0.64688 0.6625 0.1375 0.11875
48 0.02969 0.7 0.05938 0.05625
48 0.95781 0.18281 0.05312 0.05937
48 0.72031 0.17812 0.20937 0.0625
48 0.76719 0.03281 0.10938 0.06562
48 0.31094 0.20312 0.19062 0.1
48 0.12344 0.32188 0.07187 0.075
48 0.01094 0.34062 0.02188 0.0375
48 0.02188 0.26094 0.04375 0.09688
48 0.23125 0.0875 0.05 0.075
48 0.2125 0.00781 0.09375 0.01562
48 0.18906 0.03594 0.04688 0.04062
48 0.79062 0.35156 0.05625 0.06563
48 0.85781 0.375 0.05312 0.05
