5 0.08438 0.00469 0.0625 0.00938
53 0.05938 0.01094 0.11875 0.02188
5 0.76406 0.98906 0.04063 0.02187
9 0.66719 0.98438 0.04063 0.03125
5 0.73594 0.82344 0.05312 0.03437
5 0.72969 0.76875 0.06562 0.04375
5 0.69688 0.73281 0.04375 0.04063
5 0.59219 0.66094 0.04063 0.05312
5 0.55937 0.51719 0.03125 0.04688
5 0.48281 0.54219 0.06562 0.02813
5 0.64219 0.54062 0.03438 0.05
48 0.86563 0.93438 0.15 0.05625
48 0.91562 0.975 0.16875 0.05
48 0.8625 0.86563 0.275 0.13125
48 0.81094 0.73594 0.12813 0.09062
48 0.87344 0.55469 0.25313 0.20312
48 0.325 0.59375 0.26875 0.19375
5 0.65 0.65938 0.04375 0.06875
5 0.03125 0.47031 0.0625 0.02813
48 0.32812 0.72812 0.075 0.0375
48 0.20625 0.95781 0.21875 0.08437
5 0.69688 0.12031 0.05 0.05313
48 0.98438 0.31563 0.03125 0.075
48 0.80625 0.19844 0.28125 0.20312
9 0.66406 0.42031 0.12187 0.03437
5 0.84844 0.39375 0.05312 0.01875
48 0.54688 0.2625 0.1625 0.09375
48 0.41562 0.12031 0.08125 0.04687
48 0.025 0.39688 0.05 0.10625
