53 0.2875 0.73438 0.575 0.53125
5 0.00156 0.51562 0.00312 0.04375
5 0.09062 0.58438 0.05625 0.04375
5 0.07344 0.6 0.05313 0.04375
5 0.05469 0.62344 0.05313 0.04063
5 0.12969 0.68281 0.05313 0.04688
5 0.01719 0.74375 0.03438 0.04375
5 0.175 0.75469 0.05 0.03437
5 0.15937 0.77031 0.05 0.04063
5 0.13281 0.79219 0.04063 0.03437
5 0.12188 0.82187 0.05625 0.0375
5 0.10781 0.84219 0.05938 0.04063
5 0.24688 0.79688 0.0625 0.04375
5 0.08906 0.8625 0.05313 0.04375
5 0.22031 0.81875 0.05313 0.04375
5 0.05938 0.87656 0.05625 0.04063
5 0.03906 0.89531 0.04688 0.02813
5 0.02812 0.91406 0.05625 0.04062
5 0.01562 0.93438 0.03125 0.04375
5 0.20156 0.84062 0.05313 0.04375
5 0.18125 0.85469 0.05625 0.04063
5 0.15625 0.87031 0.05 0.03437
5 0.14687 0.89688 0.05625 0.04375
5 0.12812 0.91875 0.05625 0.04375
5 0.10312 0.93125 0.05 0.0375
5 0.00938 0.95469 0.01875 0.04063
5 0.08906 0.95469 0.05313 0.04063
5 0.05938 0.98438 0.05 0.03125
5 0.00312 0.97656 0.00625 0.04062
5 0.04062 0.99688 0.05625 0.00625
5 0.30781 0.79688 0.04063 0.0375
5 0.33438 0.80781 0.05 0.04688
5 0.35938 0.82344 0.04375 0.04063
5 0.38281 0.83906 0.04688 0.04688
5 0.40312 0.85312 0.04375 0.04375
5 0.42344 0.87031 0.04688 0.04688
5 0.45469 0.88281 0.04688 0.04688
5 0.47188 0.90156 0.05 0.04688
5 0.49531 0.9125 0.04688 0.04375
5 0.30469 0.91094 0.05312 0.04063
5 0.35938 0.94688 0.05625 0.04375
5 0.28594 0.9375 0.05938 0.04375
5 0.33594 0.96406 0.05937 0.04063
5 0.32344 0.98438 0.05312 0.03125
5 0.2625 0.96094 0.05 0.04062
5 0.24844 0.97969 0.05938 0.04063
5 0.29844 0.99531 0.05938 0.00938
5 0.22812 0.98906 0.05625 0.02187
5 0.92656 0.34531 0.05312 0.04062
5 0.99375 0.17188 0.0125 0.04375
48 0.65312 0.31094 0.69375 0.62187
48 0.20469 0.01562 0.40938 0.03125
