48 0.94531 0.10469 0.10938 0.20938
5 0.83906 0.03906 0.02187 0.04062
48 0.00156 0.06406 0.00312 0.12812
48 0.06406 0.37344 0.12812 0.15313
48 0.64531 0.87656 0.20937 0.16563
48 0.53281 0.67188 0.17188 0.11875
48 0.44063 0.79062 0.16875 0.13125
48 0.8 0.99062 0.16875 0.01875
48 0.30625 0.91094 0.2 0.14687
48 0.53594 0.96094 0.24062 0.07812
48 0.02188 0.81094 0.04375 0.14062
48 0.01875 0.47812 0.0375 0.175
48 0.03438 0.21719 0.06875 0.10312
5 0.09844 0.44219 0.05313 0.03437
48 0.15781 0.75781 0.21562 0.18437
48 0.22812 0.6125 0.18125 0.13125
48 0.05781 0.74375 0.11562 0.14375
48 0.18906 0.97031 0.22812 0.05937
5 0.50469 0.89062 0.04063 0.0375
5 0.88594 0.07812 0.02187 0.04375
5 0.85938 0.06562 0.025 0.04375
5 0.50313 0.30625 0.0375 0.0375
5 0.55625 0.36562 0.0375 0.0375
10 0.51094 0.38125 0.06562 0.05625
5 0.43906 0.30781 0.04062 0.03437
5 0.47344 0.30469 0.04063 0.04688
5 0.12969 0.30625 0.03438 0.04375
5 0.17344 0.39375 0.03437 0.04375
5 0.43281 0.46875 0.05312 0.03125
5 0.24219 0.42031 0.03438 0.04062
5 0.20156 0.43594 0.04062 0.04062
5 0.89531 0.425 0.03437 0.04375
5 0.88125 0.47188 0.0375 0.04375
5 0.77188 0.44531 0.04375 0.04063
5 0.93281 0.47969 0.04688 0.04688
5 0.76719 0.50937 0.03438 0.0375
5 0.83125 0.51094 0.0375 0.04688
5 0.81562 0.54844 0.04375 0.04063
5 0.87812 0.56563 0.0375 0.04375
6 0.87969 0.62031 0.04063 0.04063
5 0.92969 0.6125 0.04062 0.04375
5 0.99531 0.53125 0.00938 0.04375
5 0.92812 0.67188 0.04375 0.05
5 0.96875 0.66562 0.0375 0.04375
5 0.99219 0.70312 0.01562 0.04375
5 0.98281 0.73281 0.03438 0.04688
5 0.77656 0.77656 0.04063 0.04063
5 0.80625 0.81562 0.0375 0.0375
5 0.875 0.90312 0.0375 0.04375
5 0.90156 0.93281 0.03437 0.03437
5 0.30312 0.5125 0.05625 0.025
