48 0.975 0.98438 0.05 0.03125
48 0.71562 0.91875 0.06875 0.05625
48 0.15469 0.90312 0.15313 0.09375
48 0.15625 0.8375 0.075 0.05
48 0.93438 0.98594 0.1 0.02812
48 0.98281 0.89062 0.03438 0.1375
48 0.18594 0.03438 0.22188 0.06875
48 0.07031 0.05938 0.12188 0.08125
5 0.0125 0.26719 0.025 0.05313
5 0.01094 0.35625 0.02188 0.0375
5 0.01094 0.32344 0.02188 0.04688
48 0.65312 0.90781 0.06875 0.08437
5 0.72344 0.7625 0.02187 0.0375
48 0.29531 0.77812 0.17187 0.19375
51 0.21406 0.98438 0.42812 0.03125
2 0.82969 0.65312 0.27187 0.25
48 0.05 0.14531 0.1 0.17812
5 0.00625 0.42969 0.0125 0.05937
48 0.15 0.6875 0.15625 0.24375
48 0.85156 0.09688 0.17188 0.19375
48 0.34688 0.56563 0.14375 0.06875
48 0.29219 0.12812 0.27187 0.2
5 0.56719 0.55 0.02187 0.06875
5 0.56563 0.68281 0.0375 0.05938
