48 0.83438 0.67656 0.20625 0.08437
48 0.83438 0.61406 0.2125 0.08437
48 0.77031 0.99688 0.27187 0.00625
48 0.07031 0.97031 0.12812 0.05312
48 0.12031 0.67344 0.10937 0.04688
48 0.10156 0.79062 0.11562 0.05
48 0.66562 0.92969 0.20625 0.14062
48 0.8375 0.925 0.14375 0.14375
48 0.08906 0.85312 0.10937 0.05
48 0.12656 0.55937 0.09062 0.05
48 0.07656 0.90625 0.10938 0.04375
48 0.1125 0.73125 0.11875 0.05
48 0.12656 0.6125 0.11562 0.05
48 0.12812 0.49531 0.08125 0.04688
48 0.98125 0.475 0.0375 0.16875
6 0.99844 0.71719 0.00313 0.05312
48 0.75469 0.52344 0.17812 0.14062
48 0.97344 0.05156 0.05312 0.10312
48 0.65781 0.21562 0.18437 0.13125
6 0.98438 0.65938 0.03125 0.05625
48 0.96875 0.89688 0.0625 0.20625
48 0.60938 0.025 0.15625 0.05
48 0.12031 0.09531 0.09062 0.06562
48 0.66406 0.33438 0.27812 0.15625
6 0.97188 0.575 0.05 0.0625
48 0.88594 0.06875 0.11562 0.125
5 0.92344 0.39219 0.05312 0.03437
48 0.86406 0.02656 0.27187 0.05312
48 0.69062 0.43281 0.2625 0.15937
48 0.96406 0.37031 0.07188 0.16563
6 0.86562 0.225 0.05 0.0625
48 0.94062 0.23906 0.11875 0.15937
48 0.93438 0.14688 0.13125 0.1
48 0.50781 0.24844 0.10938 0.10937
48 0.72344 0.81562 0.24062 0.0875
48 0.76875 0.74375 0.175 0.09375
48 0.65469 0.09062 0.19063 0.18125
51 0.9875 0.18438 0.025 0.36875
6 0.90781 0.31406 0.04063 0.06562
