48 0.73594 0.03281 0.07812 0.06562
5 0.37187 0.58438 0.04375 0.04375
5 0.50469 0.39375 0.04063 0.05625
5 0.40156 0.50313 0.04688 0.0375
5 0.45781 0.25 0.02813 0.0375
5 0.48125 0.32344 0.025 0.03437
5 0.42344 0.53438 0.05313 0.03125
5 0.42969 0.57031 0.04688 0.02812
5 0.49531 0.63906 0.02813 0.04688
5 0.34688 0.34375 0.05625 0.0375
6 0.54219 0.5875 0.04688 0.0625
5 0.44062 0.29219 0.025 0.03437
5 0.35156 0.36719 0.04688 0.03438
5 0.69844 0.72188 0.04688 0.04375
5 0.53906 0.73906 0.02812 0.03437
5 0.63281 0.81719 0.03438 0.04688
5 0.72969 0.8125 0.05312 0.0375
5 0.30469 0.22813 0.05312 0.0375
5 0.42812 0.17344 0.0375 0.05313
5 0.25469 0.08281 0.04688 0.02812
5 0.31563 0.25625 0.04375 0.03125
5 0.32188 0.27969 0.04375 0.02813
5 0.32969 0.30312 0.04688 0.025
5 0.33906 0.32188 0.04688 0.03125
5 0.22656 0.00156 0.04688 0.00312
5 0.23438 0.01562 0.04375 0.03125
5 0.23906 0.0375 0.05937 0.025
5 0.25 0.0625 0.05625 0.025
48 0.01094 0.69375 0.02188 0.3375
5 0.65938 0.9125 0.03125 0.05
5 0.70625 0.93125 0.0375 0.05625
5 0.48281 0.76719 0.05313 0.02187
5 0.48594 0.79219 0.05312 0.02813
5 0.49844 0.81719 0.05313 0.03437
5 0.54062 0.91875 0.0375 0.05625
5 0.20312 0.73281 0.04375 0.02812
9 0.33594 0.75469 0.07188 0.03437
5 0.73906 0.85781 0.04063 0.03438
5 0.76406 0.87969 0.04688 0.05312
5 0.89062 0.96875 0.05625 0.03125
5 0.9625 0.95156 0.05 0.03438
6 0.80625 0.99375 0.0625 0.0125
48 0.03594 0.0125 0.07187 0.025
48 0.98594 0.79688 0.02812 0.05625
48 0.94062 0.70781 0.1125 0.10313
48 0.17344 0.45938 0.34688 0.5875
5 0.36562 0.39219 0.04375 0.02813
5 0.37031 0.40938 0.04688 0.03125
5 0.53281 0.46719 0.03438 0.05313
5 0.37969 0.64375 0.04688 0.05
5 0.26094 0.10938 0.04688 0.025
48 0.79688 0.04844 0.11875 0.09688
48 0.41719 0.95 0.24062 0.1
5 0.50469 0.85938 0.04687 0.03125
48 0.27187 0.87188 0.4875 0.25625
48 0.00938 0.92344 0.01875 0.15312
5 0.475 0.54375 0.03125 0.0375
48 0.72969 0.52969 0.11562 0.14688
48 0.06875 0.08594 0.1375 0.17188
