9 0.38281 0.25938 0.04688 0.08125
48 0.02344 0.06719 0.04688 0.10312
48 0.10156 0.05625 0.16563 0.08125
48 0.09531 0.10469 0.12812 0.07187
48 0.18281 0.15156 0.09062 0.14062
48 0.10469 0.175 0.09688 0.1
48 0.04219 0.16094 0.08438 0.10938
48 0.29375 0.19844 0.1 0.14687
48 0.34688 0.21875 0.1125 0.1625
48 0.43125 0.06406 0.1375 0.09688
48 0.48906 0.27187 0.15313 0.15625
48 0.64375 0.27031 0.1375 0.18438
48 0.70625 0.32344 0.1125 0.16562
48 0.78438 0.37969 0.13125 0.17188
48 0.74219 0.35312 0.08438 0.1625
48 0.75937 0.05625 0.13125 0.08125
48 0.94844 0.06406 0.10313 0.10938
48 0.99219 0.45938 0.01562 0.18125
48 0.06875 0.26094 0.1375 0.12188
48 0.15469 0.3 0.05313 0.075
48 0.04062 0.3875 0.08125 0.0875
48 0.09531 0.40938 0.08438 0.0875
48 0.05781 0.45156 0.11562 0.10313
48 0.02344 0.50625 0.04688 0.11875
48 0.07812 0.53125 0.0875 0.09375
48 0.27969 0.35 0.04062 0.04375
48 0.22812 0.40781 0.1125 0.20312
48 0.36562 0.43125 0.1125 0.15
48 0.24375 0.67188 0.125 0.09375
48 0.43438 0.48125 0.125 0.18125
48 0.43906 0.60938 0.15938 0.1125
48 0.35625 0.67969 0.05625 0.11563
48 0.41875 0.72969 0.1375 0.08437
48 0.59531 0.7375 0.15312 0.09375
48 0.54531 0.52344 0.11563 0.19687
48 0.63281 0.525 0.09688 0.11875
48 0.60469 0.59375 0.09687 0.08125
48 0.69219 0.62656 0.08437 0.14687
48 0.65938 0.6125 0.05 0.10625
48 0.51875 0.64531 0.0625 0.07188
48 0.83906 0.60781 0.11562 0.16563
48 0.98125 0.62187 0.0375 0.0875
48 0.975 0.68594 0.05 0.06563
48 0.925 0.6375 0.09375 0.15625
48 0.93906 0.75469 0.12187 0.09063
48 0.75937 0.73594 0.13125 0.08437
48 0.75 0.78594 0.1625 0.09687
48 0.70312 0.83438 0.10625 0.075
48 0.77656 0.85469 0.07812 0.06562
48 0.85 0.79375 0.08125 0.06875
48 0.85938 0.87188 0.15625 0.125
48 0.94062 0.89219 0.08125 0.11562
48 0.92031 0.96562 0.08437 0.06875
48 0.86406 0.9625 0.14062 0.075
48 0.79688 0.96406 0.0875 0.07188
48 0.71719 0.93125 0.14687 0.1375
48 0.575 0.9125 0.1 0.15625
48 0.50156 0.88437 0.12813 0.18125
48 0.42188 0.86406 0.10625 0.15937
48 0.35938 0.84375 0.1 0.15
48 0.3 0.82656 0.1 0.15312
48 0.24531 0.825 0.09063 0.11875
48 0.22656 0.78125 0.07188 0.11875
48 0.16875 0.775 0.10625 0.1375
48 0.09062 0.74844 0.11875 0.15938
48 0.02812 0.74531 0.05625 0.10313
48 0.04844 0.66719 0.08438 0.07812
48 0.01562 0.6875 0.03125 0.125
48 0.01875 0.90781 0.0375 0.10313
48 0.17188 0.89375 0.175 0.11875
48 0.13281 0.92344 0.20937 0.09688
48 0.25781 0.94375 0.07188 0.1
48 0.3 0.96875 0.1 0.0625
48 0.4 0.98906 0.0625 0.02187
48 0.50937 0.97656 0.13125 0.04688
48 0.10938 0.98125 0.21875 0.0375
48 0.02031 0.97969 0.04062 0.04063
48 0.24844 0.15313 0.10312 0.1375
48 0.05 0.32812 0.1 0.09375
48 0.4375 0.14062 0.0625 0.0625
48 0.65781 0.99688 0.17812 0.00625
48 0.55625 0.78281 0.1875 0.10938
48 0.77344 0.5875 0.10938 0.1625
48 0.78281 0.7 0.14687 0.0875
48 0.86875 0.73438 0.06875 0.0875
48 0.98906 0.78281 0.02187 0.09062
48 0.98438 0.71094 0.03125 0.10312
48 0.99688 0.64062 0.00625 0.1125
48 0.70938 0.52969 0.0875 0.07812
48 0.24062 0.60781 0.2 0.11562
48 0.29688 0.43594 0.08125 0.10938
48 0.25781 0.5625 0.19688 0.11875
48 0.02812 0.60781 0.05625 0.09062
48 0.10312 0.63281 0.15625 0.11563
