48 0.85156 0.20938 0.29688 0.41875
10 0.05938 0.07969 0.1 0.06562
5 0.16719 0.07344 0.04688 0.03437
5 0.00469 0.82656 0.00938 0.05937
10 0.00469 0.97344 0.00938 0.05312
10 0.75156 0.52656 0.10313 0.06562
10 0.43438 0.53125 0.0625 0.04375
10 0.41875 0.56875 0.05 0.03125
5 0.8625 0.63594 0.05 0.04063
5 0.92656 0.5625 0.04688 0.0375
5 0.98125 0.55625 0.0375 0.0375
5 0.93906 0.5375 0.05312 0.0375
5 0.83438 0.50781 0.0375 0.04688
5 0.88594 0.51719 0.04688 0.03438
5 0.80781 0.49375 0.03437 0.05625
5 0.7625 0.475 0.0375 0.05
5 0.7375 0.46406 0.03125 0.05312
5 0.69844 0.38438 0.04063 0.0625
5 0.72656 0.38594 0.03438 0.05938
5 0.74531 0.39844 0.04063 0.05312
5 0.77188 0.40781 0.0375 0.05938
5 0.80625 0.41719 0.0375 0.05938
5 0.82344 0.42812 0.03437 0.05625
5 0.84531 0.43906 0.04063 0.05938
5 0.87188 0.44531 0.04375 0.05937
5 0.90625 0.46406 0.0375 0.05938
5 0.93125 0.47188 0.0375 0.0625
5 0.95312 0.48594 0.04375 0.05938
5 0.97188 0.49844 0.03125 0.04063
53 0.83594 0.44219 0.32812 0.17187
53 0.84844 0.56563 0.30312 0.2125
48 0.41094 0.24375 0.72812 0.46875
