5 0.74219 0.0625 0.04688 0.0375
48 0.94062 0.06562 0.11875 0.13125
48 0.05156 0.29688 0.10312 0.09375
5 0.34062 0.17812 0.025 0.05
48 0.46719 0.85781 0.11563 0.20937
48 0.07031 0.87344 0.11562 0.17812
48 0.225 0.05312 0.14375 0.10625
5 0.85469 0.64062 0.05312 0.0375
48 0.92812 0.02188 0.14375 0.04375
48 0.47031 0.72031 0.09063 0.11562
48 0.08594 0.74688 0.10938 0.1
48 0.58906 0.71562 0.09063 0.05625
48 0.125 0.4 0.25 0.125
5 0.26719 0.32812 0.03437 0.04375
48 0.71562 0.92031 0.03125 0.14062
48 0.6125 0.9875 0.06875 0.025
48 0.02188 0.80938 0.04375 0.38125
5 0.32188 0.3 0.04375 0.05
48 0.99219 0.91719 0.01562 0.16563
48 0.65625 0.81562 0.10625 0.31875
48 0.28594 0.71875 0.09687 0.13125
48 0.34688 0.975 0.10625 0.05
48 0.26875 0.83906 0.09375 0.32188
48 0.75156 0.23281 0.23438 0.21562
48 0.85312 0.85781 0.1 0.14062
48 0.75938 0.74844 0.09375 0.09062
48 0.15781 0.22656 0.18438 0.13438
48 0.04062 0.20312 0.08125 0.1
48 0.75625 0.82187 0.11875 0.1
48 0.07656 0.66562 0.04688 0.05
48 0.13281 0.11562 0.26562 0.125
5 0.26406 0.37969 0.02813 0.04688
48 0.84688 0.75156 0.11875 0.10938
48 0.775 0.88906 0.08125 0.09062
48 0.37031 0.77031 0.12188 0.21563
48 0.05469 0.64375 0.04688 0.05625
48 0.06719 0.02969 0.13438 0.05938
48 0.65781 0.94062 0.07188 0.11875
48 0.12656 0.34531 0.19062 0.08438
48 0.06875 0.96719 0.09375 0.06563
48 0.11719 0.49375 0.23438 0.1375
48 0.13125 0.05156 0.10625 0.07812
5 0.31562 0.41406 0.0375 0.05312
5 0.70625 0.02344 0.0375 0.04062
48 0.17188 0.9 0.10625 0.0875
48 0.91719 0.47188 0.16563 0.19375
48 0.58281 0.75 0.05938 0.06875
5 0.25781 0.43281 0.03438 0.04688
48 0.99375 0.8125 0.0125 0.1625
48 0.18438 0.9625 0.15625 0.075
5 0.31562 0.35781 0.03125 0.04688
5 0.30625 0.46719 0.03125 0.04062
48 0.83125 0.9625 0.1375 0.075
5 0.27812 0.20781 0.04375 0.05313
48 0.34688 0.92031 0.10625 0.09062
48 0.51094 0.28906 0.28437 0.57812
48 0.11562 0.68594 0.04375 0.07188
48 0.75938 0.95781 0.075 0.08437
5 0.3 0.51562 0.0375 0.05625
5 0.66719 0.00312 0.04688 0.00625
48 0.975 0.15625 0.05 0.3125
48 0.94531 0.83906 0.10938 0.32188
48 0.72031 0.97812 0.12187 0.04375
48 0.55156 0.87344 0.10937 0.25313
48 0.44531 0.97969 0.13437 0.04063
48 0.18906 0.70156 0.10938 0.19688
48 0.16719 0.83125 0.12188 0.1
48 0.54219 0.7125 0.07812 0.09375
