48 0.12344 0.7375 0.03438 0.04375
48 0.25156 0.45 0.09063 0.075
48 0.97656 0.21875 0.04688 0.075
48 0.99844 0.17344 0.00313 0.05938
48 0.5375 0.57656 0.09375 0.07188
48 0.72812 0.2375 0.11875 0.1625
48 0.02031 0.225 0.04062 0.10625
48 0.06406 0.32188 0.10938 0.1625
48 0.01406 0.375 0.02812 0.2
48 0.47656 0.34688 0.19687 0.24375
48 0.26875 0.08594 0.175 0.17188
11 0.56719 0.27969 0.04688 0.02188
5 0.58125 0.32188 0.04375 0.025
5 0.02812 0.64844 0.05 0.04062
5 0.87656 0.63906 0.02812 0.04063
5 0.5875 0.35 0.05 0.04375
5 0.59219 0.42344 0.05312 0.04062
5 0.975 0.62969 0.025 0.04688
5 0.84375 0.59219 0.05 0.05937
5 0.96719 0.52031 0.04063 0.05312
5 0.57969 0.30312 0.05312 0.03125
48 0.38438 0.68594 0.2 0.14062
5 0.85781 0.46875 0.02187 0.03125
48 0.20781 0.325 0.17812 0.10625
5 0.88594 0.48438 0.02187 0.04375
48 0.24219 0.63906 0.14687 0.22813
53 0.9125 0.59844 0.175 0.28438
48 0.8375 0.37031 0.325 0.18438
48 0.91875 0.07031 0.1625 0.14062
5 0.95 0.63438 0.03125 0.05
48 0.89531 0.175 0.18438 0.08125
48 0.59062 0.69531 0.2875 0.17188
5 0.87969 0.51875 0.02813 0.04375
5 0.92812 0.63594 0.03125 0.05312
