5 0.59062 0.87344 0.01875 0.03438
48 0.52031 0.77188 0.12188 0.10625
48 0.52344 0.86719 0.11563 0.09062
5 0.625 0.70781 0.01875 0.04063
48 0.38906 0.98438 0.10938 0.03125
48 0.04062 0.26094 0.08125 0.25313
48 0.71406 0.57656 0.10313 0.10938
48 0.82812 0.58594 0.125 0.11563
48 0.92031 0.59062 0.10938 0.1
48 0.73125 0.70781 0.11875 0.10313
48 0.82656 0.71094 0.11562 0.10938
48 0.93125 0.71406 0.11875 0.10938
48 0.73438 0.84062 0.125 0.125
48 0.8375 0.85 0.125 0.125
48 0.94219 0.85312 0.10938 0.1125
48 0.74688 0.96406 0.1 0.07188
48 0.85312 0.96406 0.125 0.07188
48 0.94688 0.96719 0.10625 0.06563
5 0.5375 0.64375 0.0375 0.03125
48 0.22969 0.35938 0.13438 0.125
48 0.33438 0.33906 0.125 0.13438
48 0.44844 0.30938 0.14687 0.15
48 0.2625 0.49219 0.1125 0.11563
48 0.36719 0.475 0.12813 0.1125
48 0.46562 0.44219 0.13125 0.13438
48 0.3125 0.62187 0.10625 0.10625
48 0.4 0.6 0.125 0.13125
48 0.50781 0.575 0.16562 0.1375
48 0.65781 0.30625 0.12813 0.1375
48 0.76719 0.30781 0.12187 0.12813
48 0.85781 0.30156 0.12187 0.11562
48 0.67656 0.42812 0.10938 0.1125
48 0.78438 0.4375 0.11875 0.125
48 0.89844 0.44531 0.12187 0.12813
5 0.59062 0.82812 0.01875 0.0375
48 0.07969 0.54375 0.15937 0.2375
48 0.9875 0.30781 0.025 0.24062
48 0.14688 0.88906 0.09375 0.14062
48 0.51406 0.95 0.12187 0.1
