48 0.88125 0.0375 0.2375 0.075
48 0.94844 0.73438 0.10313 0.1875
48 0.52031 0.59688 0.18438 0.23125
48 0.93906 0.55625 0.12187 0.16875
48 0.6375 0.81406 0.1375 0.25313
48 0.67188 0.5875 0.125 0.15
48 0.81406 0.58438 0.19688 0.16875
48 0.60312 0.59375 0.1125 0.15
48 0.97656 0.36719 0.04688 0.10938
48 0.54688 0.79219 0.16875 0.21563
48 0.9375 0.1375 0.125 0.1875
48 0.92812 0.85938 0.14375 0.2625
48 0.84219 0.14844 0.20937 0.15313
48 0.97031 0.52969 0.05937 0.22188
48 0.73281 0.77188 0.20312 0.24375
5 0.46875 0.13906 0.05625 0.03438
5 0.52812 0.16406 0.06875 0.02813
5 0.45938 0.19688 0.03125 0.0375
5 0.44688 0.23438 0.0375 0.05
9 0.40781 0.04062 0.06562 0.08125
5 0.38125 0.18125 0.0375 0.05625
5 0.25469 0.00156 0.05937 0.00312
5 0.30938 0.07187 0.0625 0.03125
5 0.31094 0.05 0.06562 0.025
5 0.0875 0.00781 0.05 0.01562
5 0.0875 0.02031 0.05625 0.02813
5 0.09219 0.03906 0.05312 0.02188
5 0.09063 0.05938 0.05 0.01875
5 0.08906 0.07969 0.05313 0.02187
5 0.0875 0.09844 0.05 0.02188
5 0.14062 0.00625 0.05625 0.0125
5 0.13594 0.01875 0.05313 0.025
5 0.13906 0.03906 0.05312 0.02188
5 0.13906 0.05625 0.05312 0.025
5 0.14062 0.07969 0.05 0.02187
5 0.13594 0.1 0.05313 0.025
5 0.34688 0.73438 0.04375 0.03125
6 0.25625 0.77969 0.08125 0.05312
5 0.17812 0.81094 0.05 0.02812
5 0.075 0.83125 0.04375 0.025
5 0.01875 0.84219 0.0375 0.02187
5 0.00625 0.55781 0.0125 0.02187
5 0.05156 0.55313 0.05938 0.025
5 0.14531 0.52969 0.05937 0.04063
5 0.35625 0.64062 0.025 0.0375
6 0.35625 0.58438 0.0375 0.0625
5 0.34531 0.49375 0.02188 0.0375
6 0.27969 0.42344 0.07187 0.05313
6 0.33438 0.38125 0.06875 0.05
10 0.37187 0.32031 0.04375 0.07188
10 0.44375 0.33125 0.0375 0.05625
5 0.27187 0.225 0.08125 0.025
39 0.26719 0.25156 0.12188 0.04062
39 0.26875 0.34219 0.08125 0.03437
10 0.10312 0.25625 0.09375 0.03125
10 0.29844 0.10625 0.05938 0.025
10 0.02969 0.14062 0.05938 0.03125
10 0.09531 0.1375 0.06562 0.025
10 0.10625 0.16562 0.06875 0.03125
10 0.025 0.2125 0.05 0.03125
6 0.02656 0.09375 0.05312 0.03125
9 0.1125 0.43125 0.0375 0.04375
51 0.27031 0.93125 0.16563 0.1375
48 0.02344 0.95625 0.04688 0.0875
5 0.99531 0.99844 0.00938 0.00313
5 0.45938 0.37188 0.0625 0.025
5 0.57812 0.37031 0.04375 0.02187
5 0.44219 0.27812 0.03437 0.04375
48 0.80469 0.4125 0.31563 0.175
48 0.8375 0.27031 0.225 0.11562
5 0.73594 0.15 0.04063 0.01875
48 0.70312 0.95469 0.2875 0.09062
5 0.42031 0.95625 0.02813 0.0375
10 0.4875 0.95156 0.05625 0.05937
53 0.16875 0.21562 0.3375 0.43125
