5 0.00156 0.00312 0.00312 0.00625
5 0.02344 0.00469 0.04062 0.00938
5 0.06094 0.00156 0.02812 0.00312
5 0.09531 0.00156 0.04063 0.00312
5 0.13125 0.00312 0.03125 0.00625
5 0.1625 0.00156 0.03125 0.00312
5 0.09844 0.02656 0.07187 0.02812
5 0.12812 0.12031 0.04375 0.05313
5 0.09219 0.11562 0.04063 0.05
5 0.05938 0.11562 0.04375 0.04375
5 0.02188 0.1125 0.03125 0.04375
5 0.00156 0.10938 0.00312 0.04375
5 0.02969 0.225 0.05938 0.03125
5 0.04375 0.25312 0.075 0.0375
5 0.0875 0.26719 0.05 0.05313
5 0.12812 0.26875 0.05 0.05625
5 0.10625 0.31719 0.05 0.04063
5 0.10469 0.36406 0.04062 0.04688
9 0.06406 0.36875 0.06562 0.0625
9 0.0375 0.37031 0.075 0.09063
5 0.00938 0.39531 0.01875 0.03437
5 0.00938 0.42031 0.01875 0.02813
5 0.23438 0.00156 0.03125 0.00312
5 0.27187 0.00312 0.03125 0.00625
5 0.30469 0.00938 0.04063 0.01875
5 0.34375 0.00938 0.0375 0.01875
5 0.38281 0.0125 0.04063 0.025
5 0.40938 0.00781 0.025 0.01562
5 0.43906 0.01406 0.03437 0.02812
5 0.47656 0.01562 0.03438 0.03125
5 0.5125 0.01875 0.0375 0.0375
5 0.54375 0.01875 0.03125 0.0375
9 0.57812 0.02656 0.04375 0.05312
5 0.62187 0.02344 0.0375 0.04688
5 0.65625 0.02656 0.03125 0.05312
5 0.69531 0.02344 0.03438 0.04688
5 0.72969 0.03281 0.04688 0.05312
5 0.79375 0.04844 0.04375 0.04687
5 0.25938 0.02344 0.05 0.02188
5 0.29688 0.03438 0.03125 0.04375
9 0.33125 0.04688 0.0375 0.05625
5 0.375 0.04688 0.0375 0.05
9 0.40469 0.05156 0.03437 0.05938
9 0.44219 0.05156 0.04063 0.05312
5 0.46875 0.06094 0.0375 0.05312
5 0.50937 0.06094 0.0375 0.04688
5 0.54531 0.07187 0.02812 0.04375
9 0.57031 0.08281 0.04062 0.05312
5 0.60781 0.07656 0.04063 0.04688
5 0.64531 0.07344 0.04063 0.05313
5 0.67656 0.08594 0.03437 0.04688
5 0.70781 0.08594 0.05312 0.04062
5 0.73906 0.08906 0.04688 0.05313
5 0.775 0.09219 0.04375 0.04688
5 0.75 0.13594 0.075 0.02812
5 0.74688 0.15313 0.075 0.03125
5 0.25 0.15625 0.0375 0.05
5 0.2875 0.14688 0.04375 0.04375
9 0.39375 0.14062 0.0375 0.05
5 0.42656 0.14219 0.04063 0.04688
5 0.45625 0.14688 0.025 0.05
5 0.49219 0.15 0.04062 0.05
5 0.52969 0.14844 0.03438 0.04063
5 0.5625 0.1625 0.04375 0.05625
5 0.6 0.1625 0.03125 0.05
5 0.64219 0.16875 0.03438 0.04375
5 0.67969 0.17656 0.03438 0.04688
9 0.71875 0.18281 0.04375 0.05313
9 0.75781 0.19375 0.05937 0.05
5 0.25312 0.19375 0.08125 0.025
5 0.24375 0.2125 0.06875 0.025
5 0.35938 0.22344 0.08125 0.02812
9 0.375 0.24688 0.08125 0.025
5 0.23438 0.24531 0.0375 0.04062
5 0.4375 0.18125 0.0625 0.025
5 0.52812 0.19688 0.075 0.025
5 0.49219 0.21406 0.07187 0.02812
5 0.575 0.225 0.06875 0.03125
5 0.22813 0.29531 0.0375 0.05313
5 0.26875 0.29844 0.03125 0.04688
5 0.30938 0.28906 0.0375 0.05937
9 0.36094 0.29063 0.03437 0.05625
5 0.72188 0.26719 0.0375 0.05313
9 0.68906 0.26875 0.03438 0.05625
9 0.64688 0.27344 0.03125 0.05312
9 0.60938 0.26562 0.025 0.05625
9 0.58125 0.26719 0.03125 0.05313
9 0.55156 0.27031 0.03437 0.04688
9 0.51562 0.28125 0.0375 0.05625
9 0.48438 0.28438 0.0375 0.06875
9 0.45 0.28438 0.03125 0.05625
9 0.33281 0.13594 0.04688 0.05938
5 0.24688 0.10781 0.0375 0.04688
9 0.08906 0.07969 0.15312 0.02187
5 0.08906 0.48281 0.08438 0.02813
5 0.05469 0.50938 0.03437 0.04375
5 0.01719 0.50313 0.03438 0.04375
5 0.08438 0.51562 0.025 0.0375
5 0.08594 0.55313 0.07187 0.025
5 0.07812 0.57344 0.075 0.02813
5 0.07969 0.60156 0.08438 0.02812
5 0.32812 0.35312 0.04375 0.05625
5 0.83906 0.60625 0.05312 0.05
5 0.72031 0.57188 0.05312 0.0625
5 0.575 0.60312 0.05 0.05625
5 0.54219 0.58281 0.05938 0.05938
5 0.5 0.575 0.04375 0.04375
5 0.46094 0.58125 0.04063 0.04375
5 0.32344 0.82187 0.07188 0.025
5 0.325 0.85312 0.08125 0.03125
5 0.87812 0.93438 0.075 0.0375
9 0.87812 0.96562 0.09375 0.04375
5 0.86719 0.99062 0.08438 0.01875
5 0.09844 0.40625 0.05937 0.025
53 0.44062 0.19375 0.88125 0.3875
53 0.07031 0.50625 0.14062 0.24375
53 0.05 0.92656 0.06875 0.14687
53 0.64688 0.59219 0.44375 0.09062
53 0.85781 0.94688 0.10313 0.10625
5 0.1 0.68438 0.01875 0.04375
