48 0.03281 0.975 0.06562 0.05
5 0.51094 0.92188 0.04688 0.03125
48 0.07812 0.41094 0.15625 0.15313
48 0.10156 0.58594 0.18438 0.14688
48 0.02969 0.60469 0.05938 0.11562
48 0.00625 0.48438 0.0125 0.1125
48 0.61719 0.64219 0.17188 0.11562
48 0.71562 0.58594 0.2125 0.14688
48 0.78281 0.81719 0.15312 0.11562
48 0.18438 0.00781 0.13125 0.01562
48 0.63281 0.075 0.15938 0.13125
48 0.79375 0.22656 0.13125 0.10313
48 0.96562 0.40312 0.06875 0.11875
48 0.65469 0.29531 0.16563 0.12188
48 0.8875 0.2875 0.15 0.11875
48 0.94688 0.15625 0.10625 0.1125
48 0.33906 0.0125 0.12188 0.025
48 0.40312 0.04688 0.1375 0.09375
48 0.13438 0.28281 0.15625 0.10938
48 0.37656 0.37031 0.12812 0.10938
48 0.23906 0.39688 0.16563 0.1125
48 0.1 0.06562 0.11875 0.0875
48 0.1625 0.14844 0.175 0.12188
48 0.96562 0.57656 0.06875 0.10938
48 0.86719 0.76406 0.13437 0.10938
48 0.79062 0.96094 0.175 0.07812
48 0.87031 0.92812 0.15937 0.125
48 0.97656 0.95312 0.04688 0.09375
48 0.92812 0.98438 0.14375 0.03125
48 0.71094 0.99062 0.12187 0.01875
48 0.22344 0.85469 0.15312 0.10313
48 0.15 0.92344 0.16875 0.12187
48 0.07656 0.95156 0.12812 0.09688
48 0.22969 0.98281 0.13438 0.03438
48 0.30312 0.9625 0.1375 0.075
48 0.95312 0.86094 0.09375 0.10313
48 0.1125 0.73906 0.175 0.13438
48 0.20937 0.675 0.21875 0.15
48 0.15625 0.47031 0.14375 0.10312
48 0.31719 0.58906 0.16563 0.10313
48 0.23281 0.51719 0.09687 0.07812
48 0.00312 0.36094 0.00625 0.12188
48 0.42812 0.17812 0.19375 0.15625
48 0.51406 0.12031 0.09687 0.08438
48 0.8875 0.45312 0.15 0.11875
48 0.99531 0.32812 0.00938 0.10625
48 0.98438 0.22969 0.03125 0.10938
48 0.50156 0.01562 0.13437 0.03125
48 0.0125 0.09688 0.025 0.1125
48 0.75938 0.02656 0.125 0.05312
48 0.81406 0.09687 0.12187 0.09375
48 0.95625 0.04531 0.0875 0.09062
48 0.67969 0.91719 0.11563 0.08437
48 0.42969 0.43281 0.10938 0.09687
48 0.46406 0.48125 0.09687 0.05625
48 0.85469 0.02188 0.07188 0.04375
48 0.7 0.14844 0.1625 0.11562
48 0.56406 0.21562 0.13437 0.10625
48 0.85938 0.16719 0.1 0.06563
48 0.90781 0.07656 0.14687 0.12188
48 0.58594 0.52969 0.09688 0.08438
48 0.99844 0.80781 0.00313 0.08437
48 0.36094 0.94219 0.10938 0.08437
48 0.37656 0.725 0.14688 0.1125
48 0.41562 0.67969 0.125 0.10312
48 0.46094 0.63438 0.09688 0.09375
48 0.52656 0.57344 0.12188 0.09063
48 0.81094 0.5 0.17188 0.14375
48 0.65312 0.46875 0.1125 0.11875
48 0.91562 0.60625 0.1 0.10625
48 0.87188 0.63906 0.1 0.10313
48 0.79375 0.66562 0.1125 0.1
48 0.73438 0.70312 0.04375 0.0375
48 0.54375 0.7125 0.15 0.125
48 0.47812 0.78438 0.125 0.09375
48 0.28906 0.81094 0.16563 0.12813
48 0.41094 0.84219 0.15313 0.14062
48 0.61406 0.80156 0.13438 0.09687
48 0.54531 0.85938 0.05312 0.04375
48 0.60625 0.94844 0.1375 0.10313
48 0.12656 0.99844 0.08438 0.00313
48 0.49219 0.96094 0.14688 0.07812
48 0.01406 0.79688 0.02812 0.09375
48 0.0125 0.84688 0.025 0.04375
48 0.27187 0.24375 0.1375 0.125
48 0.06875 0.2 0.1375 0.125
48 0.01875 0.1375 0.0375 0.10625
48 0.04062 0.18125 0.08125 0.10625
48 0.33281 0.44688 0.09063 0.0875
48 0.40938 0.51562 0.11875 0.1
48 0.45469 0.24375 0.09063 0.075
48 0.4875 0.27031 0.10625 0.08438
48 0.52188 0.3125 0.1 0.075
48 0.53125 0.34531 0.05625 0.05313
48 0.54688 0.37656 0.05 0.03437
48 0.6125 0.36094 0.10625 0.08438
48 0.59375 0.42344 0.05625 0.05938
48 0.99844 0.52812 0.00313 0.0875
48 0.97812 0.64219 0.04375 0.12187
48 0.93906 0.71094 0.12187 0.09062
48 0.01094 0.00156 0.02188 0.00312
48 0.03906 0.02188 0.07812 0.04375
