48 0.94062 0.27344 0.11875 0.28438
5 0.4625 0.77031 0.06875 0.05938
5 0.83906 0.14531 0.03437 0.04688
5 0.29844 0.58594 0.05313 0.04688
5 0.19375 0.14844 0.0625 0.02187
5 0.85781 0.07344 0.03438 0.04688
11 0.43125 0.37812 0.11875 0.13125
5 0.62031 0.91875 0.07188 0.0625
5 0.03594 0.78906 0.04688 0.04062
5 0.08438 0.99062 0.05 0.01875
5 0.85625 0.90938 0.04375 0.03125
11 0.91875 0.67344 0.1625 0.09062
5 0.75469 0.54531 0.02813 0.04688
5 0.03125 0.3375 0.05 0.05625
11 0.57656 0.49375 0.15312 0.11875
5 0.80156 0.77812 0.04063 0.04375
5 0.77969 0.71875 0.02812 0.05625
5 0.7875 0.48438 0.03125 0.0625
11 0.94219 0.64219 0.11562 0.10313
11 0.98125 0.62031 0.0375 0.10313
5 0.74375 0.42812 0.025 0.05625
11 0.16406 0.02656 0.07812 0.05312
5 0.33438 0.52812 0.0625 0.05625
5 0.7625 0.6125 0.0375 0.05
5 0.83594 0.01562 0.03438 0.03125
5 0.12344 0.09688 0.05312 0.025
5 0.83594 0.7625 0.02812 0.05625
5 0.80625 0.28906 0.0375 0.05937
5 0.82969 0.8375 0.03438 0.05
5 0.74688 0.48906 0.025 0.04687
5 0.80469 0.10469 0.02812 0.04687
5 0.77656 0.21719 0.03437 0.04062
5 0.78125 0.99844 0.05625 0.00313
5 0.25156 0.8 0.04062 0.05
5 0.47344 0.98594 0.05312 0.02812
5 0.74531 0.35312 0.02813 0.05
5 0.88906 0.95469 0.05937 0.05312
5 0.1625 0.4625 0.05 0.05
5 0.76875 0.65781 0.0375 0.03438
5 0.93438 0.97188 0.05 0.03125
5 0.02656 0.73594 0.05312 0.03438
5 0.89375 0.88437 0.0375 0.05625
5 0.80312 0.59688 0.03125 0.05
5 0.87656 0.01875 0.04688 0.0375
5 0.79062 0.36562 0.03125 0.05
5 0.26562 0.95 0.06875 0.05
