48 0.40625 0.97188 0.2375 0.05625
48 0.02969 0.36875 0.05938 0.15625
48 0.125 0.57031 0.25 0.22812
48 0.32031 0.8 0.21562 0.16875
48 0.41719 0.5375 0.30312 0.16875
48 0.70938 0.5 0.2125 0.18125
48 0.2 0.02812 0.4 0.05625
5 0.01562 0.125 0.03125 0.05
5 0.09375 0.12344 0.0375 0.06562
5 0.13125 0.11562 0.03125 0.06875
5 0.28906 0.10469 0.04063 0.05938
5 0.325 0.10625 0.0375 0.05625
5 0.36562 0.10156 0.0375 0.04688
48 0.67812 0.76562 0.23125 0.14375
48 0.81562 0.05156 0.36875 0.10312
5 0.09062 0.25 0.0375 0.04375
9 0.57969 0.98438 0.04063 0.03125
5 0.56875 0.93438 0.0375 0.04375
48 0.98281 0.91719 0.03438 0.09063
48 0.63438 0.89219 0.10625 0.05937
48 0.78594 0.86875 0.12812 0.1
48 0.77188 0.94219 0.275 0.11562
48 0.90938 0.725 0.0875 0.075
48 0.89531 0.79375 0.18438 0.0625
48 0.03906 0.81406 0.07812 0.16563
