9 0.99688 0.49531 0.00625 0.04063
5 0.99531 0.52969 0.00938 0.02187
9 0.99531 0.5625 0.00938 0.0375
5 0.99688 0.5875 0.00625 0.025
6 0.98281 0.61562 0.03438 0.04375
5 0.975 0.6375 0.05 0.025
5 0.97656 0.66094 0.04688 0.02187
5 0.97656 0.68594 0.04688 0.02812
5 0.975 0.70938 0.05 0.025
5 0.96875 0.73438 0.05 0.025
5 0.95156 0.77031 0.05312 0.02813
5 0.94531 0.79531 0.05313 0.02812
9 0.98125 0.86094 0.0375 0.04063
9 0.74063 0.81406 0.0375 0.05937
5 0.7625 0.74531 0.03125 0.04688
9 0.82656 0.77656 0.05312 0.10313
5 0.89375 0.78906 0.03125 0.04688
5 0.91562 0.72344 0.03125 0.05312
5 0.77812 0.67188 0.0375 0.05
5 0.79688 0.60156 0.03125 0.04688
9 0.8125 0.52344 0.03125 0.05313
9 0.83438 0.44844 0.0375 0.05312
9 0.86719 0.61094 0.02812 0.04688
9 0.92188 0.63438 0.05 0.08125
5 0.925 0.54062 0.03125 0.0625
5 0.93906 0.47812 0.04063 0.05
9 0.95781 0.55156 0.03437 0.06562
5 0.97656 0.46406 0.02812 0.05312
9 0.9875 0.39375 0.025 0.06875
9 0.91562 0.2125 0.0375 0.05625
5 0.87812 0.06719 0.04375 0.02813
9 0.74375 0.07656 0.0625 0.09688
9 0.71406 0.19531 0.05938 0.10313
5 0.67656 0.32188 0.02813 0.05
5 0.64844 0.25781 0.03438 0.04688
9 0.62813 0.33125 0.03125 0.05
9 0.57188 0.56719 0.03125 0.05312
5 0.6125 0.54531 0.03125 0.05937
9 0.59531 0.60938 0.04688 0.05625
5 0.60156 0.225 0.03438 0.05625
5 0.42656 0.80781 0.04063 0.04688
48 0.65781 0.05781 0.29063 0.11562
48 0.4625 0.51406 0.41875 0.95938
53 0.88438 0.01406 0.23125 0.02812
53 0.84844 0.21719 0.30312 0.43438
53 0.85312 0.65781 0.29375 0.47188
