5 0.08906 0.00156 0.05313 0.00312
5 0.07656 0.01406 0.05938 0.02188
5 0.06719 0.04062 0.05312 0.025
5 0.40156 0.00312 0.05938 0.00625
5 0.38906 0.01562 0.05313 0.025
5 0.35938 0.06094 0.05625 0.02812
5 0.33438 0.10938 0.05 0.0375
5 0.31875 0.1375 0.05 0.03125
5 0.31094 0.16094 0.05938 0.03438
5 0.27656 0.22812 0.05312 0.03125
5 0.24219 0.26875 0.05312 0.025
5 0.08281 0.575 0.05938 0.03125
5 0.06562 0.60312 0.0625 0.03125
5 0.00938 0.74219 0.01875 0.03438
48 0.37969 0.43438 0.34063 0.23125
48 0.72344 0.19219 0.34063 0.22813
48 0.68281 0.00469 0.35938 0.00938
48 0.40625 0.84688 0.35 0.2375
48 0.93281 0.925 0.13438 0.15
53 0.06875 0.62656 0.1375 0.46562
