48 0.20156 0.03125 0.25312 0.0625
48 0.09531 0.00781 0.10938 0.01562
48 0.09531 0.31406 0.09687 0.12812
48 0.16875 0.41406 0.2375 0.27812
48 0.12969 0.98906 0.14688 0.02187
48 0.63125 0.14219 0.45625 0.26562
48 0.42031 0.08438 0.22813 0.16875
5 0.52188 0.00156 0.03125 0.00312
5 0.54531 0.00312 0.02187 0.00625
48 0.98438 0.06719 0.03125 0.13438
48 0.35625 0.82656 0.39375 0.32812
48 0.9 0.30469 0.2 0.40938
48 0.75469 0.80469 0.49062 0.39062
48 0.48125 0.41875 0.55 0.33125
48 0.60156 0.9375 0.79688 0.125
48 0.22969 0.16719 0.35938 0.23438
