11 0.00625 0.11562 0.0125 0.075
48 0.025 0.34531 0.05 0.14688
56 0.09844 0.93125 0.19688 0.1375
48 0.22812 0.83594 0.11875 0.19063
11 0.10938 0.175 0.2 0.08125
13 0.00781 0.75469 0.01562 0.04063
5 0.39062 0.7375 0.03125 0.05625
38 0.9 0.27031 0.09375 0.07188
11 0.21406 0.11406 0.15938 0.09062
14 0.17656 0.14219 0.16563 0.07812
13 0.00781 0.72031 0.01562 0.04688
39 0.83125 0.33906 0.075 0.07188
45 0.39219 0.60156 0.13437 0.04688
11 0.35938 0.11406 0.1375 0.12812
55 0.64844 0.06875 0.37187 0.1375
5 0.35781 0.7375 0.04062 0.04375
11 0.06094 0.05625 0.12188 0.08125
13 0.00625 0.92969 0.0125 0.04688
55 0.33281 0.00625 0.31562 0.0125
55 0.27656 0.96562 0.14687 0.06875
14 0.22969 0.075 0.16562 0.09375
11 0.07656 0.02656 0.15313 0.05312
