48 0.30469 0.98281 0.33438 0.03438
48 0.85469 0.90938 0.29063 0.18125
48 0.2875 0.87188 0.31875 0.225
48 0.65781 0.97188 0.40312 0.05625
48 0.01875 0.78281 0.0375 0.17812
5 0.02188 0.54062 0.04375 0.04375
5 0.01719 0.47344 0.03438 0.04688
5 0.02031 0.59219 0.04062 0.04063
5 0.20312 0.31875 0.075 0.03125
5 0.35781 0.55625 0.06562 0.05
5 0.02812 0.2375 0.05 0.04375
5 0.06719 0.24531 0.04688 0.05312
5 0.09688 0.24219 0.05625 0.05312
5 0.14219 0.24531 0.05313 0.04688
5 0.175 0.25156 0.05625 0.04688
5 0.20625 0.25 0.05 0.04375
5 0.24062 0.25469 0.04375 0.04688
5 0.27187 0.25312 0.05625 0.05
5 0.31094 0.25938 0.04688 0.05
5 0.35 0.26719 0.04375 0.05313
5 0.41719 0.27031 0.04688 0.05313
5 0.2875 0.32031 0.075 0.03438
5 0.35469 0.33281 0.06562 0.02813
5 0.48438 0.27344 0.05 0.05312
5 0.41562 0.3375 0.0625 0.03125
6 0.04219 0.30625 0.08438 0.0375
5 0.5125 0.27187 0.04375 0.05
5 0.55312 0.27812 0.05 0.05
5 0.58594 0.28281 0.04688 0.05313
5 0.62656 0.29375 0.04688 0.05625
5 0.66094 0.2875 0.04688 0.0625
5 0.48438 0.31562 0.0625 0.03125
5 0.12344 0.31094 0.06562 0.02813
5 0.25156 0.29531 0.07187 0.02813
5 0.69375 0.28438 0.04375 0.04375
5 0.72188 0.27344 0.04375 0.05312
5 0.75156 0.25781 0.05312 0.05312
5 0.77969 0.24219 0.04063 0.04688
5 0.80938 0.23281 0.05 0.05313
5 0.84219 0.21875 0.04063 0.05
5 0.92656 0.2125 0.06562 0.0375
48 0.40625 0.70469 0.26875 0.17188
48 0.8875 0.38438 0.225 0.3
48 0.47656 0.6625 0.29062 0.21875
48 0.62656 0.57188 0.34688 0.275
48 0.775 0.47031 0.39375 0.22188
48 0.74219 0.76094 0.32187 0.20312
48 0.92969 0.61719 0.14062 0.16562
48 0.90312 0.73438 0.19375 0.15625
48 0.56563 0.88906 0.3125 0.19063
5 0.09063 0.60781 0.05 0.05312
5 0.15781 0.75312 0.05313 0.03125
5 0.97031 0.27344 0.04688 0.02812
5 0.98906 0.25938 0.02187 0.025
5 0.9375 0.2875 0.0375 0.025
5 0.91406 0.30312 0.04062 0.03125
5 0.89062 0.31562 0.05 0.025
5 0.80312 0.35312 0.04375 0.03125
5 0.83594 0.33906 0.04688 0.02813
5 0.85938 0.325 0.05 0.03125
5 0.87344 0.2 0.03438 0.0375
48 0.29688 0.14062 0.23125 0.16875
48 0.55 0.13906 0.275 0.19062
5 0.12031 0.8375 0.05313 0.05
5 0.82812 0.65781 0.06875 0.04688
5 0.38125 0.26875 0.04375 0.04375
5 0.45156 0.27344 0.04062 0.04063
