9 0.08594 0.15625 0.12812 0.0625
9 0.05938 0.19844 0.11875 0.08438
9 0.8125 0.06562 0.1375 0.1
9 0.82656 0.10312 0.13438 0.09375
9 0.94062 0.02812 0.09375 0.05625
9 0.99375 0.04688 0.0125 0.08125
5 0.72344 0.09844 0.02813 0.01562
48 0.10312 0.07812 0.20625 0.15625
48 0.00781 0.10938 0.01562 0.1375
48 0.51406 0.57969 0.57812 0.79062
48 0.30938 0.65781 0.5125 0.68438
48 0.1625 0.72344 0.325 0.54688
48 0.61719 0.96875 0.10312 0.0625
48 0.525 0.99375 0.10625 0.0125
48 0.925 0.75469 0.09375 0.08437
48 0.92813 0.8875 0.1 0.1375
48 0.96875 0.96406 0.0625 0.06562
48 0.99844 0.99844 0.00313 0.00313
48 0.98281 0.98281 0.03438 0.03438
48 0.84688 0.92188 0.0625 0.06875
48 0.85781 0.79531 0.10938 0.09062
48 0.85938 0.87344 0.08125 0.09062
48 0.81875 0.87812 0.05625 0.0625
48 0.75156 0.94531 0.14687 0.10938
48 0.86875 0.9625 0.0625 0.05625
48 0.89219 0.9875 0.15938 0.025
9 0.38125 0.075 0.075 0.05
9 0.01406 0.46875 0.02812 0.1
10 0.1875 0.09062 0.1125 0.05625
10 0.00156 0.27656 0.00312 0.05938
10 0.1875 0.14062 0.11875 0.0625
