5 0.01562 0.62187 0.03125 0.0375
5 0.00312 0.64219 0.00625 0.03438
9 0.08594 0.64375 0.07812 0.05
9 0.19375 0.69687 0.10625 0.06875
9 0.29844 0.75156 0.07812 0.05937
5 0.33438 0.72812 0.05 0.0375
5 0.1125 0.72031 0.025 0.03438
5 0.10156 0.8 0.04688 0.0375
5 0.04531 0.83125 0.04688 0.0375
5 0.15625 0.74531 0.0375 0.04688
5 0.20469 0.76719 0.03437 0.03438
5 0.22656 0.78594 0.03437 0.04688
5 0.25469 0.79688 0.03437 0.05
5 0.14844 0.94062 0.04063 0.04375
5 0.18281 0.95 0.02812 0.04375
5 0.26719 0.94375 0.04688 0.0375
5 0.2375 0.97656 0.03125 0.03438
5 0.25625 0.98906 0.025 0.02187
5 0.40469 0.99688 0.05313 0.00625
5 0.41094 0.98438 0.05312 0.03125
48 0.52812 0.96562 0.25625 0.06875
48 0.49375 0.59062 0.21875 0.225
5 0.77969 0.83125 0.03438 0.05
48 0.75 0.72812 0.5 0.36875
48 0.95312 0.87969 0.09375 0.24062
48 0.00625 0.66875 0.0125 0.425
