48 0.17188 0.00469 0.15625 0.00938
48 0.25781 0.01094 0.07188 0.02188
48 0.21406 0.06406 0.30312 0.12812
48 0.41719 0.02344 0.14687 0.04688
48 0.49687 0.08906 0.125 0.09688
48 0.19375 0.22188 0.2125 0.18125
48 0.42344 0.30625 0.44688 0.15625
48 0.025 0.725 0.05 0.1375
48 0.15156 0.76094 0.18438 0.15313
48 0.1125 0.63281 0.14375 0.12187
48 0.03281 0.60625 0.06562 0.1125
48 0.35156 0.69688 0.12813 0.16875
48 0.1 0.52188 0.11875 0.1
48 0.21094 0.56094 0.14687 0.12812
48 0.48594 0.575 0.14062 0.16875
48 0.53594 0.46562 0.14687 0.10625
48 0.4 0.46406 0.09375 0.10938
48 0.32969 0.45625 0.07187 0.10625
48 0.26406 0.46875 0.07187 0.09375
48 0.20938 0.46094 0.075 0.08438
48 0.1125 0.36406 0.225 0.17188
48 0.98906 0.03906 0.02187 0.07812
48 0.97188 0.10312 0.05625 0.075
48 0.75625 0.1625 0.0875 0.06875
48 0.91406 0.20625 0.11563 0.05625
48 0.73281 0.24062 0.15938 0.13125
48 0.71875 0.35 0.1625 0.1
48 0.95781 0.32344 0.08437 0.17812
48 0.84219 0.27187 0.14062 0.1125
5 0.44375 0.79844 0.04375 0.04688
48 0.56094 0.80313 0.14688 0.1625
48 0.66406 0.45938 0.13437 0.13125
48 0.6 0.54219 0.075 0.05938
48 0.83594 0.87031 0.17188 0.11562
48 0.75781 0.825 0.05313 0.05
5 0.83438 0.97344 0.0625 0.03437
48 0.92656 0.60938 0.14687 0.0875
48 0.83906 0.65469 0.12812 0.12813
48 0.70156 0.67813 0.14687 0.24375
48 0.16406 0.92656 0.05938 0.02813
48 0.11719 0.96719 0.20937 0.06563
48 0.97031 0.76875 0.05937 0.125
48 0.96406 0.88125 0.07188 0.16875
