48 0.95469 0.96875 0.09062 0.0625
48 0.69844 0.95469 0.18438 0.09062
5 0.3375 0.35625 0.04375 0.025
48 0.05 0.15781 0.1 0.12188
46 0.22344 0.67812 0.09687 0.075
48 0.84688 0.10938 0.10625 0.08125
48 0.84688 0.02812 0.1 0.05625
48 0.33125 0.14375 0.175 0.10625
48 0.03906 0.6375 0.07812 0.1125
48 0.54219 0.96562 0.08437 0.06875
48 0.73594 0.85781 0.08437 0.09062
48 0.91719 0.82969 0.10938 0.17188
48 0.84531 0.90938 0.10313 0.0625
48 0.96562 0.77188 0.06875 0.1
48 0.99844 0.40469 0.00313 0.05938
48 0.85 0.42188 0.26875 0.125
48 0.98594 0.57031 0.02812 0.05937
48 0.89219 0.61719 0.10313 0.07812
48 0.72812 0.56406 0.075 0.05312
48 0.29844 0.87031 0.09063 0.09063
48 0.10156 0.69062 0.08438 0.11875
48 0.16875 0.83438 0.08125 0.125
48 0.36719 0.99844 0.08437 0.00313
48 0.07187 0.48906 0.14375 0.22188
48 0.01875 0.43281 0.0375 0.15313
48 0.19375 0.20312 0.11875 0.13125
48 0.29688 0.00156 0.1375 0.00312
48 0.42344 0.71875 0.14688 0.11875
48 0.45156 0.65625 0.09687 0.06875
48 0.5 0.6875 0.0875 0.0875
48 0.63281 0.9 0.15938 0.11875
48 0.26562 0.79375 0.14375 0.14375
48 0.6125 0.59844 0.15625 0.13438
48 0.83594 0.24219 0.15312 0.12813
48 0.95625 0.11719 0.0875 0.14687
48 0.37969 0.52969 0.15937 0.10938
48 0.98906 0.02969 0.02187 0.05938
48 0.59531 0.375 0.19063 0.14375
48 0.69531 0.26406 0.14688 0.17187
48 0.9875 0.48906 0.025 0.13438
48 0.48906 0.00312 0.15937 0.00625
48 0.70312 0.06406 0.1625 0.12812
48 0.50469 0.07969 0.17187 0.14062
48 0.1625 0.05312 0.1375 0.10625
48 0.98125 0.64219 0.0375 0.10938
48 0.82812 0.83125 0.125 0.14375
48 0.25781 0.54844 0.14062 0.10312
48 0.83438 0.98125 0.15625 0.0375
48 0.95156 0.525 0.06563 0.08125
48 0.92031 0.43438 0.12187 0.09375
48 0.02812 0.01562 0.05625 0.03125
48 0.67188 0.74375 0.1125 0.13125
48 0.85 0.62969 0.125 0.09687
48 0.4125 0.85312 0.1375 0.1375
48 0.75312 0.65156 0.1 0.09687
48 0.525 0.79844 0.15 0.14687
48 0.83125 0.50156 0.1 0.14687
