5 0.02188 0.17344 0.03125 0.04062
5 0.14219 0.29219 0.04063 0.04688
5 0.0625 0.04844 0.025 0.03438
5 0.04375 0.00938 0.0375 0.01875
5 0.08281 0.08594 0.02812 0.04062
5 0.10312 0.13281 0.03125 0.04063
5 0.12344 0.17812 0.04062 0.04375
5 0.17969 0.26875 0.05312 0.03125
48 0.0125 0.27812 0.025 0.1625
5 0.13125 0.39219 0.04375 0.02813
5 0.17188 0.48281 0.025 0.04063
5 0.25625 0.47344 0.025 0.04688
5 0.23438 0.6 0.03125 0.05
5 0.30312 0.64219 0.04375 0.03438
5 0.1 0.72812 0.03125 0.0375
5 0.1375 0.62656 0.025 0.03438
5 0.11094 0.63281 0.02812 0.02812
5 0.07969 0.64219 0.02812 0.02812
5 0.05156 0.65312 0.03438 0.03125
5 0.025 0.65938 0.04375 0.04375
5 0.00938 0.66719 0.01875 0.04063
5 0.02188 0.77656 0.025 0.02813
53 0.02969 0.73125 0.05938 0.175
53 0.10781 0.67812 0.09063 0.14375
5 0.31094 0.72344 0.03437 0.03437
5 0.34062 0.78906 0.025 0.02812
5 0.30312 0.76875 0.0375 0.0375
5 0.26562 0.68594 0.025 0.02812
5 0.27812 0.71875 0.025 0.03125
5 0.41719 0.81406 0.02187 0.02812
5 0.43125 0.85 0.03125 0.0375
5 0.45469 0.9 0.02813 0.0375
5 0.44375 0.99688 0.03125 0.00625
5 0.47969 0.99531 0.03437 0.00938
5 0.36562 0.90938 0.025 0.03125
5 0.38594 0.94375 0.02813 0.04375
5 0.35312 0.87656 0.025 0.03438
6 0.34375 0.70469 0.04375 0.04063
5 0.99688 0.83438 0.00625 0.04375
5 0.91562 0.60469 0.04375 0.03437
5 0.96719 0.63125 0.04063 0.01875
5 0.95625 0.61562 0.04375 0.03125
5 0.81562 0.36094 0.0375 0.04062
5 0.78594 0.13594 0.04688 0.02812
5 0.82969 0.17812 0.05312 0.025
5 0.77344 0.18906 0.04062 0.02813
48 0.92656 0.25625 0.14687 0.33125
5 0.73281 0.23438 0.03438 0.025
48 0.94219 0.49531 0.11562 0.30938
5 0.23438 0.29375 0.04375 0.01875
5 0.29063 0.28594 0.05 0.02187
48 0.575 0.55312 0.6 0.48125
5 0.04844 0.85 0.04687 0.0375
48 0.29844 0.92812 0.59688 0.14375
48 0.05469 0.55781 0.10938 0.15937
48 0.72969 0.84062 0.54062 0.31875
5 0.99688 0.70469 0.00625 0.04688
