5 0.475 0.12656 0.0375 0.01562
5 0.14375 0.12656 0.01875 0.03437
6 0.10625 0.12188 0.025 0.03125
6 0.0875 0.12344 0.01875 0.03438
5 0.31094 0.10469 0.02188 0.04062
5 0.36719 0.11719 0.02187 0.04063
5 0.69062 0.11406 0.0375 0.01562
6 0.22188 0.12969 0.025 0.04062
9 0.72969 0.11562 0.03437 0.01875
6 0.20312 0.12344 0.025 0.04688
6 0.18125 0.12969 0.025 0.04688
6 0.1625 0.12031 0.01875 0.04062
6 0.06562 0.14531 0.01875 0.04062
6 0.04688 0.14219 0.01875 0.03437
6 0.02812 0.13594 0.01875 0.04062
6 0.00781 0.12656 0.01562 0.04063
5 0.61719 0.11875 0.04688 0.025
5 0.26094 0.1375 0.02187 0.04375
5 0.32812 0.11094 0.01875 0.02812
5 0.57031 0.12344 0.02812 0.02187
9 0.52188 0.1125 0.0375 0.01875
5 0.76875 0.12188 0.0375 0.01875
5 0.28594 0.44844 0.04063 0.01562
5 0.15937 0.4625 0.0375 0.01875
5 0.24375 0.45156 0.04375 0.02188
5 0.45156 0.43437 0.05313 0.01875
5 0.02656 0.48906 0.04688 0.01562
5 0.45469 0.16562 0.04062 0.01875
8 0.46562 0.18281 0.04375 0.02188
5 0.4625 0.20469 0.0375 0.02188
8 0.45312 0.22188 0.04375 0.01875
8 0.45312 0.24375 0.05 0.01875
5 0.43906 0.2625 0.04062 0.01875
5 0.35312 0.19688 0.0125 0.0375
5 0.34531 0.2375 0.01562 0.0375
5 0.36562 0.24219 0.01875 0.03438
5 0.30312 0.14531 0.01875 0.03438
5 0.28906 0.22188 0.02187 0.0375
5 0.56719 0.16719 0.04063 0.01562
5 0.57656 0.19219 0.03438 0.02188
5 0.61719 0.19688 0.03438 0.01875
5 0.58281 0.21562 0.04063 0.01875
5 0.52188 0.13594 0.0375 0.01562
5 0.52031 0.15625 0.04063 0.01875
5 0.5 0.25469 0.03125 0.01562
5 0.62187 0.27656 0.0375 0.01562
8 0.69219 0.24062 0.05312 0.01875
5 0.77031 0.14219 0.04063 0.01562
5 0.73438 0.15313 0.0375 0.0125
5 0.70156 0.16719 0.03438 0.01562
5 0.7375 0.175 0.0375 0.01875
8 0.775 0.22188 0.04375 0.01875
5 0.77188 0.18281 0.04375 0.02188
5 0.72656 0.13594 0.03438 0.01562
9 0.49844 0.17344 0.04063 0.02188
5 0.23438 0.16563 0.01875 0.0375
5 0.13906 0.1625 0.02188 0.0375
6 0.13281 0.19844 0.01562 0.04062
6 0.11719 0.19219 0.02187 0.03438
6 0.05781 0.18594 0.02188 0.04062
5 0.775 0.25781 0.04375 0.02187
5 0.775 0.27969 0.04375 0.02188
5 0.77969 0.29844 0.03438 0.02188
5 0.7375 0.27344 0.04375 0.02187
5 0.70156 0.26719 0.04063 0.01562
5 0.7375 0.28906 0.0375 0.01562
5 0.69844 0.28594 0.04688 0.02187
5 0.77031 0.1625 0.03437 0.01875
5 0.72812 0.21094 0.0375 0.02187
5 0.77344 0.20156 0.03438 0.02188
5 0.7375 0.19531 0.0375 0.02187
5 0.7375 0.23281 0.03125 0.01562
5 0.73281 0.24844 0.03438 0.01562
5 0.70312 0.15313 0.03125 0.01875
5 0.6125 0.25625 0.0375 0.01875
5 0.57656 0.24844 0.03438 0.01562
5 0.57031 0.26562 0.04062 0.01875
5 0.57188 0.28438 0.04375 0.01875
5 0.61094 0.2375 0.04063 0.01875
5 0.54844 0.43125 0.03438 0.01875
5 0.50313 0.43438 0.05 0.025
5 0.37344 0.44531 0.03437 0.02812
5 0.50469 0.21562 0.04063 0.025
6 0.21406 0.16875 0.02188 0.0375
6 0.19375 0.16719 0.025 0.04688
6 0.1875 0.20312 0.01875 0.0375
6 0.15781 0.15937 0.02188 0.04375
5 0.36094 0.15781 0.02188 0.04062
5 0.37969 0.15781 0.02187 0.04062
5 0.37187 0.19844 0.01875 0.04062
6 0.12031 0.15625 0.02188 0.04375
6 0.10156 0.15625 0.01562 0.0375
6 0.09375 0.19062 0.01875 0.04375
6 0.08281 0.15469 0.01562 0.04062
6 0.07656 0.19375 0.01562 0.0375
6 0.20938 0.20625 0.01875 0.0375
6 0.04219 0.17188 0.01562 0.04375
6 0.02188 0.17188 0.01875 0.04375
5 0.56719 0.14844 0.04688 0.02187
5 0.70156 0.1875 0.04063 0.01875
5 0.61406 0.14062 0.04688 0.025
48 0.50938 0.72031 0.98125 0.55937
53 0.30625 0.4625 0.6 0.11875
48 0.50938 0.69531 0.98125 0.60938
5 0.61406 0.17656 0.04688 0.02188
5 0.25469 0.175 0.02188 0.0375
5 0.25 0.21094 0.025 0.04063
5 0.27031 0.21562 0.02187 0.04375
5 0.325 0.14844 0.025 0.04063
5 0.31719 0.18906 0.02187 0.04062
5 0.31094 0.22813 0.02188 0.0375
5 0.50313 0.23438 0.05 0.01875
9 0.50937 0.19375 0.0375 0.01875
5 0.47812 0.14844 0.0375 0.02187
5 0.61406 0.15937 0.04688 0.01875
5 0.12344 0.46406 0.02813 0.02187
5 0.32969 0.22969 0.01562 0.04062
5 0.54688 0.23906 0.03125 0.02188
5 0.53438 0.25781 0.03125 0.01562
5 0.59062 0.43125 0.03125 0.025
5 0.775 0.2375 0.03125 0.01875
5 0.28281 0.13906 0.01562 0.02813
5 0.19375 0.45469 0.03125 0.01562
5 0.3375 0.47031 0.0375 0.02188
5 0.25312 0.47812 0.03125 0.03125
5 0.55469 0.45156 0.03438 0.02813
5 0.40625 0.4625 0.05 0.0125
5 0.08594 0.49687 0.04062 0.03125
5 0.07969 0.46562 0.04687 0.01875
5 0.50938 0.45625 0.04375 0.01875
5 0.53438 0.28281 0.0375 0.02188
5 0.54531 0.20469 0.03438 0.02813
5 0.4875 0.275 0.0375 0.01875
5 0.29531 0.17812 0.02188 0.03125
5 0.68281 0.21094 0.04063 0.01562
