5 0.94062 0.19375 0.05625 0.03125
5 0.95938 0.17031 0.0625 0.02188
48 0.16094 0.27031 0.32188 0.16563
48 0.00625 0.55781 0.0125 0.16563
48 0.00469 0.66562 0.00938 0.06875
48 0.04375 0.6125 0.0875 0.09375
48 0.16719 0.88281 0.16562 0.13437
48 0.0625 0.95469 0.125 0.09062
48 0.49844 0.31719 0.29063 0.19062
48 0.33906 0.42656 0.23438 0.14687
48 0.4375 0.49219 0.19375 0.12813
48 0.51406 0.53438 0.12812 0.10625
48 0.57031 0.575 0.18437 0.13125
48 0.65312 0.53438 0.2125 0.1625
48 0.81094 0.425 0.37813 0.3125
48 0.64844 0.19062 0.25313 0.16875
48 0.82344 0.1125 0.35312 0.225
48 0.96094 0.19219 0.07812 0.38438
