48 0.60938 0.45469 0.275 0.46562
48 0.15781 0.58594 0.31562 0.60938
48 0.88594 0.38594 0.22813 0.39063
48 0.44844 0.95 0.44062 0.1
48 0.37656 0.39844 0.34062 0.45938
48 0.70469 0.9 0.39062 0.2
48 0.12344 0.13281 0.24688 0.26562
48 0.73438 0.13125 0.29375 0.2625
48 0.9 0.95938 0.2 0.08125
48 0.45156 0.11094 0.28438 0.22188
48 0.03281 0.49844 0.06562 0.35938
5 0.26719 0.87031 0.04062 0.02187
6 0.41406 0.7 0.05312 0.075
5 0.33125 0.93125 0.04375 0.03125
5 0.49688 0.88125 0.04375 0.025
5 0.63125 0.79531 0.05 0.02812
