48 0.01406 0.34219 0.02812 0.06562
48 0.01406 0.21406 0.02812 0.11562
48 0.06875 0.16875 0.1375 0.13125
48 0.17031 0.07344 0.09063 0.05313
48 0.30938 0.00156 0.15625 0.00312
48 0.55781 0.01875 0.16563 0.0375
48 0.49375 0.05938 0.13125 0.09375
48 0.55625 0.10625 0.075 0.04375
48 0.96719 0.17344 0.06563 0.05938
48 0.90312 0.24531 0.15 0.10312
48 0.70625 0.36719 0.21875 0.21562
48 0.49531 0.44688 0.21562 0.14375
48 0.41094 0.52344 0.27187 0.17813
48 0.9375 0.94375 0.125 0.1125
48 0.6875 0.91719 0.20625 0.12812
48 0.37812 0.85781 0.225 0.16563
5 0.275 0.8875 0.06875 0.04375
48 0.43594 0.99375 0.24687 0.0125
