48 0.77188 0.98594 0.3125 0.02812
48 0.775 0.70156 0.31875 0.36562
48 0.6375 0.5 0.31875 0.23125
5 0.19062 0.92813 0.04375 0.0375
5 0.17188 0.87812 0.0375 0.0375
8 0.05781 0.78594 0.04688 0.04688
5 0.19688 0.60312 0.03125 0.0375
5 0.23906 0.56875 0.03437 0.0375
5 0.17031 0.52031 0.03437 0.04063
5 0.27812 0.46875 0.0375 0.0375
5 0.51719 0.33281 0.04062 0.05312
5 0.55156 0.32812 0.03437 0.04375
5 0.57969 0.32188 0.03438 0.0375
5 0.61406 0.31719 0.03437 0.04063
5 0.875 0.92969 0.0625 0.02812
5 0.99531 0.79062 0.00938 0.03125
5 0.99062 0.77344 0.01875 0.02812
5 0.97344 0.73594 0.04688 0.03438
5 0.96406 0.71562 0.05312 0.03125
5 0.95469 0.69844 0.04688 0.02813
5 0.9375 0.67969 0.05 0.02812
53 0.95781 0.7375 0.08437 0.15625
53 0.56563 0.34688 0.18125 0.1125
