48 0.19219 0.95938 0.15937 0.08125
48 0.06562 0.93125 0.13125 0.1375
48 0.34062 0.97344 0.19375 0.05312
18 0.04375 0.02031 0.0875 0.04062
18 0.14062 0.08281 0.2125 0.08438
18 0.19375 0.04375 0.225 0.0875
18 0.40156 0.0875 0.22187 0.075
18 0.34688 0.12344 0.2375 0.08438
18 0.60469 0.13594 0.23438 0.08438
18 0.83438 0.18125 0.20625 0.06875
18 0.77656 0.21406 0.20937 0.05937
18 0.96406 0.22344 0.07188 0.05937
18 0.94375 0.25781 0.1125 0.06563
19 0.55781 0.16875 0.23438 0.08125
18 0.62344 0.02031 0.22813 0.04062
18 0.84688 0.05312 0.20625 0.06875
18 0.97344 0.09219 0.05312 0.07187
18 0.875 0.00625 0.20625 0.0125
18 0.99219 0.02188 0.01562 0.04375
5 0.8125 0.35312 0.025 0.0375
5 0.7875 0.35156 0.025 0.04688
5 0.57969 0.825 0.04063 0.025
5 0.70156 0.80469 0.03438 0.01562
5 0.77812 0.82656 0.04375 0.03438
5 0.075 0.75156 0.03125 0.02187
5 0.11094 0.74531 0.02812 0.01562
5 0.93125 0.99219 0.03125 0.01562
5 0.89375 0.98125 0.03125 0.0375
48 0.63281 0.9375 0.30937 0.125
5 0.97031 0.98281 0.03438 0.02812
5 0.93281 0.77812 0.08437 0.05
5 0.81719 0.87656 0.03437 0.03438
48 0.28594 0.84375 0.47812 0.21875
