5 0.44375 0.28125 0.025 0.04375
48 0.61406 0.19375 0.17812 0.075
48 0.57812 0.36094 0.14375 0.05938
48 0.68594 0.68125 0.04063 0.1375
48 0.07812 0.01562 0.09375 0.03125
48 0.01875 0.64375 0.0375 0.1375
48 0.02031 0.18594 0.04062 0.14062
48 0.81875 0.39375 0.075 0.10625
48 0.97812 0.26875 0.04375 0.15
48 0.82969 0.70781 0.08437 0.14687
48 0.96094 0.61875 0.07812 0.2875
48 0.7125 0.38906 0.0625 0.11563
8 0.56406 0.95469 0.06563 0.04063
48 0.88594 0.24062 0.05938 0.13125
48 0.2125 0.50469 0.2625 0.10937
48 0.28281 0.37969 0.19062 0.10313
48 0.15156 0.2125 0.07812 0.15625
48 0.06406 0.33594 0.08438 0.12187
5 0.41406 0.29219 0.02812 0.05938
48 0.62031 0.0125 0.21563 0.025
48 0.59688 0.42188 0.1875 0.08125
48 0.09687 0.1875 0.05 0.1
48 0.88906 0.40312 0.03438 0.09375
48 0.73125 0.70312 0.05625 0.1625
5 0.40781 0.42656 0.02188 0.05312
5 0.99844 0.15625 0.00313 0.01875
48 0.12031 0.99531 0.09062 0.00938
48 0.87031 0.57031 0.04063 0.07812
48 0.77969 0.56406 0.04063 0.09688
48 0.80156 0.04062 0.13438 0.08125
48 0.59375 0.625 0.23125 0.05625
48 0.9375 0.25 0.05625 0.1125
5 0.7625 0.82969 0.04375 0.04063
48 0.74844 0.23281 0.09062 0.12812
48 0.88594 0.04375 0.10313 0.0875
48 0.80781 0.24688 0.04063 0.14375
48 0.05625 0.2 0.05 0.15
48 0.78281 0.70625 0.04688 0.15
5 0.71094 0.84531 0.05313 0.02187
5 0.02812 0.98281 0.05625 0.02187
5 0.83125 0.16406 0.06875 0.02187
48 0.32031 0.03281 0.17188 0.06562
5 0.38906 0.60312 0.02813 0.05
5 0.24844 0.81094 0.05313 0.02812
48 0.02031 0.50625 0.04062 0.075
48 0.90938 0.59375 0.0625 0.0875
5 0.83438 0.13438 0.0625 0.03125
48 0.82656 0.57031 0.04063 0.08438
48 0.58438 0.53125 0.15 0.11875
5 0.23125 0.09062 0.05625 0.025
48 0.02031 0.01094 0.04062 0.02188
48 0.02031 0.34219 0.04062 0.15313
48 0.69219 0.55 0.04063 0.08125
48 0.16719 0.02031 0.10937 0.04062
48 0.10312 0.65469 0.15 0.15938
5 0.61094 0.81094 0.05312 0.02187
48 0.99688 0.05 0.00625 0.1
48 0.75469 0.39844 0.06562 0.10313
5 0.18594 0.80781 0.05313 0.02187
48 0.2875 0.25156 0.1625 0.11562
48 0.95469 0.04844 0.09062 0.09688
5 0.39219 0.675 0.03437 0.05
48 0.58438 0.27812 0.175 0.13125
48 0.56406 0.69375 0.19687 0.09375
5 0.35469 0.93594 0.06562 0.03438
48 0.29219 0.16719 0.16562 0.06563
48 0.73906 0.55625 0.03437 0.1
5 0.125 0.80156 0.05 0.02813
48 0.28438 0.64219 0.14375 0.19688
48 0.89688 0.725 0.06875 0.1625
