5 0.98906 0.72656 0.02187 0.04062
5 0.725 0.43437 0.03125 0.05
5 0.60312 0.40469 0.025 0.04688
5 0.56563 0.39688 0.0375 0.05
48 0.36406 0.04688 0.47188 0.09375
48 0.62344 0.33281 0.17188 0.11562
48 0.97812 0.01562 0.04375 0.03125
48 0.56094 0.1375 0.17813 0.275
48 0.95312 0.4625 0.09375 0.18125
48 0.91406 0.05469 0.09688 0.09063
48 0.90469 0.32344 0.11562 0.09687
48 0.83594 0.10469 0.10312 0.10312
48 0.70312 0.20312 0.0875 0.09375
48 0.98281 0.0625 0.03438 0.06875
48 0.07344 0.82344 0.14688 0.26562
48 0.74844 0.87969 0.23438 0.24062
48 0.75156 0.08281 0.14062 0.09688
48 0.90625 0.11875 0.08125 0.0875
48 0.85938 0.00469 0.11875 0.00938
48 0.96719 0.22969 0.06563 0.10312
48 0.92031 0.24844 0.09688 0.15937
48 0.23125 0.12031 0.3375 0.17812
48 0.95156 0.8125 0.09688 0.1125
48 0.72969 0.36406 0.08437 0.07812
48 0.65625 0.8125 0.15625 0.1375
48 0.68438 0.27344 0.06875 0.09688
48 0.76562 0.02188 0.08125 0.04375
48 0.97031 0.33281 0.05937 0.15313
48 0.96875 0.07656 0.0625 0.07812
48 0.22969 0.9 0.21562 0.2
48 0.68906 0.02656 0.12813 0.05312
48 0.94844 0.15313 0.10313 0.13125
48 0.8875 0.40781 0.14375 0.10938
48 0.62656 0.25938 0.06563 0.06875
48 0.65 0.18906 0.0875 0.10938
48 0.79688 0.25938 0.2 0.2
48 0.46719 0.77812 0.16563 0.18125
48 0.83594 0.03594 0.11563 0.07187
48 0.60781 0.01719 0.20312 0.03438
48 0.80469 0.38281 0.10938 0.07188
48 0.28438 0.74688 0.18125 0.19375
48 0.72031 0.15 0.10313 0.0875
48 0.67969 0.0625 0.09062 0.11875
48 0.79531 0.73906 0.20312 0.14062
5 0.99844 0.69375 0.00313 0.04375
15 0.05469 0.31406 0.10938 0.07812
5 0.51875 0.52031 0.05625 0.03437
5 0.75312 0.44375 0.01875 0.05
5 0.69844 0.42188 0.02813 0.04375
5 0.71406 0.575 0.04688 0.01875
5 0.57969 0.60781 0.05937 0.03438
5 0.55156 0.44531 0.04688 0.03438
5 0.79844 0.45312 0.02187 0.0375
51 0.47188 0.79688 0.94375 0.40625
