5 0.48125 0.33281 0.04375 0.03437
5 0.475 0.34688 0.04375 0.025
5 0.47031 0.36875 0.04062 0.03125
5 0.43281 0.35625 0.03437 0.025
5 0.46094 0.38438 0.04063 0.025
5 0.45781 0.40156 0.04688 0.02813
5 0.45312 0.425 0.03125 0.01875
5 0.44688 0.44062 0.04375 0.025
5 0.44062 0.45781 0.0375 0.02187
5 0.43594 0.47344 0.04062 0.02813
5 0.425 0.5 0.0375 0.025
5 0.42188 0.52188 0.04375 0.025
5 0.64375 0.66406 0.05 0.02812
5 0.775 0.59219 0.0375 0.02812
5 0.81406 0.59531 0.03438 0.02812
5 0.84219 0.60312 0.03438 0.025
5 0.86094 0.61562 0.03438 0.03125
5 0.99688 0.64375 0.00625 0.03125
0 0.42969 0.88125 0.05312 0.05
5 0.44688 0.83438 0.0375 0.0375
5 0.49375 0.74219 0.04375 0.02812
5 0.50156 0.72031 0.04062 0.02812
5 0.50937 0.70312 0.0375 0.01875
5 0.51719 0.68438 0.04062 0.025
5 0.39375 0.45938 0.05 0.025
5 0.40312 0.44062 0.0375 0.025
5 0.40625 0.425 0.0375 0.01875
5 0.41094 0.4125 0.04063 0.025
5 0.41875 0.39375 0.0375 0.025
5 0.42031 0.37656 0.03437 0.02188
5 0.39062 0.56094 0.0375 0.02812
5 0.39531 0.58438 0.04063 0.025
5 0.55 0.50938 0.025 0.03125
5 0.90312 0.74219 0.05625 0.02812
48 0.71406 0.7625 0.19062 0.175
48 0.59531 0.73125 0.17188 0.1625
48 0.57812 0.96875 0.41875 0.0625
48 0.64844 0.88281 0.35938 0.23438
48 0.86719 0.8 0.22812 0.15
48 0.8875 0.92344 0.225 0.15312
48 0.96094 0.95 0.07812 0.1
48 0.96719 0.87031 0.06563 0.21563
48 0.74688 0.40312 0.275 0.33125
48 0.91562 0.375 0.16875 0.15625
48 0.98594 0.40938 0.02812 0.15
48 0.89531 0.51562 0.18438 0.1875
48 0.97031 0.53906 0.05937 0.15938
48 0.06875 0.97656 0.1375 0.04688
48 0.08125 0.89219 0.1625 0.21562
48 0.16719 0.6875 0.33438 0.4375
48 0.22344 0.37188 0.44688 0.4125
1 0.00156 0.45156 0.00312 0.12187
5 0.05469 0.16875 0.02188 0.03125
5 0.31719 0.81875 0.03437 0.025
48 0.98281 0.1375 0.03438 0.18125
8 0.88437 0.17812 0.0375 0.03125
48 0.47031 0.08281 0.26562 0.16562
5 0.36094 0.66406 0.02813 0.02188
48 0.8 0.08438 0.1875 0.16875
48 0.29375 0.1 0.19375 0.2
5 0.02031 0.15 0.02188 0.05625
5 0.20937 0.95938 0.0375 0.03125
48 0.92031 0.1 0.15938 0.175
5 0.00938 0.12656 0.01875 0.04688
5 0.29531 0.86875 0.04062 0.03125
