5 0.26094 0.7625 0.04062 0.025
5 0.04688 0.57031 0.04375 0.04062
48 0.01406 0.64688 0.02812 0.1
48 0.18594 0.45312 0.13438 0.1125
48 0.0125 0.4375 0.025 0.13125
48 0.05625 0.44375 0.1 0.0625
5 0.40781 0.39062 0.04688 0.04375
48 0.23594 0.25312 0.34062 0.2625
48 0.32344 0.17656 0.34688 0.28438
48 0.26094 0.54688 0.14062 0.0875
48 0.72656 0.07812 0.18437 0.15625
48 0.54688 0.125 0.34375 0.25
48 0.55937 0.01719 0.18125 0.03438
48 0.79688 0.725 0.40625 0.55
48 0.08438 0.87812 0.1375 0.1125
48 0.02812 0.93125 0.05625 0.1375
48 0.91719 0.94375 0.16563 0.1125
48 0.59375 0.82031 0.8125 0.35938
48 0.32656 0.95781 0.30938 0.08437
48 0.42969 0.93906 0.25313 0.12187
48 0.03906 0.39219 0.07812 0.09063
48 0.3125 0.42344 0.13125 0.09063
