48 0.05 0.78906 0.1 0.15938
48 0.075 0.62656 0.15 0.16563
48 0.29844 0.34219 0.19062 0.14062
48 0.57187 0.97656 0.19375 0.04688
48 0.68125 0.9375 0.2125 0.125
48 0.34375 0.9 0.16875 0.1625
48 0.31094 0.75469 0.14062 0.12188
48 0.71875 0.82344 0.1375 0.12188
48 0.81875 0.79688 0.10625 0.0875
48 0.16563 0.7625 0.13125 0.13125
48 0.17344 0.97969 0.15937 0.04063
48 0.87031 0.96406 0.10938 0.07188
48 0.97344 0.97031 0.05312 0.05937
48 0.44219 0.975 0.17187 0.05
48 0.55156 0.55 0.12812 0.11875
48 0.42656 0.46406 0.20312 0.15937
48 0.8375 0.48438 0.19375 0.15
48 0.09062 0.84688 0.13125 0.11875
48 0.43125 0.67344 0.1875 0.13438
48 0.64531 0.45156 0.15937 0.14062
48 0.49844 0.74844 0.14062 0.09688
48 0.16875 0.45 0.15625 0.1625
48 0.63906 0.67188 0.15938 0.1375
5 0.91406 0.54531 0.04688 0.02812
48 0.26719 0.97969 0.15313 0.04063
48 0.84688 0.65156 0.20625 0.16563
48 0.55937 0.80781 0.1125 0.07812
48 0.95 0.79375 0.1 0.11875
48 0.87812 0.86875 0.1375 0.0875
48 0.41406 0.23594 0.18437 0.15937
48 0.48281 0.15937 0.18437 0.1125
48 0.67344 0.1125 0.17812 0.16875
48 0.98281 0.38281 0.03438 0.11562
48 0.99375 0.13906 0.0125 0.13438
48 0.55469 0.34219 0.15312 0.10938
48 0.19844 0.92656 0.10312 0.07812
48 0.07187 0.91719 0.14375 0.16563
48 0.44375 0.83594 0.18125 0.14688
48 0.59375 0.8625 0.15 0.09375
48 0.05469 0.52969 0.10938 0.07188
48 0.2625 0.49844 0.10625 0.10313
48 0.32188 0.5875 0.2125 0.15625
48 0.175 0.61875 0.2625 0.175
48 0.21406 0.82969 0.15313 0.13438
48 0.95469 0.31875 0.09062 0.0875
48 0.99219 0.29219 0.01562 0.14687
48 0.97188 0.00938 0.05625 0.01875
48 0.84531 0.33906 0.12187 0.07188
48 0.90469 0.38906 0.07812 0.05938
48 0.89219 0.2625 0.15312 0.125
48 0.96719 0.25469 0.06563 0.08438
48 0.99375 0.2125 0.0125 0.0875
48 0.77969 0.29063 0.10938 0.09375
48 0.6625 0.26406 0.13125 0.10312
48 0.75937 0.17188 0.2125 0.18125
48 0.81094 0.03906 0.18437 0.07812
48 0.8625 0.0625 0.13125 0.10625
48 0.94062 0.03906 0.11875 0.07812
48 0.71562 0.02344 0.18125 0.04688
48 0.94219 0.175 0.11562 0.1375
48 0.51562 0.00938 0.18125 0.01875
48 0.40469 0.03906 0.17813 0.07812
48 0.3125 0.0375 0.15 0.075
48 0.25 0.01562 0.16875 0.03125
48 0.04219 0.05469 0.08438 0.10938
48 0.51562 0.275 0.10625 0.1125
