53 0.73438 0.88594 0.53125 0.22813
48 0.00781 0.21094 0.01562 0.31563
18 0.3375 0.10312 0.08125 0.20625
18 0.40312 0.08906 0.08125 0.17812
19 0.19219 0.97031 0.07187 0.05937
19 0.22812 0.81875 0.075 0.25
5 0.91719 0.82344 0.05938 0.03437
5 0.80312 0.26094 0.05 0.04688
5 0.90938 0.54219 0.04375 0.05938
5 0.82031 0.22812 0.06563 0.05
5 0.97344 0.23594 0.03437 0.04688
5 0.76406 0.75312 0.02812 0.05
5 0.7 0.27031 0.03125 0.05313
5 0.99219 0.11875 0.01562 0.0625
5 0.99531 0.76719 0.00938 0.04063
5 0.84375 0.51094 0.03125 0.04688
5 0.71094 0.08281 0.03438 0.05312
5 0.65 0.59688 0.04375 0.05
5 0.79219 0.64688 0.03437 0.05
