48 0.99062 0.04375 0.01875 0.0875
48 0.79844 0.05 0.17188 0.1
48 0.92031 0.14062 0.15938 0.14375
48 0.42812 0.11406 0.20625 0.15312
48 0.57969 0.21719 0.21562 0.15313
48 0.93906 0.54375 0.12187 0.18125
48 0.71719 0.325 0.19063 0.15
48 0.27969 0.22188 0.24063 0.21875
48 0.07656 0.01719 0.15313 0.03438
48 0.24375 0.04375 0.3125 0.0875
48 0.12344 0.10156 0.22812 0.16563
48 0.69375 0.54531 0.2 0.16563
48 0.13906 0.49219 0.20937 0.19063
48 0.55937 0.4375 0.18125 0.15625
48 0.42344 0.33594 0.18438 0.15938
48 0.3125 0.65938 0.15 0.14375
48 0.83125 0.66875 0.19375 0.15625
48 0.29375 0.89531 0.175 0.14687
48 0.95781 0.79688 0.08437 0.16875
48 0.0375 0.6 0.075 0.16875
48 0.57187 0.8875 0.225 0.175
48 0.42969 0.7625 0.22188 0.1875
48 0.03438 0.90781 0.06875 0.14687
48 0.42031 0.9625 0.15937 0.075
48 0.69219 0.95938 0.20312 0.08125
48 0.1125 0.98125 0.2 0.0375
48 0.84531 0.42969 0.18437 0.14688
48 0.98438 0.24688 0.03125 0.14375
5 0.02031 0.18594 0.04062 0.03437
5 0.90781 0.96094 0.05312 0.04062
5 0.97031 0.94531 0.05937 0.04688
5 0.92656 0.85156 0.05312 0.03438
5 0.79375 0.82812 0.05 0.05
5 0.075 0.85 0.05 0.04375
5 0.68281 0.78594 0.04688 0.03437
5 0.20938 0.6 0.04375 0.0375
5 0.95938 0.35156 0.04375 0.03438
48 0.16406 0.75625 0.19062 0.175
