48 0.20156 0.78125 0.17187 0.11875
48 0.61875 0.94062 0.10625 0.11875
48 0.4625 0.9125 0.23125 0.175
5 0.74219 0.87188 0.05313 0.03125
5 0.48906 0.75469 0.05312 0.02813
5 0.55156 0.77031 0.04688 0.02813
48 0.59219 0.64531 0.13438 0.12812
48 0.71094 0.69531 0.17188 0.19687
5 0.47656 0.37344 0.04063 0.04688
48 0.55625 0.48281 0.14375 0.18437
48 0.65781 0.52344 0.14687 0.15312
48 0.77344 0.55625 0.13437 0.15625
48 0.97656 0.63594 0.04688 0.12188
48 0.925 0.78594 0.15 0.24062
5 0.53906 0.02969 0.02812 0.04062
48 0.65156 0.11562 0.13438 0.125
5 0.83281 0.00469 0.05312 0.00938
48 0.75312 0.13906 0.13125 0.10938
48 0.86562 0.27656 0.14375 0.11562
48 0.9 0.14375 0.15 0.15625
48 0.99219 0.02969 0.01562 0.05938
48 0.40156 0.05312 0.19688 0.10625
48 0.14531 0.02969 0.24688 0.05938
48 0.95156 0.3375 0.09688 0.1875
48 0.73438 0.25 0.14375 0.1375
48 0.60469 0.23125 0.10938 0.10625
48 0.74531 0.95625 0.14687 0.0875
48 0.88125 0.9625 0.1375 0.075
