7 0.84219 0.34062 0.03438 0.05625
5 0.79531 0.13594 0.05312 0.02812
48 0.41875 0.89844 0.33125 0.12813
48 0.04531 0.675 0.09062 0.1
48 0.60156 0.63906 0.17188 0.10313
48 0.88438 0.50156 0.1125 0.07187
5 0.76094 0.36719 0.05938 0.04063
48 0.46875 0.35 0.15625 0.09375
48 0.30625 0.96562 0.19375 0.06875
48 0.48594 0.61094 0.09063 0.04688
48 0.67188 0.32188 0.11875 0.1
48 0.94375 0.65938 0.1125 0.13125
5 0.16094 0.30469 0.04688 0.04063
5 0.79062 0.18438 0.04375 0.025
48 0.61719 0.175 0.09688 0.1
48 0.8875 0.74688 0.225 0.1375
48 0.97031 0.4125 0.05937 0.21875
48 0.05312 0.05938 0.10625 0.11875
48 0.07344 0.31719 0.14688 0.12812
5 0.69375 0.92031 0.04375 0.02812
48 0.00625 0.13906 0.0125 0.07812
48 0.10312 0.26719 0.16875 0.07187
48 0.62656 0.72969 0.11562 0.10313
5 0.90469 0.18281 0.04063 0.02812
48 0.59531 0.9125 0.12187 0.11875
48 0.08594 0.2 0.14062 0.0875
48 0.05469 0.49688 0.10938 0.1
48 0.45625 0.80469 0.09375 0.10938
48 0.65625 0.47031 0.10625 0.09688
5 0.68438 0.99531 0.04375 0.00938
5 0.73125 0.71406 0.05625 0.03437
48 0.40312 0.43125 0.15 0.09375
48 0.44531 0.26406 0.19063 0.10312
5 0.79531 0.08281 0.04688 0.02812
48 0.04531 0.81562 0.09062 0.2625
48 0.60156 0.80781 0.10938 0.10313
48 0.5375 0.25469 0.06875 0.06562
48 0.97812 0.01719 0.04375 0.03438
48 0.57969 0.35938 0.10313 0.0875
48 0.58906 0.26406 0.08437 0.10937
48 0.01406 0.575 0.02812 0.175
48 0.06094 0.6 0.12188 0.1
48 0.2125 0.67812 0.125 0.08125
48 0.4 0.52969 0.2375 0.09062
48 0.28125 0.40156 0.0875 0.04688
48 0.66094 0.38906 0.09063 0.04688
48 0.675 0.17969 0.175 0.11562
48 0.91094 0.3875 0.12812 0.1375
48 0.07812 0.40625 0.15625 0.1125
48 0.40312 0.7375 0.10625 0.06875
48 0.89844 0.98125 0.20312 0.0375
48 0.02656 0.02031 0.05312 0.04062
48 0.47344 0.14844 0.12812 0.04688
5 0.78125 0.26719 0.04375 0.03437
48 0.47188 0.97031 0.16875 0.05937
5 0.8125 0.61875 0.0375 0.05625
48 0.25625 0.58438 0.1 0.05
48 0.52812 0.42812 0.14375 0.05625
48 0.91719 0.56406 0.16563 0.08437
48 0.32344 0.79531 0.20312 0.10313
48 0.29375 0.21719 0.10625 0.05313
48 0.57344 0.06562 0.14062 0.075
48 0.94531 0.85312 0.10938 0.13125
5 0.11719 0.775 0.03437 0.05625
5 0.71562 0.74531 0.05625 0.04063
5 0.12031 0.70312 0.02812 0.05
5 0.69844 0.89375 0.04063 0.025
5 0.97656 0.02188 0.04688 0.04375
48 0.075 0.11719 0.11875 0.09687
5 0.10625 0.01562 0.04375 0.03125
5 0.74375 0.49531 0.05625 0.04063
48 0.525 0.81094 0.1125 0.10938
48 0.37344 0.17969 0.09063 0.06562
48 0.21719 0.8375 0.10312 0.1875
48 0.88594 0.92812 0.22813 0.125
48 0.66875 0.07344 0.21875 0.14688
48 0.43594 0.06719 0.17813 0.10938
5 0.7875 0.22656 0.05 0.03437
48 0.50938 0.74375 0.15 0.06875
48 0.39844 0.61875 0.22812 0.09375
5 0.77969 0.29375 0.04688 0.025
48 0.57812 0.98281 0.15 0.03438
48 0.58594 0.54844 0.22812 0.08437
48 0.32031 0.33281 0.17188 0.09687
5 0.68906 0.97031 0.05312 0.03438
5 0.69375 0.94687 0.04375 0.025
48 0.02031 0.22031 0.04062 0.10312
48 0.28438 0.44844 0.1 0.04688
5 0.70156 0.86406 0.05312 0.04063
5 0.75469 0.53281 0.05312 0.04688
5 0.76406 0.42656 0.05937 0.03437
48 0.20156 0.95469 0.08438 0.09062
48 0.31875 0.72812 0.09375 0.0625
48 0.51719 0.46875 0.15313 0.05
48 0.29688 0.25938 0.1 0.05
48 0.5 0.19219 0.15625 0.05313
48 0.55937 0.01562 0.55 0.03125
