5 0.37344 0.02188 0.03437 0.04375
5 0.95312 0.19844 0.03125 0.05313
48 0.06562 0.58281 0.1 0.07188
48 0.10625 0.66719 0.06875 0.05938
48 0.02656 0.66562 0.05312 0.1
48 0.04219 0.69219 0.08438 0.10313
48 0.00156 0.48438 0.00312 0.05625
48 0.0125 0.60156 0.025 0.14062
48 0.02344 0.52188 0.04688 0.05
48 0.09688 0.62187 0.08125 0.04375
48 0.00625 0.00469 0.0125 0.00938
48 0.24375 0.00469 0.15 0.00938
48 0.33125 0.21562 0.18125 0.09375
48 0.29219 0.09219 0.19062 0.18438
48 0.1375 0.025 0.09375 0.05
48 0.08281 0.02969 0.06562 0.05938
48 0.04375 0.03906 0.075 0.07812
48 0.18906 0.09375 0.07812 0.11875
48 0.15625 0.10781 0.0625 0.12812
48 0.125 0.12344 0.075 0.10938
48 0.08125 0.13438 0.05625 0.10625
48 0.21406 0.21875 0.11562 0.125
48 0.16719 0.22656 0.09688 0.14687
48 0.11406 0.24062 0.09688 0.11875
48 0.36719 0.40156 0.19063 0.15937
48 0.32812 0.30938 0.21875 0.1
48 0.51719 0.11719 0.17812 0.17812
48 0.46562 0.0375 0.175 0.075
48 0.67344 0.08906 0.17812 0.10937
48 0.65 0.36406 0.1125 0.13438
48 0.69219 0.18594 0.19062 0.11562
48 0.775 0.36094 0.175 0.09687
48 0.73906 0.25156 0.15937 0.09063
48 0.97188 0.05938 0.05625 0.0875
48 0.98125 0.15 0.0375 0.16875
5 0.92812 0.14219 0.04375 0.05938
5 0.96406 0.25625 0.05312 0.06875
48 0.99062 0.28906 0.01875 0.09062
5 0.0875 0.49375 0.04375 0.05
5 0.1375 0.54219 0.0375 0.04688
5 0.04531 0.45 0.04688 0.04375
5 0.00781 0.22031 0.01562 0.03437
5 0.03281 0.25469 0.04062 0.04063
5 0.275 0.60469 0.0375 0.04063
5 0.25781 0.6625 0.02187 0.0375
9 0.27187 0.475 0.0375 0.04375
5 0.34688 0.54375 0.0375 0.0375
5 0.50625 0.46406 0.025 0.02813
5 0.49062 0.33438 0.025 0.0375
5 0.50781 0.38438 0.02188 0.0375
48 0.64219 0.03125 0.17812 0.0625
48 0.36562 0.90156 0.24375 0.19688
48 0.25 0.94688 0.15 0.10625
48 0.62969 0.96719 0.20312 0.06563
48 0.50313 0.78438 0.19375 0.14375
48 0.52969 0.85 0.15312 0.10625
48 0.55469 0.88125 0.15312 0.09375
48 0.56875 0.93594 0.19375 0.12813
48 0.75312 0.99531 0.075 0.00938
48 0.71562 0.72188 0.26875 0.18125
48 0.79531 0.89375 0.17188 0.18125
48 0.93281 0.87812 0.11562 0.175
48 0.92188 0.64062 0.15625 0.2125
48 0.99375 0.89844 0.0125 0.20312
48 0.44219 0.49844 0.07188 0.05937
10 0.19688 0.42969 0.09375 0.09688
