10 0.58906 0.33438 0.02813 0.05
5 0.5125 0.32656 0.05 0.03437
48 0.36719 0.98281 0.18437 0.03438
48 0.47969 0.38906 0.10313 0.07187
48 0.21094 0.36719 0.07188 0.09688
48 0.29531 0.37187 0.07812 0.075
48 0.45 0.4375 0.06875 0.05625
48 0.42969 0.49688 0.06563 0.075
48 0.38281 0.26562 0.11562 0.0625
48 0.04688 0.48906 0.09375 0.06562
48 0.01094 0.41406 0.02188 0.09688
48 0.07969 0.27969 0.10938 0.05938
48 0.55625 0.22031 0.10625 0.09063
48 0.48438 0.08281 0.0625 0.05312
48 0.99062 0.07031 0.01875 0.07187
48 0.99531 0.15781 0.00938 0.09687
48 0.60156 0.09219 0.05313 0.07187
48 0.55625 0.15469 0.1 0.07187
48 0.62969 0.14688 0.07188 0.08125
48 0.65 0.09531 0.05625 0.05312
48 0.55469 0.04062 0.07812 0.075
48 0.57969 0.01562 0.09062 0.03125
48 0.41094 0.32812 0.12188 0.0875
48 0.3875 0.37813 0.09375 0.05
48 0.27344 0.23281 0.07812 0.05313
48 0.2125 0.2625 0.04375 0.0375
48 0.1125 0.23906 0.15625 0.09062
48 0.13594 0.33125 0.06563 0.0625
48 0.10781 0.13906 0.10312 0.13438
48 0.02812 0.11094 0.05625 0.09062
48 0.11875 0.04219 0.06875 0.08438
48 0.18906 0.05 0.09063 0.1
48 0.38438 0.00781 0.05625 0.01562
48 0.48281 0.00312 0.08438 0.00625
48 0.17812 0.15469 0.06875 0.12188
48 0.03438 0.04375 0.06875 0.0875
48 0.03125 0.00938 0.0625 0.01875
48 0.96094 0.0125 0.07812 0.025
48 0.53906 0.10469 0.07812 0.05938
48 0.44063 0.02812 0.04375 0.05625
48 0.48906 0.05 0.05938 0.025
48 0.28125 0.10469 0.125 0.07187
48 0.40156 0.05312 0.10313 0.0875
48 0.01094 0.19844 0.02188 0.14062
48 0.2125 0.23125 0.04375 0.03125
48 0.39844 0.20156 0.12813 0.05313
48 0.98281 0.44375 0.03438 0.1
48 0.35156 0.37969 0.03438 0.04688
48 0.05469 0.41562 0.07812 0.0875
48 0.03906 0.62031 0.07812 0.10938
48 0.01406 0.7625 0.02812 0.05
48 0.02188 0.80625 0.04375 0.04375
48 0.9625 0.76719 0.075 0.10938
48 0.96406 0.93125 0.07188 0.1375
48 0.85469 0.76562 0.14687 0.10625
48 0.38281 0.43906 0.07188 0.07187
48 0.37031 0.5125 0.05312 0.06875
48 0.31406 0.51562 0.06562 0.06875
48 0.87656 0.55156 0.07188 0.07812
48 0.99531 0.54844 0.00938 0.09688
48 0.41406 0.13125 0.14687 0.08125
48 0.86094 0.64062 0.10938 0.09375
48 0.06562 0.33906 0.075 0.08437
48 0.9875 0.64844 0.025 0.09688
48 0.31719 0.89219 0.30937 0.13438
48 0.27344 0.17969 0.13438 0.07812
48 0.96875 0.5625 0.05 0.0375
48 0.95625 0.6375 0.06875 0.13125
48 0.00938 0.87344 0.01875 0.13438
48 0.43281 0.77656 0.05938 0.09687
48 0.30469 0.03594 0.13438 0.07187
