48 0.40469 0.95938 0.17813 0.08125
48 0.06562 0.41719 0.075 0.09063
48 0.35781 0.05 0.19687 0.1
48 0.52812 0.02188 0.20625 0.04375
48 0.62344 0.05312 0.19063 0.10625
48 0.48281 0.09687 0.15937 0.125
48 0.19531 0.09688 0.17812 0.14375
48 0.35625 0.17188 0.20625 0.13125
48 0.21406 0.22344 0.14062 0.12187
48 0.06719 0.29219 0.13438 0.10938
48 0.15625 0.26719 0.125 0.12188
48 0.02188 0.48125 0.04375 0.11875
48 0.18281 0.3875 0.17812 0.14375
48 0.075 0.5625 0.15 0.1125
48 0.33594 0.32188 0.10938 0.10625
48 0.44062 0.27344 0.1625 0.10313
48 0.44688 0.39531 0.2125 0.12812
48 0.71562 0.17344 0.19375 0.14062
5 0.88906 0.22188 0.02187 0.04375
48 0.6 0.3375 0.1875 0.125
48 0.06562 0.89219 0.13125 0.21562
48 0.12344 0.72969 0.15937 0.19062
48 0.22813 0.67344 0.1 0.14687
48 0.36094 0.64219 0.18438 0.15938
48 0.52656 0.55469 0.17188 0.16562
48 0.61094 0.51406 0.10313 0.11563
48 0.98594 0.50625 0.02812 0.1625
48 0.90312 0.56875 0.19375 0.24375
48 0.80781 0.62656 0.19688 0.19063
48 0.92656 0.34375 0.14687 0.175
48 0.72812 0.42031 0.325 0.22188
48 0.92656 0.76562 0.14687 0.14375
48 0.96719 0.84375 0.06563 0.125
50 0.51875 0.71406 0.125 0.10313
48 0.33438 0.79062 0.21875 0.15625
48 0.5125 0.81562 0.11875 0.1125
48 0.56719 0.92188 0.19062 0.15625
48 0.18906 0.88281 0.15313 0.14062
5 0.35 0.89688 0.03125 0.0375
48 0.675 0.99688 0.2 0.00625
48 0.08125 0.99688 0.1625 0.00625
48 0.74844 0.83125 0.17812 0.13125
48 0.80781 0.91094 0.16563 0.11562
50 0.65156 0.69219 0.17812 0.13438
48 0.08438 0.02188 0.16875 0.04375
