5 0.26875 0.2625 0.0375 0.0625
6 0.02031 0.37812 0.04062 0.05625
5 0.10938 0.475 0.04375 0.0375
48 0.02031 0.14844 0.04062 0.15313
5 0.12656 0.66562 0.03437 0.04375
48 0.09375 0.59531 0.1 0.09688
48 0.00938 0.27187 0.01875 0.13125
5 0.32969 0.05 0.04062 0.0625
48 0.175 0.02188 0.16875 0.04375
48 0.2875 0.03438 0.1375 0.06875
48 0.07187 0.0125 0.14375 0.025
48 0.07969 0.95469 0.15937 0.09062
48 0.95156 0.98281 0.09688 0.03438
5 0.71562 0.51719 0.04375 0.06563
5 0.68906 0.58906 0.04688 0.05938
5 0.6625 0.67344 0.04375 0.06563
9 0.68594 0.40781 0.05937 0.07812
9 0.66094 0.48125 0.06562 0.075
48 0.14219 0.25938 0.28438 0.3125
48 0.05938 0.67812 0.11875 0.175
48 0.56563 0.85938 0.21875 0.19375
48 0.4 0.78125 0.21875 0.2
48 0.42656 0.99375 0.19062 0.0125
48 0.65625 0.95469 0.2 0.09062
48 0.99375 0.79844 0.0125 0.20312
48 0.05 0.49844 0.1 0.19688
48 0.51094 0.54688 0.21562 0.1875
48 0.56875 0.36719 0.21875 0.22813
48 0.12969 0.92812 0.15937 0.125
48 0.44219 0.075 0.15313 0.1
48 0.30312 0.9125 0.2 0.175
48 0.67812 0.15312 0.20625 0.23125
48 0.27969 0.66719 0.22812 0.17812
48 0.36562 0.50469 0.175 0.17812
48 0.92969 0.00625 0.14062 0.0125
48 0.17969 0.8 0.19688 0.15
48 0.40469 0.32344 0.17813 0.17812
48 0.51562 0.00469 0.1875 0.00938
48 0.87031 0.13594 0.14062 0.20938
48 0.99844 0.0375 0.00313 0.075
48 0.84844 0.53906 0.30312 0.52188
48 0.68438 0.02031 0.18125 0.04062
48 0.47344 0.16875 0.21563 0.1875
48 0.97031 0.1375 0.05937 0.15625
