5 0.84375 0.99219 0.025 0.01562
5 0.89219 0.9875 0.02187 0.025
5 0.91562 0.98906 0.025 0.02187
5 0.94062 0.98906 0.025 0.02187
5 0.97656 0.59688 0.02188 0.04375
5 0.93594 0.475 0.02187 0.04375
5 0.99844 0.475 0.00313 0.04375
53 0.75 0.97656 0.425 0.04688
53 0.79688 0.79531 0.40625 0.07812
48 0.31562 0.86719 0.225 0.26562
48 0.07031 0.62656 0.14062 0.27812
48 0.11406 0.97656 0.17812 0.04688
48 0.09219 0.07344 0.18438 0.14688
48 0.34062 0.02188 0.31875 0.04375
48 0.89844 0.25469 0.20312 0.50938
5 0.99531 0.58906 0.00938 0.03437
5 0.95781 0.66719 0.01562 0.02813
5 0.81406 0.48281 0.02187 0.03437
5 0.84375 0.48594 0.01875 0.03438
