48 0.04219 0.40156 0.07812 0.08437
48 0.35781 0.79531 0.22812 0.22188
48 0.03906 0.52812 0.07812 0.1375
48 0.46719 0.88438 0.14062 0.14375
48 0.00938 0.34375 0.01875 0.0625
48 0.14062 0.68281 0.18125 0.14062
48 0.21406 0.9625 0.15938 0.075
48 0.14844 0.45 0.19062 0.1375
48 0.69062 0.96406 0.125 0.07188
48 0.15313 0.6 0.1 0.08125
48 0.05781 0.81406 0.11562 0.09062
48 0.84688 0.98438 0.175 0.03125
48 0.03594 0.97812 0.06562 0.04375
48 0.09844 0.98438 0.08438 0.03125
48 0.03594 0.90938 0.06562 0.13125
48 0.27344 0.53438 0.13438 0.1
48 0.25312 0.63125 0.13125 0.1375
48 0.32344 0.69375 0.08437 0.0625
48 0.60469 0.84844 0.08437 0.08437
48 0.11406 0.86875 0.10938 0.10625
48 0.01094 0.20937 0.02188 0.0875
48 0.56719 0.91562 0.09063 0.10625
48 0.62813 0.99219 0.125 0.01562
48 0.76562 0.975 0.13125 0.05
48 0.025 0.27031 0.05 0.14688
48 0.07031 0.6125 0.12812 0.125
48 0.03281 0.76875 0.06562 0.0625
48 0.28281 0.97812 0.15937 0.04375
48 0.26094 0.725 0.14062 0.13125
48 0.52031 0.96875 0.15937 0.0625
48 0.60781 0.95938 0.07812 0.075
48 0.65781 0.89062 0.10313 0.09375
48 0.04688 0.04219 0.09375 0.08438
48 0.47188 0.51562 0.0625 0.08125
48 0.72656 0.17812 0.13437 0.08125
48 0.625 0.11406 0.10625 0.12187
48 0.7875 0.73438 0.08125 0.075
48 0.72031 0.09844 0.10938 0.11562
48 0.50313 0.59688 0.09375 0.10625
48 0.64219 0.23594 0.07188 0.15313
48 0.7875 0.07344 0.06875 0.05313
48 0.16719 0.06094 0.09062 0.09062
48 0.52031 0.49062 0.14687 0.1625
48 0.8875 0.33906 0.09375 0.04688
48 0.67188 0.5125 0.10625 0.08125
48 0.92031 0.75937 0.11562 0.13125
48 0.96406 0.33281 0.05938 0.06562
48 0.24062 0.10312 0.0875 0.09375
5 0.72344 0.63438 0.04063 0.05
48 0.37969 0.20938 0.15313 0.1375
48 0.52656 0.38594 0.07813 0.06562
48 0.9125 0.39531 0.175 0.07188
48 0.93438 0.45156 0.13125 0.07812
48 0.17656 0.14531 0.15312 0.14688
48 0.03594 0.09375 0.07187 0.10625
48 0.33906 0.34219 0.17812 0.17813
48 0.425 0.49844 0.0625 0.07188
48 0.27031 0.00625 0.10938 0.0125
48 0.59844 0.31563 0.04688 0.05
48 0.94219 0.53281 0.11562 0.08437
48 0.09844 0.00781 0.07187 0.01562
48 0.06719 0.18594 0.10312 0.14062
48 0.64375 0.04375 0.09375 0.08125
48 0.87188 0.60625 0.10625 0.06875
48 0.59531 0.17188 0.07188 0.0625
48 0.96875 0.93438 0.0625 0.10625
48 0.45312 0.08125 0.175 0.1625
48 0.95938 0.63125 0.08125 0.14375
48 0.90625 0.25312 0.1375 0.14375
48 0.31562 0.07812 0.26875 0.15625
48 0.84062 0.5125 0.05625 0.0625
48 0.425 0.26406 0.0625 0.05938
48 0.97656 0.80469 0.04688 0.08438
48 0.97188 0.27031 0.05625 0.17812
48 0.56406 0.25 0.09688 0.08125
48 0.70938 0.27812 0.1625 0.1875
48 0.625 0.625 0.15625 0.1
48 0.61719 0.45156 0.11563 0.30937
48 0.85625 0.67031 0.1375 0.09062
48 0.92031 0.13906 0.10938 0.09063
48 0.0875 0.26875 0.075 0.075
48 0.58125 0.37812 0.0625 0.09375
