6 0.08281 0.6625 0.05938 0.075
6 0.10625 0.6875 0.0625 0.0625
6 0.13438 0.70938 0.0625 0.05625
6 0.12031 0.56719 0.05938 0.05938
6 0.14687 0.5875 0.05625 0.0625
6 0.21719 0.50313 0.06562 0.05625
6 0.24219 0.525 0.06563 0.05625
6 0.26719 0.54219 0.05938 0.05312
9 0.29688 0.55625 0.075 0.08125
9 0.35469 0.59219 0.09687 0.09688
9 0.39531 0.63437 0.09063 0.1
9 0.44062 0.67969 0.0875 0.09062
6 0.45781 0.725 0.07188 0.05625
6 0.475 0.74688 0.06875 0.05625
6 0.51406 0.77656 0.05937 0.05938
9 0.35312 0.97656 0.1 0.04688
6 0.48594 0.98906 0.04688 0.02187
48 0.72188 0.87656 0.23125 0.23438
48 0.50781 0.98594 0.23438 0.02812
6 0.13438 0.87812 0.0625 0.05
48 0.53281 0.525 0.56563 0.5
48 0.19844 0.84531 0.39688 0.30937
53 0.40938 0.59219 0.81875 0.81562
