48 0.95156 0.95938 0.09688 0.08125
48 0.97188 0.88594 0.05625 0.07188
48 0.95625 0.63906 0.0875 0.21562
48 0.97031 0.46406 0.05937 0.06562
48 0.975 0.3875 0.05 0.075
48 0.98125 0.30625 0.0375 0.08125
48 0.9875 0.18906 0.025 0.07812
48 0.80156 0.025 0.10313 0.05
48 0.43594 0.29688 0.16563 0.125
48 0.38594 0.12188 0.21562 0.20625
48 0.06562 0.31875 0.13125 0.1625
48 0.14062 0.27187 0.1125 0.2
48 0.31563 0.63281 0.1375 0.13437
48 0.70156 0.4125 0.11562 0.23125
48 0.63281 0.45312 0.05313 0.1625
48 0.58281 0.42812 0.05312 0.125
48 0.74531 0.61875 0.07188 0.1
48 0.93906 0.77969 0.12187 0.09688
48 0.75469 0.73594 0.09063 0.07812
48 0.70469 0.80781 0.09062 0.09063
48 0.81094 0.88281 0.07188 0.11563
48 0.73594 0.97656 0.06563 0.04688
48 0.82812 0.97656 0.09375 0.04688
48 0.07812 0.9375 0.15625 0.125
48 0.08281 0.98906 0.15312 0.02187
48 0.26406 0.94531 0.16562 0.10938
48 0.37344 0.93594 0.06562 0.12813
48 0.45156 0.97344 0.05938 0.05312
48 0.63906 0.96094 0.11562 0.07812
48 0.5125 0.97344 0.0625 0.05312
48 0.02188 0.08906 0.04375 0.17812
48 0.00156 0.00469 0.00312 0.00938
48 0.0375 0.07812 0.075 0.15625
48 0.02188 0.00469 0.04375 0.00938
48 0.08125 0.05469 0.06875 0.10938
48 0.22969 0.01094 0.16562 0.02188
48 0.14219 0.05 0.10938 0.1
48 0.61562 0.71719 0.10625 0.14687
48 0.56406 0.73594 0.09062 0.18437
48 0.52031 0.75156 0.09063 0.17188
48 0.63125 0.81406 0.08125 0.10313
48 0.57187 0.85 0.0875 0.075
48 0.38125 0.78594 0.125 0.15937
48 0.29844 0.8375 0.10938 0.1125
48 0.22031 0.85312 0.09063 0.06875
48 0.05781 0.775 0.09688 0.1375
48 0.10781 0.74375 0.09063 0.14375
48 0.04688 0.675 0.09375 0.10625
48 0.87344 0.36875 0.14687 0.05
48 0.87031 0.40781 0.14062 0.05313
48 0.87031 0.44844 0.13438 0.05312
48 0.86562 0.49219 0.125 0.05313
48 0.33281 0.52656 0.12188 0.14687
48 0.41094 0.54531 0.15937 0.24063
48 0.47188 0.44062 0.05 0.0625
48 0.49219 0.48594 0.04688 0.05312
48 0.52031 0.55313 0.06562 0.11875
48 0.45781 0.38594 0.17812 0.10938
48 0.64844 0.29688 0.13437 0.1
48 0.63281 0.26094 0.14688 0.09063
48 0.62187 0.2125 0.14375 0.09375
48 0.73281 0.23438 0.09062 0.1875
48 0.8625 0.18438 0.16875 0.11875
48 0.87344 0.27969 0.16563 0.11563
48 0.57812 0.06875 0.1 0.1375
48 0.62031 0.06719 0.10938 0.13438
48 0.66719 0.0625 0.10938 0.125
48 0.10625 0.54062 0.2125 0.23125
48 0.85781 0.59531 0.14062 0.15938
48 0.71094 0.67969 0.04062 0.06563
48 0.26406 0.68125 0.09063 0.13125
48 0.23125 0.69375 0.08125 0.15
48 0.20156 0.70781 0.07187 0.12812
48 0.10312 0.3 0.09375 0.2125
48 0.025 0.78594 0.05 0.22813
48 0.48125 0.82344 0.11875 0.17812
