55 0.81094 0.47812 0.06563 0.10625
55 0.33594 0.16094 0.05312 0.06563
55 0.67031 0.28281 0.06563 0.07187
55 0.75469 0.46406 0.06562 0.10313
55 0.91406 0.26719 0.05313 0.06562
55 0.39688 0.17812 0.06875 0.0875
55 0.80156 0.32969 0.05312 0.07812
55 0.47031 0.20781 0.06563 0.05937
55 0.24062 0.45625 0.075 0.075
48 0.03594 0.2125 0.07187 0.425
55 0.5125 0.12188 0.04375 0.05625
55 0.88438 0.35312 0.08125 0.0875
55 0.84219 0.23906 0.06563 0.06562
55 0.26875 0.38125 0.075 0.09375
55 0.44375 0.10312 0.05 0.0625
55 0.53594 0.22812 0.07188 0.075
55 0.37344 0.08125 0.06562 0.0625
48 0.91562 0.39531 0.16875 0.64688
55 0.74219 0.30781 0.06563 0.07812
55 0.57969 0.14687 0.05937 0.05625
55 0.60469 0.25938 0.07188 0.075
