48 0.025 0.93125 0.05 0.1375
5 0.15625 0.85781 0.04375 0.03438
5 0.26719 0.77812 0.05938 0.03125
5 0.2625 0.80938 0.04375 0.025
48 0.37969 0.65 0.13438 0.13125
48 0.375 0.78438 0.11875 0.125
48 0.075 0.94531 0.0625 0.10938
48 0.14219 0.94844 0.06562 0.10313
48 0.2 0.95 0.08125 0.1
48 0.26094 0.95469 0.07812 0.09062
48 0.325 0.95312 0.075 0.09375
48 0.38438 0.9625 0.06875 0.075
48 0.44375 0.96562 0.075 0.06875
48 0.51094 0.96875 0.07813 0.0625
48 0.56563 0.97031 0.06875 0.05937
5 0.52812 0.57344 0.05 0.03437
48 0.50625 0.65625 0.13125 0.14375
48 0.49844 0.79531 0.13438 0.14062
48 0.62656 0.975 0.06563 0.05
48 0.6875 0.97812 0.075 0.04375
48 0.62969 0.65938 0.12812 0.14375
48 0.62187 0.79844 0.11875 0.14062
48 0.54688 0.07969 0.2 0.15937
48 0.74531 0.42031 0.17812 0.19062
48 0.75625 0.66875 0.14375 0.15
48 0.74062 0.80625 0.125 0.14375
48 0.87344 0.68125 0.14062 0.14375
48 0.85781 0.83438 0.12187 0.16875
48 0.95938 0.7 0.08125 0.13125
48 0.95625 0.85156 0.0875 0.17188
48 0.74844 0.98125 0.07188 0.0375
48 0.81406 0.97344 0.07188 0.05312
48 0.86719 0.98125 0.07187 0.0375
48 0.92969 0.9875 0.08438 0.025
48 0.98125 0.98906 0.0375 0.02187
48 0.98438 0.20938 0.03125 0.13125
48 0.94688 0.07031 0.10625 0.12812
48 0.725 0.1375 0.1625 0.125
48 0.02188 0.05781 0.04375 0.11562
48 0.74063 0.25625 0.0875 0.1125
48 0.60469 0.26094 0.19062 0.08437
48 0.82656 0.17812 0.09062 0.26875
5 0.98906 0.94219 0.02187 0.02187
