48 0.37031 0.98281 0.37812 0.03438
6 0.17812 0.97812 0.05625 0.04375
6 0.23281 0.96094 0.04062 0.05313
9 0.25938 0.94062 0.0375 0.04375
5 0.61406 0.98438 0.04688 0.03125
5 0.52656 0.44688 0.04688 0.03125
5 0.49062 0.41719 0.05 0.03437
5 0.27344 0.11562 0.02812 0.025
5 0.32344 0.12344 0.03437 0.03438
5 0.30938 0.15156 0.03125 0.03438
5 0.40625 0.10156 0.03125 0.05312
5 0.37031 0.09844 0.02187 0.03438
5 0.40312 0.13438 0.03125 0.025
5 0.35938 0.19219 0.04375 0.03438
5 0.30781 0.19844 0.05938 0.03438
4 0.67656 0.63906 0.04063 0.02812
4 0.65781 0.62656 0.03438 0.02812
5 0.85625 0.69688 0.05625 0.05
48 0.17969 0.85469 0.35938 0.29063
9 0.3375 0.99219 0.05625 0.01562
9 0.47188 0.86094 0.0625 0.04688
9 0.42969 0.78906 0.05312 0.05313
5 0.82812 0.54531 0.04375 0.02812
5 0.77812 0.55 0.04375 0.03125
5 0.81562 0.52812 0.0375 0.03125
5 0.74062 0.47656 0.04375 0.03438
5 0.76562 0.50938 0.0375 0.025
5 0.71562 0.47031 0.0375 0.02813
5 0.74375 0.44844 0.03125 0.02813
5 0.93438 0.51406 0.03125 0.03437
5 0.46719 0.39844 0.04062 0.03438
5 0.66875 0.38125 0.04375 0.0375
5 0.72969 0.37812 0.04688 0.03125
5 0.71719 0.3625 0.04688 0.03125
5 0.7 0.34219 0.0375 0.02813
5 0.55312 0.49062 0.03125 0.03125
5 0.78281 0.475 0.03438 0.03125
5 0.95312 0.28125 0.05 0.03125
5 0.5375 0.47031 0.04375 0.03437
5 0.58281 0.46562 0.02813 0.03125
5 0.71719 0.44062 0.04063 0.0375
5 0.70625 0.42344 0.0375 0.03437
5 0.69219 0.40156 0.04063 0.02813
5 0.925 0.25 0.04375 0.03125
5 0.62656 0.25469 0.04688 0.03437
5 0.57031 0.26094 0.05313 0.03438
5 0.43906 0.35938 0.04062 0.03125
5 0.60156 0.45312 0.03438 0.0375
5 0.55937 0.42969 0.0375 0.04063
5 0.64375 0.34531 0.0375 0.02813
5 0.55625 0.37187 0.04375 0.04375
5 0.575 0.41875 0.03125 0.0375
5 0.42969 0.2625 0.04688 0.0375
5 0.4125 0.24375 0.0375 0.03125
5 0.51719 0.39062 0.04062 0.03125
5 0.61406 0.32812 0.02813 0.0375
5 0.74219 0.2125 0.03438 0.03125
5 0.43438 0.34062 0.0375 0.025
5 0.41094 0.32969 0.03437 0.02813
5 0.44688 0.27969 0.04375 0.02813
5 0.59531 0.29219 0.03438 0.02813
5 0.58125 0.275 0.04375 0.03125
5 0.32031 0.21875 0.04688 0.03125
5 0.32969 0.23594 0.02813 0.03437
5 0.35469 0.23594 0.03437 0.02813
5 0.39062 0.28438 0.0375 0.03125
5 0.59844 0.31562 0.04063 0.0375
5 0.83438 0.31719 0.03125 0.02813
5 0.85469 0.33906 0.02187 0.04063
5 0.37812 0.13906 0.03125 0.04062
5 0.47656 0.33906 0.03438 0.02187
5 0.37188 0.25312 0.0375 0.025
5 0.34844 0.10312 0.02813 0.025
5 0.97188 0.3 0.05625 0.03125
5 0.40156 0.31094 0.04688 0.03437
48 0.27031 0.35 0.30312 0.30625
48 0.95938 0.01875 0.08125 0.0375
48 0.93125 0.71406 0.1375 0.15937
5 0.63281 0.59375 0.02812 0.025
5 0.86406 0.75469 0.02813 0.03437
9 0.84688 0.22344 0.04375 0.05937
48 0.2375 0.13438 0.1125 0.09375
24 0.86875 0.59688 0.0875 0.06875
24 0.6625 0.29531 0.05625 0.04688
5 0.72969 0.50625 0.02187 0.01875
5 0.64375 0.61094 0.0375 0.02187
