48 0.09531 0.00312 0.19062 0.00625
48 0.20625 0.06406 0.3375 0.12812
48 0.94062 0.025 0.11875 0.05
48 0.98906 0.05625 0.02187 0.1125
48 0.025 0.04219 0.05 0.08438
48 0.07656 0.07969 0.15313 0.12812
48 0.12344 0.1625 0.22812 0.225
48 0.03906 0.125 0.07812 0.1875
5 0.86875 0.04375 0.04375 0.04375
5 0.9 0.0625 0.05 0.05
5 0.92188 0.07812 0.05625 0.05
14 0.97812 0.11562 0.04375 0.05625
5 0.99844 0.125 0.00313 0.0375
5 0.78438 0.05938 0.05 0.0375
5 0.73438 0.10156 0.0625 0.03437
5 0.66719 0.05469 0.05312 0.02813
5 0.60781 0.07656 0.04063 0.03438
5 0.57031 0.10781 0.04688 0.04062
6 0.24062 0.29688 0.0625 0.075
5 0.175 0.36406 0.0375 0.04063
5 0.35156 0.32812 0.04063 0.0375
5 0.31094 0.37344 0.04062 0.04062
5 0.26562 0.41875 0.0375 0.0375
6 0.31406 0.45938 0.06562 0.06875
5 0.41094 0.50625 0.04688 0.04375
5 0.61875 0.64531 0.05 0.04063
5 0.48438 0.64688 0.05625 0.03125
5 0.68438 0.6875 0.0375 0.0375
5 0.77031 0.77969 0.04063 0.03438
5 0.79531 0.79844 0.04063 0.03438
5 0.85 0.77969 0.0375 0.02812
5 0.825 0.8125 0.04375 0.0375
5 0.97812 0.85625 0.04375 0.04375
5 0.98906 0.87031 0.02187 0.04063
5 0.99844 0.89375 0.00313 0.04375
5 0.50156 0.80625 0.05312 0.04375
5 0.53125 0.82969 0.05625 0.04688
5 0.65312 0.86875 0.0375 0.0375
5 0.67344 0.90156 0.05312 0.04063
5 0.72969 0.95469 0.04063 0.04063
5 0.75312 0.96562 0.0375 0.04375
5 0.78594 0.975 0.05312 0.04375
5 0.80781 0.98438 0.04688 0.03125
5 0.85938 0.99844 0.05 0.00313
5 0.02812 0.68281 0.0375 0.03437
48 0.05156 0.81562 0.10312 0.1625
48 0.0125 0.9375 0.025 0.125
48 0.225 0.81719 0.4125 0.26562
48 0.34844 0.99688 0.39062 0.00625
5 0.09219 0.87344 0.05938 0.03438
5 0.06875 0.89219 0.05 0.03438
5 0.10156 0.94062 0.05312 0.0375
5 0.25 0.96875 0.04375 0.0375
5 0.01562 0.55156 0.03125 0.04688
5 0.05781 0.64062 0.04062 0.0375
5 0.07344 0.40469 0.05313 0.02813
48 0.70469 0.28438 0.25313 0.2
48 0.50469 0.47969 0.20312 0.11562
48 0.5875 0.39844 0.2 0.15312
48 0.81719 0.35781 0.30312 0.24688
48 0.68906 0.47188 0.15312 0.0875
48 0.63125 0.53125 0.19375 0.125
48 0.9 0.39219 0.2 0.17188
48 0.97031 0.425 0.05937 0.1375
48 0.94062 0.49219 0.11875 0.12187
48 0.88594 0.57812 0.22187 0.15
48 0.71406 0.57188 0.17188 0.15
48 0.80781 0.49688 0.12812 0.1
48 0.79375 0.65156 0.175 0.12188
48 0.94219 0.63125 0.11562 0.15
48 0.87969 0.7 0.20312 0.125
48 0.95469 0.725 0.09062 0.175
48 0.98906 0.78125 0.02187 0.20625
5 0.30625 0.70625 0.05 0.04375
6 0.41094 0.70781 0.08437 0.04688
5 0.59219 0.63281 0.04063 0.04062
5 0.29063 0.66562 0.025 0.04375
