48 0.64688 0.99688 0.1 0.00625
48 0.44375 0.97344 0.1 0.05312
48 0.35625 0.98125 0.125 0.0375
48 0.71562 0.97188 0.08125 0.05625
48 0.74063 0.9375 0.11875 0.125
48 0.83125 0.92656 0.1375 0.14687
48 0.94219 0.88125 0.11562 0.1125
48 0.98594 0.85781 0.02812 0.09688
48 0.96406 0.7125 0.07188 0.15
48 0.8875 0.7375 0.1375 0.125
48 0.80312 0.64062 0.1375 0.13125
48 0.72031 0.68281 0.11562 0.13438
48 0.77969 0.76719 0.15312 0.13438
48 0.50625 0.7125 0.16875 0.15
48 0.52969 0.84219 0.17813 0.14062
48 0.25 0.76562 0.15625 0.13125
48 0.35156 0.79375 0.08437 0.10625
48 0.39375 0.75312 0.10625 0.08125
48 0.66094 0.78906 0.15937 0.12813
48 0.29844 0.88437 0.16562 0.11875
48 0.4125 0.84531 0.0875 0.10938
48 0.18906 0.91406 0.12812 0.09062
48 0.13906 0.82187 0.14687 0.11875
48 0.01406 0.57969 0.02812 0.15312
48 0.02656 0.68281 0.05312 0.11562
48 0.09688 0.63125 0.1625 0.11875
48 0.25781 0.49375 0.13438 0.11875
48 0.19375 0.61875 0.1 0.1125
48 0.25625 0.59688 0.11875 0.1
48 0.36875 0.59219 0.15 0.12813
48 0.43281 0.47656 0.12812 0.11563
48 0.01094 0.31406 0.02188 0.11563
48 0.12031 0.38594 0.17188 0.11562
48 0.24219 0.3625 0.16563 0.1125
48 0.00312 0.07188 0.00625 0.11875
48 0.03594 0.05 0.07187 0.1
48 0.11406 0.13281 0.14062 0.10938
48 0.32812 0.02031 0.225 0.04062
48 0.42188 0.07344 0.23125 0.14688
48 0.41406 0.2 0.16563 0.11875
48 0.64219 0.18906 0.17188 0.12188
48 0.725 0.26406 0.15625 0.12188
48 0.60469 0.29531 0.14687 0.10937
48 0.88125 0.0375 0.14375 0.075
48 0.94375 0.13906 0.1125 0.12188
48 0.69844 0.525 0.15937 0.13125
48 0.81094 0.49375 0.14062 0.1125
48 0.93281 0.46719 0.13438 0.12187
48 0.63594 0.40781 0.17188 0.13437
48 0.8 0.37969 0.19375 0.15313
48 0.52188 0.43594 0.1625 0.14062
48 0.37188 0.33281 0.15625 0.10938
48 0.04219 0.82656 0.08438 0.13438
48 0.00312 0.95938 0.00625 0.08125
48 0.63438 0.02031 0.175 0.04062
48 0.08281 0.04375 0.09688 0.0875
48 0.175 0.0375 0.15625 0.075
48 0.94688 0.28906 0.10625 0.09062
48 0.9875 0.36562 0.025 0.08125
48 0.06562 0.94219 0.13125 0.11562
48 0.48438 0.28906 0.15625 0.12187
48 0.95156 0.58438 0.09688 0.0625
48 0.57812 0.53438 0.1375 0.13125
48 0.46562 0.55781 0.10625 0.07812
48 0.58281 0.66719 0.09063 0.08437
48 0.01094 0.11562 0.02188 0.05625
48 0.04062 0.17344 0.08125 0.09063
48 0.77344 0.08281 0.21562 0.13438
48 0.85781 0.19531 0.10313 0.09687
48 0.27344 0.08438 0.10938 0.0875
