48 0.175 0.65469 0.03125 0.11562
48 0.31406 0.20625 0.09063 0.1
5 0.70312 0.14062 0.0625 0.01875
48 0.40938 0.66094 0.11875 0.17812
5 0.44531 0.775 0.06563 0.025
48 0.17344 0.18906 0.05313 0.10938
48 0.26406 0.88438 0.10937 0.14375
5 0.57031 0.12656 0.04688 0.02812
48 0.68125 0.37656 0.1875 0.12812
48 0.12812 0.21562 0.0625 0.14375
48 0.36094 0.99688 0.05938 0.00625
48 0.41719 0.36875 0.05938 0.08125
5 0.51094 0.1375 0.05938 0.01875
48 0.0125 0.83438 0.025 0.0875
48 0.73438 0.00625 0.125 0.0125
48 0.02344 0.49688 0.04688 0.0875
48 0.14062 0.49687 0.04375 0.08125
48 0.33906 0.67031 0.02813 0.09062
48 0.45156 0.90156 0.13438 0.19688
48 0.03906 0.89062 0.05313 0.1625
5 0.80469 0.975 0.02188 0.05
5 0.83281 0.44844 0.02187 0.05312
48 0.35625 0.88438 0.1125 0.175
48 0.03281 0.98594 0.06562 0.02812
48 0.00469 0.64531 0.00938 0.12188
48 0.02344 0.61094 0.04688 0.10313
5 0.95 0.0875 0.03125 0.04375
48 0.67344 0.67812 0.21562 0.1875
48 0.56406 0.94531 0.15938 0.10938
48 0.29844 0.99062 0.08438 0.01875
48 0.18125 0.50625 0.0375 0.0875
48 0.68125 0.98438 0.16875 0.03125
5 0.81094 0.39688 0.02812 0.05
48 0.28594 0.525 0.11562 0.11875
48 0.37969 0.21875 0.05938 0.14375
48 0.13906 0.85625 0.17812 0.1625
5 0.81719 0.33906 0.02813 0.04688
48 0.1 0.49219 0.03125 0.09062
48 0.2125 0.64688 0.0375 0.15
48 0.38438 0.52031 0.05 0.10313
48 0.34844 0.51719 0.04063 0.10938
48 0.70156 0.19844 0.12187 0.10938
48 0.44063 0.52031 0.075 0.12812
5 0.6375 0.13281 0.05625 0.02187
48 0.22188 0.50781 0.04375 0.09062
48 0.61094 0.84844 0.29688 0.13438
5 0.35781 0.43594 0.05938 0.02188
48 0.03281 0.19844 0.06562 0.17188
48 0.06562 0.49844 0.0375 0.09687
48 0.27812 0.66875 0.08125 0.125
48 0.50469 0.36719 0.14687 0.11562
48 0.25469 0.19062 0.04688 0.0875
48 0.58125 0.22344 0.0375 0.14062
48 0.07656 0.65156 0.08438 0.12812
48 0.15937 0.97344 0.15625 0.05312
48 0.33281 0.34844 0.10938 0.11562
48 0.42344 0.20938 0.04062 0.08125
5 0.91875 0.00312 0.03125 0.00625
48 0.10156 0.34375 0.06562 0.075
48 0.18906 0.35156 0.14063 0.08437
48 0.20625 0.19375 0.05 0.1125
48 0.22813 0.99688 0.06875 0.00625
5 0.97031 0.83594 0.04688 0.02188
48 0.0375 0.33125 0.075 0.10625
48 0.45938 0.21406 0.03125 0.10312
