53 0.41719 0.45312 0.23438 0.10625
53 0.54375 0.15781 0.14375 0.20938
53 0.52969 0.32812 0.21562 0.1
4 0.55625 0.15156 0.01875 0.04062
48 0.2125 0.0875 0.2375 0.125
5 0.51562 0.14375 0.0375 0.01875
5 0.46406 0.32188 0.04063 0.025
5 0.49531 0.06562 0.02813 0.04375
5 0.59844 0.15937 0.02187 0.0375
8 0.19688 0.15625 0.03125 0.04375
48 0.39688 0.21562 0.2 0.15625
4 0.55312 0.11094 0.01875 0.03437
4 0.01406 0.47188 0.02812 0.04375
4 0.42031 0.47188 0.02188 0.03125
5 0.53281 0.34531 0.05312 0.01562
11 0.61562 0.33594 0.03125 0.04063
5 0.57344 0.10469 0.02187 0.03438
4 0.49844 0.43594 0.04688 0.02188
11 0.52969 0.46875 0.02812 0.0375
4 0.52188 0.2125 0.05 0.025
5 0.47344 0.47188 0.01562 0.0375
4 0.3625 0.47344 0.01875 0.03437
5 0.46406 0.29844 0.05312 0.02813
5 0.50938 0.12344 0.05625 0.02813
5 0.50313 0.47031 0.03125 0.03437
4 0.44531 0.47188 0.02187 0.03125
4 0.45469 0.4375 0.04062 0.01875
4 0.34375 0.4375 0.04375 0.01875
5 0.50469 0.10312 0.04063 0.01875
4 0.39688 0.43906 0.05 0.02188
4 0.04219 0.46719 0.02812 0.03437
4 0.33906 0.475 0.02187 0.0375
4 0.52188 0.23281 0.05 0.02188
4 0.39219 0.47344 0.01562 0.03437
4 0.52031 0.18594 0.05312 0.02188
