48 0.0125 0.97812 0.025 0.03125
48 0.21875 0.99375 0.06875 0.0125
48 0.325 0.86719 0.0625 0.07187
48 0.19531 0.96719 0.05312 0.06563
48 0.13438 0.94688 0.08125 0.10625
48 0.05156 0.95 0.05312 0.075
48 0.00312 0.91562 0.00625 0.13125
51 0.04062 0.41406 0.08125 0.30937
48 0.99531 0.03125 0.00938 0.0625
48 0.36562 0.63437 0.09375 0.0875
48 0.22031 0.31875 0.08438 0.08125
48 0.15469 0.36719 0.17188 0.31563
48 0.02812 0.99219 0.05625 0.01562
48 0.9875 0.97969 0.025 0.04063
48 0.96875 0.97188 0.0625 0.05625
48 0.9875 0.8625 0.025 0.1375
48 0.96875 0.84375 0.0625 0.15
48 0.93594 0.83281 0.08437 0.15313
48 0.89375 0.80156 0.08125 0.12812
48 0.82969 0.78594 0.07812 0.10313
48 0.78281 0.78906 0.07812 0.15312
48 0.74219 0.78594 0.06563 0.14062
48 0.70938 0.775 0.08125 0.15625
48 0.84844 0.95625 0.10938 0.0875
48 0.79844 0.95312 0.05937 0.09375
48 0.76094 0.95156 0.06562 0.09688
48 0.71562 0.94219 0.09375 0.11562
48 0.67344 0.92656 0.06563 0.12188
48 0.62969 0.91719 0.07812 0.11562
48 0.53281 0.9125 0.15938 0.13125
48 0.64531 0.74063 0.07188 0.11875
48 0.60469 0.72812 0.07188 0.1125
48 0.5625 0.70781 0.06875 0.09687
48 0.46406 0.68125 0.10313 0.1125
48 0.44531 0.82812 0.04688 0.03125
48 0.38594 0.85 0.08437 0.13125
48 0.36094 0.7125 0.05938 0.05
48 0.34844 0.75156 0.04688 0.04688
48 0.31563 0.70312 0.05 0.0375
48 0.30156 0.74219 0.06562 0.05937
48 0.28906 0.78906 0.07188 0.06563
48 0.11562 0.81406 0.0875 0.10313
48 0.19375 0.81562 0.10625 0.1125
48 0.0375 0.79062 0.075 0.0875
48 0.08906 0.69844 0.12813 0.10938
48 0.02031 0.69375 0.04062 0.0625
48 0.16875 0.60781 0.05625 0.12813
48 0.13281 0.59844 0.05312 0.12188
48 0.09844 0.59531 0.05313 0.10938
48 0.23594 0.625 0.06562 0.11875
48 0.28438 0.60625 0.05625 0.05
48 0.27969 0.64531 0.04688 0.05312
48 0.19531 0.73594 0.14687 0.08437
