49 0.84375 0.02656 0.3125 0.05312
6 0.01562 0.00625 0.03125 0.0125
5 0.02188 0.07187 0.04375 0.0375
5 0.16875 0.0125 0.0625 0.025
5 0.13125 0.10469 0.05 0.04062
5 0.10312 0.11094 0.05 0.03437
5 0.09375 0.04688 0.05625 0.0375
5 0.04688 0.05781 0.05625 0.04062
5 0.22969 0.17969 0.06563 0.03437
5 0.31094 0.17812 0.06562 0.04375
5 0.40938 0.23594 0.06875 0.03437
6 0.44688 0.27812 0.06875 0.05
9 0.475 0.19688 0.13125 0.075
5 0.46719 0.15937 0.05313 0.03125
5 0.50313 0.25938 0.05625 0.0375
5 0.53125 0.3 0.05625 0.0375
5 0.56719 0.32656 0.05312 0.03437
5 0.78594 0.32344 0.05938 0.03437
6 0.67188 0.32969 0.075 0.05938
5 0.70625 0.40625 0.04375 0.025
5 0.75938 0.42969 0.04375 0.03438
5 0.80781 0.45938 0.05312 0.03125
5 0.7875 0.42656 0.04375 0.03437
5 0.82656 0.42656 0.05312 0.03437
5 0.88281 0.425 0.05937 0.04375
5 0.88594 0.5 0.05312 0.0375
5 0.65156 0.38906 0.05938 0.04062
5 0.35938 0.24375 0.04375 0.03125
9 0.43594 0.225 0.12188 0.05625
5 0.56406 0.29219 0.03438 0.02813
5 0.61094 0.35938 0.05312 0.0375
5 0.75156 0.38594 0.03438 0.02813
5 0.84531 0.47812 0.04063 0.03125
5 0.73438 0.39688 0.0375 0.03125
5 0.87812 0.47031 0.0375 0.02813
5 0.99219 0.53125 0.01562 0.025
5 0.97812 0.54688 0.04375 0.03125
5 0.93281 0.4875 0.04063 0.03125
4 0.93906 0.52344 0.05312 0.03438
5 0.22031 0.14531 0.04688 0.03438
