5 0.00312 0.13438 0.00625 0.01875
6 0.65469 0.01875 0.06563 0.0375
6 0.52344 0.04375 0.09688 0.06875
5 0.01719 0.30938 0.03438 0.03125
5 0.21406 0.12344 0.04062 0.02187
5 0.37344 0.17969 0.05313 0.02813
5 0.25625 0.12812 0.04375 0.025
5 0.09062 0.12656 0.0625 0.02812
48 0.37187 0.30625 0.075 0.05
48 0.58594 0.48438 0.14062 0.19375
58 0.96094 0.50313 0.07812 0.075
48 0.39531 0.84844 0.20312 0.15937
48 0.57656 0.70156 0.26562 0.17812
50 0.24219 0.975 0.14687 0.05
48 0.57656 0.86719 0.15312 0.17188
48 0.34844 0.48906 0.22188 0.19688
48 0.13125 0.66719 0.2625 0.17188
48 0.01719 0.39531 0.03438 0.38438
49 0.04219 0.05781 0.08438 0.11562
