5 0.16562 0.0875 0.04375 0.05625
5 0.575 0.99219 0.06875 0.01562
5 0.81562 0.90781 0.06875 0.03438
5 0.98594 0.83125 0.02812 0.0375
48 0.275 0.61719 0.55 0.46562
48 0.19531 0.4125 0.39062 0.5
48 0.44219 0.69844 0.88438 0.51562
48 0.59219 0.75938 0.81562 0.48125
6 0.13281 0.98906 0.05312 0.02187
6 0.0875 0.99062 0.05625 0.01875
5 0.50156 0.03125 0.02813 0.0375
5 0.52969 0.05312 0.04688 0.01875
5 0.38438 0.22344 0.05 0.01562
5 0.74062 0.99062 0.04375 0.01875
5 0.00938 0.14531 0.01875 0.02188
5 0.42969 0.29844 0.04063 0.02188
5 0.94844 0.9125 0.03437 0.025
5 0.86406 0.52812 0.03437 0.03125
5 0.925 0.52969 0.0375 0.03438
5 0.87969 0.02188 0.04063 0.025
5 0.37031 0.2 0.03437 0.01875
5 0.79062 0.97812 0.04375 0.025
5 0.98125 0.90469 0.03125 0.02812
5 0.82344 0.9625 0.04063 0.025
5 0.36094 0.17031 0.04062 0.02188
5 0.12656 0.10312 0.02812 0.03125
5 0.82812 0.52656 0.0375 0.04063
5 0.64531 0.0375 0.04063 0.025
5 0.41875 0.35312 0.025 0.0375
5 0.70781 0.99688 0.04063 0.00625
5 0.19531 0.08281 0.03437 0.03438
5 0.89375 0.56719 0.03125 0.03437
5 0.31094 0.175 0.03437 0.03125
5 0.12188 0.96719 0.03125 0.02812
5 0.91875 0.925 0.04375 0.0375
5 0.1625 0.97031 0.03125 0.02812
8 0.91719 0.56406 0.02813 0.04063
5 0.85469 0.95156 0.03437 0.02812
5 0.88437 0.93906 0.0375 0.02812
5 0.99375 0.89062 0.0125 0.025
5 0.30781 0.05781 0.04063 0.03437
5 0.41094 0.25781 0.03437 0.02187
5 0.87344 0.58594 0.04063 0.02812
