48 0.05156 0.01094 0.10312 0.02188
48 0.00938 0.04219 0.01875 0.08438
48 0.06562 0.075 0.13125 0.1
5 0.02188 0.35156 0.04375 0.03438
48 0.11562 0.03906 0.175 0.07812
48 0.20937 0.07656 0.15625 0.11562
48 0.15 0.1375 0.15 0.1
5 0.97344 0.91406 0.05312 0.05313
5 0.95156 0.89375 0.04063 0.04375
5 0.85781 0.83594 0.04063 0.04688
5 0.7875 0.8 0.05 0.04375
5 0.8125 0.8125 0.05 0.0375
5 0.75781 0.7125 0.06563 0.04375
5 0.84062 0.68906 0.05625 0.04688
5 0.68906 0.74688 0.04688 0.04375
5 0.63438 0.70781 0.04375 0.04063
5 0.6125 0.69844 0.04375 0.04063
5 0.58594 0.68281 0.02812 0.03437
5 0.56875 0.66875 0.04375 0.0375
5 0.53906 0.65469 0.04062 0.04063
5 0.51562 0.63438 0.04375 0.04375
5 0.4875 0.62031 0.05625 0.04688
5 0.45938 0.60469 0.04375 0.04063
5 0.43906 0.58906 0.06562 0.04063
5 0.37656 0.55625 0.04688 0.05
5 0.34375 0.54062 0.05 0.04375
5 0.29531 0.5125 0.04688 0.04375
5 0.23906 0.48125 0.05937 0.0375
5 0.19062 0.44844 0.05625 0.03437
5 0.12031 0.40938 0.05313 0.04375
5 0.39844 0.41406 0.05937 0.05312
5 0.14531 0.32656 0.05313 0.02813
5 0.27656 0.4 0.05312 0.03125
5 0.3625 0.38906 0.05 0.04062
5 0.57031 0.17344 0.05313 0.03437
5 0.07031 0.38125 0.04688 0.03125
5 0.19375 0.36094 0.05625 0.04062
5 0.55469 0.20156 0.04062 0.04062
5 0.05 0.20938 0.05 0.04375
5 0.64375 0.12188 0.05625 0.03125
5 0.61875 0.07656 0.0375 0.04688
5 0.76406 0.07656 0.04688 0.04062
5 0.73125 0.06719 0.04375 0.03438
5 0.69687 0.10625 0.0375 0.0375
5 0.73125 0.11875 0.04375 0.0375
5 0.74063 0.14531 0.0375 0.04062
5 0.36719 0.05156 0.04688 0.04688
5 0.49219 0.00156 0.04062 0.00312
5 0.60312 0.00156 0.0375 0.00312
5 0.95312 0.38125 0.05 0.0375
5 0.99375 0.39375 0.0125 0.05625
5 0.13594 0.80625 0.05938 0.0375
48 0.3125 0.12969 0.14375 0.12187
48 0.24062 0.19844 0.15 0.11562
48 0.32969 0.25625 0.15313 0.125
48 0.4125 0.19219 0.14375 0.10312
48 0.50313 0.25312 0.15625 0.11875
48 0.42969 0.31406 0.17188 0.13437
48 0.59219 0.31094 0.15938 0.11563
48 0.53438 0.36875 0.15625 0.11875
48 0.69219 0.36094 0.13438 0.10938
48 0.6125 0.42656 0.16875 0.12812
48 0.78906 0.41875 0.18437 0.13125
48 0.71562 0.4875 0.20625 0.13125
48 0.90312 0.50313 0.19375 0.175
48 0.86406 0.57656 0.25938 0.17813
48 0.9625 0.65469 0.075 0.12187
48 0.80938 0.01719 0.28125 0.03438
48 0.92969 0.07187 0.14062 0.14375
48 0.8875 0.04531 0.225 0.09062
48 0.98438 0.1 0.03125 0.2
5 0.63594 0.01875 0.04688 0.0375
5 0.99531 0.44531 0.00938 0.04063
5 0.91562 0.38906 0.05 0.03437
5 0.81875 0.32812 0.0375 0.04375
5 0.83906 0.34531 0.04063 0.05313
5 0.525 0.48906 0.04375 0.04063
42 0.77656 0.18125 0.08437 0.0375
42 0.88437 0.24844 0.0875 0.02813
5 0.39688 0.06406 0.05 0.04063
5 0.41406 0.10781 0.05312 0.04062
5 0.7 0.2625 0.0375 0.04375
5 0.72812 0.27656 0.04375 0.04688
