48 0.6375 0.9 0.725 0.2
48 0.49219 0.26875 0.30313 0.5375
48 0.24844 0.58281 0.12812 0.09063
5 0.8 0.04219 0.04375 0.05313
5 0.75156 0.02188 0.04688 0.04375
5 0.88437 0.08594 0.06875 0.02813
5 0.88125 0.13594 0.0625 0.03438
5 0.88437 0.16406 0.06875 0.03437
5 0.87812 0.18906 0.0625 0.02813
5 0.87812 0.2625 0.06875 0.025
5 0.74219 0.34844 0.05313 0.04063
5 0.74375 0.39062 0.05 0.04375
5 0.73906 0.55156 0.05312 0.04063
5 0.8625 0.45312 0.0625 0.03125
5 0.86719 0.47969 0.05937 0.02813
5 0.86406 0.52188 0.07188 0.03125
5 0.875 0.55312 0.0625 0.03125
53 0.93281 0.15 0.13438 0.3
5 0.08594 0.69844 0.08438 0.03437
