5 0.1 0.6125 0.05625 0.0625
48 0.98438 0.05312 0.03125 0.10625
5 0.37344 0.26719 0.04062 0.04062
48 0.90625 0.525 0.1875 0.2
48 0.16875 0.875 0.25 0.16875
5 0.65781 0.01562 0.04688 0.03125
5 0.62969 0.00469 0.04688 0.00938
48 0.04219 0.46562 0.08438 0.18125
5 0.55625 0.58438 0.0625 0.05
48 0.84844 0.11406 0.29063 0.21562
5 0.1875 0.98906 0.0625 0.02187
48 0.80469 0.38594 0.16562 0.15313
48 0.32656 0.60312 0.19062 0.2
48 0.13281 0.19844 0.26562 0.23438
48 0.93438 0.80625 0.13125 0.275
48 0.65156 0.2875 0.16563 0.18125
48 0.41406 0.90469 0.22812 0.19063
5 0.1375 0.6125 0.0375 0.0625
5 0.57812 0.3125 0.05625 0.05
5 0.23906 0.00156 0.04688 0.00312
48 0.53906 0.15937 0.17188 0.15
5 0.70312 0.69844 0.05625 0.07812
48 0.55625 0.7125 0.21875 0.20625
48 0.39375 0.06406 0.21875 0.12812
48 0.64219 0.01562 0.28438 0.03125
48 0.94375 0.2625 0.1125 0.23125
