48 0.81719 0.00469 0.09687 0.00938
48 0.87344 0.05938 0.11562 0.1
48 0.76875 0.125 0.1125 0.125
48 0.61094 0.14062 0.14687 0.1625
48 0.99375 0.09688 0.0125 0.13125
48 0.97656 0.20937 0.04688 0.15625
48 0.98281 0.29844 0.03438 0.08438
48 0.95 0.48125 0.1 0.125
48 0.87812 0.43125 0.13125 0.14375
48 0.75312 0.42188 0.1125 0.08125
48 0.52812 0.72344 0.25625 0.24688
48 0.32656 0.63906 0.31562 0.24687
48 0.13438 0.80781 0.26875 0.33438
9 0.19844 0.45 0.05313 0.05
48 0.13281 0.9875 0.26562 0.025
48 0.65781 0.23125 0.10313 0.10625
48 0.69219 0.09531 0.10938 0.09687
48 0.60312 0.3875 0.08125 0.125
48 0.5375 0.25156 0.1 0.07813
48 0.89844 0.01562 0.10312 0.03125
48 0.91875 0.17969 0.1375 0.13438
48 0.625 0.03281 0.08125 0.06562
48 0.70938 0.17812 0.125 0.08125
48 0.62813 0.30156 0.11875 0.06562
48 0.95625 0.09375 0.0875 0.11875
48 0.78594 0.32031 0.14687 0.16563
48 0.74062 0.8125 0.51875 0.375
48 0.97812 0.03438 0.04375 0.06875
48 0.73281 0.0375 0.15938 0.075
48 0.09844 0.14844 0.19688 0.28438
48 0.81719 0.23281 0.06562 0.07187
48 0.12344 0.02344 0.24688 0.04688
48 0.56406 0.00781 0.09062 0.01562
48 0.89531 0.325 0.15313 0.125
48 0.2 0.225 0.3625 0.34375
48 0.52188 0.17188 0.14375 0.09375
5 0.74688 0.52656 0.0375 0.02187
48 0.23281 0.89688 0.30313 0.20625
48 0.45938 0.94062 0.1875 0.11875
