5 0.45 0.35781 0.025 0.02188
5 0.43125 0.66406 0.025 0.04062
5 0.42656 0.39844 0.03437 0.01562
5 0.41719 0.54844 0.02813 0.04063
5 0.43125 0.72969 0.025 0.04063
5 0.36406 0.99531 0.02813 0.00938
5 0.1375 0.01562 0.025 0.03125
5 0.39062 0.38125 0.025 0.05
48 0.04219 0.11406 0.08438 0.22812
48 0.86563 0.19688 0.24375 0.29375
48 0.60469 0.18594 0.24062 0.29062
48 0.24531 0.175 0.27812 0.29375
48 0.5625 0.5125 0.1125 0.0875
48 0.57188 0.67344 0.15625 0.23438
48 0.82344 0.55312 0.19688 0.125
48 0.80156 0.69844 0.22813 0.12812
48 0.19375 0.66562 0.225 0.275
5 0.42656 0.94531 0.02813 0.04688
48 0.93281 0.86875 0.06562 0.05
