48 0.1125 0.63594 0.0875 0.10313
48 0.17031 0.57187 0.10938 0.1
5 0.45781 0.3375 0.05312 0.0375
5 0.53438 0.37656 0.0625 0.04062
5 0.69375 0.53438 0.03125 0.025
5 0.83906 0.5875 0.05312 0.025
48 0.64062 0.61094 0.11875 0.10938
48 0.27187 0.49375 0.175 0.175
48 0.22969 0.89531 0.10938 0.10313
48 0.57969 0.3 0.22188 0.1375
5 0.59375 0.40156 0.05625 0.04063
48 0.14844 0.73438 0.14687 0.11875
48 0.77031 0.38281 0.24062 0.15312
48 0.19062 0.65625 0.13125 0.1
48 0.69531 0.95625 0.11563 0.0875
5 0.68906 0.43906 0.05937 0.04688
5 0.74531 0.45469 0.06562 0.03437
48 0.85469 0.88594 0.15937 0.12188
5 0.39219 0.31406 0.07187 0.04062
48 0.30469 0.67031 0.08437 0.14687
48 0.99844 0.93594 0.00313 0.12813
48 0.83125 0.97812 0.09375 0.04375
48 0.11406 0.96875 0.11562 0.0625
48 0.7375 0.69531 0.1625 0.17813
48 0.92031 0.75469 0.15938 0.15937
48 0.40312 0.24375 0.1125 0.09375
48 0.42031 0.75781 0.06562 0.09062
48 0.37656 0.89062 0.18438 0.1875
5 0.8125 0.47969 0.05625 0.03437
48 0.60156 0.95625 0.09062 0.0875
48 0.78281 0.99219 0.11562 0.01562
48 0.49219 0.61719 0.21562 0.25937
