5 0.97031 0.08906 0.05937 0.05938
5 0.80625 0.0125 0.0625 0.025
5 0.79062 0.03281 0.08125 0.03438
5 0.84531 0.30938 0.07812 0.03125
5 0.84219 0.37031 0.09688 0.04688
48 0.50313 0.10469 0.31875 0.20938
48 0.4875 0.28125 0.4625 0.225
48 0.11094 0.06719 0.22188 0.13438
48 0.01719 0.59844 0.03438 0.14687
48 0.00312 0.82031 0.00625 0.08438
5 0.02188 0.86094 0.04375 0.05312
48 0.00312 0.92812 0.00625 0.14375
48 0.21875 0.95781 0.23125 0.06562
48 0.29375 0.9875 0.11875 0.025
48 0.41875 0.96094 0.15 0.07812
48 0.5375 0.96406 0.175 0.07188
48 0.69062 0.875 0.21875 0.125
48 0.91406 0.81562 0.17188 0.1375
48 0.9 0.92188 0.1 0.0625
48 0.78906 0.9625 0.25313 0.075
48 0.46406 0.81719 0.27812 0.12812
5 0.33594 0.725 0.06563 0.03125
48 0.46719 0.69062 0.18437 0.06875
48 0.26719 0.63125 0.35938 0.1
48 0.36719 0.45469 0.19063 0.09063
48 0.20937 0.45312 0.15625 0.09375
48 0.59062 0.51562 0.35 0.15
48 0.95312 0.57812 0.09375 0.09375
48 0.85625 0.59688 0.13125 0.075
48 0.675 0.63438 0.21875 0.1125
48 0.61562 0.7 0.15625 0.08125
