48 0.84531 0.63125 0.13438 0.1125
48 0.2375 0.39531 0.1875 0.15937
48 0.87188 0.22031 0.0375 0.03437
48 0.58281 0.2 0.09063 0.075
48 0.29375 0.25469 0.19375 0.14062
48 0.93438 0.51406 0.13125 0.25312
48 0.32031 0.525 0.39688 0.175
48 0.83438 0.48125 0.0625 0.06875
48 0.42656 0.22813 0.09063 0.06875
48 0.94062 0.1875 0.11875 0.23125
48 0.30156 0.09375 0.15937 0.1375
48 0.78438 0.30625 0.15 0.1875
48 0.67031 0.12031 0.12813 0.19688
48 0.96875 0.37656 0.0625 0.05313
48 0.18438 0.66875 0.1625 0.15
48 0.52344 0.06562 0.11563 0.13125
9 0.09219 0.36406 0.04688 0.06562
5 0.28438 0.18594 0.05625 0.02813
8 0.40312 0.775 0.025 0.05625
5 0.325 0.76875 0.03125 0.05
48 0.54531 0.68906 0.17188 0.12813
10 0.36562 0.775 0.05 0.06875
10 0.2875 0.85 0.08125 0.025
48 0.32812 0.67656 0.175 0.14062
48 0.71562 0.67813 0.1375 0.11875
