48 0.975 0.71719 0.05 0.09062
48 0.66094 0.24219 0.09063 0.15938
48 0.98125 0.63125 0.0375 0.1
48 0.92344 0.94844 0.15312 0.10313
48 0.99844 0.99688 0.00313 0.00625
5 0.40938 0.00156 0.075 0.00312
5 0.03281 0.7375 0.05938 0.025
48 0.07344 0.78125 0.11562 0.0875
48 0.04688 0.85938 0.09375 0.09375
48 0.05 0.94219 0.1 0.09687
48 0.175 0.84531 0.125 0.10313
48 0.26094 0.85312 0.10938 0.11875
48 0.36406 0.87344 0.16563 0.14687
48 0.5 0.90781 0.14375 0.14062
48 0.60469 0.93906 0.10313 0.12187
48 0.66406 0.94844 0.12187 0.10313
5 0.82031 0.95 0.04062 0.05625
48 0.35781 0.97656 0.11563 0.04688
48 0.25156 0.97031 0.12812 0.05937
48 0.11094 0.99062 0.09687 0.01875
48 0.03594 0.56563 0.07187 0.11875
48 0.02344 0.36875 0.04688 0.1
48 0.01875 0.45781 0.0375 0.10937
48 0.05 0.48594 0.0875 0.07812
48 0.07344 0.43594 0.09062 0.04688
48 0.06875 0.37031 0.0875 0.10313
48 0.02344 0.32031 0.04688 0.04063
48 0.04375 0.26875 0.0875 0.10625
48 0.02188 0.15781 0.04375 0.12188
48 0.05469 0.06562 0.10938 0.13125
48 0.12969 0.08125 0.16562 0.13125
48 0.09687 0.18906 0.15625 0.11562
48 0.17188 0.26094 0.06875 0.05938
48 0.18125 0.35781 0.13125 0.07187
48 0.15937 0.40156 0.125 0.06562
48 0.16094 0.46406 0.10312 0.08437
48 0.11719 0.53906 0.15313 0.12187
48 0.21406 0.55625 0.10312 0.10625
48 0.27031 0.55937 0.07188 0.08125
48 0.22969 0.15625 0.17188 0.18125
48 0.30312 0.2375 0.1125 0.08125
48 0.34688 0.19219 0.06875 0.05937
48 0.3125 0.16719 0.06875 0.09062
48 0.32812 0.11094 0.05625 0.04688
48 0.36562 0.13125 0.06875 0.0875
48 0.30156 0.31719 0.15937 0.13438
48 0.45781 0.16875 0.14687 0.15
48 0.58125 0.18125 0.15625 0.125
48 0.41562 0.3625 0.14375 0.10625
48 0.54062 0.37031 0.1375 0.07812
48 0.48594 0.42188 0.06563 0.075
48 0.35469 0.55156 0.14687 0.12188
48 0.32656 0.64688 0.13437 0.0875
48 0.46562 0.62031 0.15 0.11562
48 0.49531 0.51719 0.14687 0.14062
48 0.57812 0.60781 0.1125 0.06563
48 0.6 0.55937 0.09375 0.06875
48 0.64844 0.59531 0.06563 0.09688
48 0.6125 0.68125 0.08125 0.11875
48 0.66562 0.7 0.075 0.08125
48 0.73125 0.70312 0.1 0.0625
48 0.72031 0.64844 0.15938 0.07187
48 0.71094 0.57656 0.09688 0.08437
48 0.76875 0.5875 0.0625 0.08125
48 0.60156 0.46719 0.09062 0.12187
48 0.69844 0.50469 0.15313 0.09687
48 0.675 0.44531 0.0875 0.05312
48 0.7875 0.51562 0.08125 0.06875
48 0.73594 0.45781 0.06563 0.04063
48 0.79844 0.47031 0.09062 0.04062
5 0.95312 0.46562 0.0375 0.05625
48 0.80469 0.28438 0.12187 0.06875
48 0.73594 0.18906 0.10938 0.13437
48 0.81875 0.22344 0.14375 0.09687
48 0.80156 0.16562 0.06562 0.04375
5 0.99844 0.10938 0.00313 0.05625
48 0.7625 0.00625 0.14375 0.0125
48 0.8125 0.01719 0.06875 0.03438
48 0.87188 0.01875 0.1125 0.0375
48 0.74531 0.42344 0.18438 0.07187
