9 0.75469 0.30469 0.04688 0.07188
5 0.975 0.38906 0.025 0.02813
5 0.99531 0.41562 0.00938 0.03125
5 0.90781 0.27187 0.03438 0.03125
48 0.38125 0.18125 0.08125 0.10625
48 0.5875 0.75781 0.225 0.20312
48 0.05156 0.77344 0.10312 0.31563
5 0.89844 0.22031 0.04062 0.04062
48 0.37344 0.10156 0.09687 0.14062
48 0.62969 0.28438 0.06562 0.1125
48 0.4375 0.57969 0.11875 0.07812
48 0.4875 0.77812 0.125 0.18125
48 0.64688 0.90469 0.25 0.19063
48 0.46562 0.93281 0.1 0.13438
48 0.7 0.98906 0.1625 0.02187
48 0.45156 0.65781 0.10313 0.12187
48 0.51875 0.42969 0.3125 0.24687
48 0.375 0.58125 0.06875 0.0875
48 0.20781 0.67969 0.32188 0.15938
5 0.78281 0.99375 0.03438 0.0125
6 0.98281 0.05625 0.03438 0.05
5 0.73125 0.87344 0.04375 0.04063
5 0.87344 0.98438 0.04688 0.03125
48 0.33125 0.88438 0.2875 0.23125
48 0.50781 0.63906 0.09688 0.05937
48 0.50781 0.60469 0.07812 0.04688
48 0.18125 0.30312 0.3625 0.60625
48 0.90938 0.84688 0.18125 0.30625
48 0.48438 0.05156 0.29375 0.10312
48 0.52969 0.90312 0.15312 0.14375
48 0.41406 0.71719 0.15938 0.17812
48 0.58906 0.60781 0.20313 0.15938
5 0.72188 0.75625 0.0625 0.025
48 0.08125 0.80938 0.1 0.16875
48 0.17188 0.94844 0.34375 0.10313
48 0.50625 0.22188 0.23125 0.21875
