48 0.28125 0.22656 0.3875 0.45312
48 0.78906 0.23906 0.42188 0.47812
15 0.91562 0.98438 0.16875 0.03125
11 0.70156 0.95312 0.19688 0.09375
11 0.29844 0.69531 0.20313 0.10938
11 0.89375 0.90625 0.20625 0.10625
11 0.0125 0.225 0.025 0.18125
11 0.24062 0.8125 0.20625 0.1
11 0.35469 0.76406 0.20312 0.11562
14 0.02031 0.95781 0.04062 0.08437
11 0.01875 0.44375 0.0375 0.10625
11 0.16094 0.6125 0.19062 0.09375
11 0.8375 0.92813 0.2 0.1
11 0.19219 0.50469 0.22188 0.05312
11 0.00781 0.04219 0.01562 0.08438
55 0.4625 0.96719 0.225 0.06563
55 0.66094 0.99219 0.18438 0.01562
11 0.025 0.79531 0.05 0.17188
11 0.15312 0.69375 0.2 0.0875
14 0.47656 0.78281 0.13437 0.14062
11 0.09531 0.62969 0.19062 0.10938
