48 0.41562 0.2125 0.83125 0.425
48 0.61563 0.5625 0.30625 0.33125
11 0.34844 0.61563 0.09063 0.15
11 0.23594 0.54688 0.09063 0.1375
11 0.07969 0.61719 0.15937 0.07187
5 0.02812 0.79375 0.04375 0.05
5 0.10938 0.79375 0.0375 0.05
5 0.22812 0.79375 0.03125 0.04375
5 0.26875 0.79375 0.0375 0.04375
5 0.30156 0.79219 0.03437 0.04688
5 0.33438 0.79219 0.0375 0.05312
5 0.36406 0.78906 0.04063 0.04688
5 0.40625 0.79375 0.03125 0.04375
5 0.43906 0.79688 0.04062 0.05
5 0.46562 0.79531 0.0375 0.04688
5 0.52031 0.8625 0.05312 0.025
48 0.36719 0.93906 0.73438 0.12187
48 0.99375 0.96406 0.0125 0.07188
53 0.25156 0.79844 0.50313 0.08437
53 0.2125 0.57656 0.425 0.25312
