48 0.96875 0.01875 0.0625 0.0375
48 0.95625 0.09219 0.0875 0.07187
48 0.78125 0.00938 0.10625 0.01875
48 0.69688 0.04219 0.14375 0.08438
48 0.94688 0.14062 0.10625 0.08125
48 0.7375 0.10781 0.09375 0.11562
48 0.67188 0.175 0.0875 0.09375
48 0.57187 0.06562 0.1 0.1125
48 0.60781 0.12969 0.07812 0.08438
48 0.6375 0.0125 0.1 0.025
48 0.42812 0.02031 0.1375 0.04062
48 0.91094 0.0375 0.17812 0.075
5 0.72188 0.28125 0.05 0.04375
5 0.84375 0.20938 0.05 0.05
5 0.85469 0.11719 0.04063 0.04063
5 0.8125 0.08281 0.01875 0.04688
5 0.83125 0.0875 0.025 0.0375
5 0.9125 0.19219 0.05 0.03438
5 0.88906 0.23438 0.04688 0.0375
5 0.89219 0.21094 0.05312 0.04063
5 0.925 0.17812 0.04375 0.03125
48 0.02031 0.35312 0.04062 0.11875
48 0.025 0.54062 0.05 0.1875
13 0.59375 0.54062 0.125 0.0875
48 0.90938 0.72031 0.08125 0.07812
48 0.78906 0.67031 0.08438 0.06563
48 0.74375 0.72344 0.08125 0.08437
48 0.81875 0.85312 0.1375 0.14375
48 0.93281 0.80313 0.11562 0.15
48 0.9125 0.93281 0.175 0.13438
48 0.77812 0.9625 0.075 0.075
48 0.62344 0.9 0.05312 0.05
48 0.60312 0.92969 0.05 0.04688
48 0.63125 0.96406 0.0625 0.05312
48 0.63906 0.97812 0.14687 0.04375
48 0.82656 0.975 0.10938 0.05
48 0.84219 0.29688 0.10313 0.08125
48 0.3625 0.37188 0.06875 0.0625
48 0.14219 0.96875 0.09062 0.0625
47 0.84688 0.67812 0.05 0.04375
