48 0.30625 0.725 0.13125 0.09375
48 0.32344 0.82031 0.12812 0.09062
48 0.03906 0.70938 0.07812 0.1
48 0.38594 0.90469 0.17812 0.10938
48 0.10312 0.76406 0.1125 0.12813
48 0.38906 0.99688 0.13437 0.00625
48 0.21875 0.70938 0.0875 0.08125
48 0.16094 0.88125 0.14688 0.1375
48 0.52969 0.9875 0.14062 0.025
48 0.00938 0.58438 0.01875 0.125
48 0.00781 0.97188 0.01562 0.05625
48 0.24531 0.95625 0.11562 0.0875
48 0.31406 0.60781 0.11563 0.09688
48 0.05781 0.87656 0.11562 0.09062
48 0.12812 0.60781 0.13125 0.09062
48 0.1 0.97031 0.09375 0.05937
48 0.24844 0.85938 0.12188 0.15
48 0.16406 0.73125 0.08438 0.09375
48 0.14844 0.9875 0.15313 0.025
48 0.02188 0.92969 0.04375 0.14062
48 0.5125 0.95312 0.13125 0.09375
48 0.18594 0.67344 0.14062 0.09062
