5 0.61875 0.87656 0.0375 0.05937
5 0.68281 0.86719 0.02813 0.04688
5 0.77656 0.91875 0.02813 0.05
5 0.59375 0.975 0.03125 0.05
5 0.5375 0.98594 0.03125 0.02812
5 0.66562 0.77969 0.025 0.05312
5 0.84062 0.75781 0.05 0.02812
5 0.75156 0.7625 0.02812 0.05
5 0.76875 0.66875 0.025 0.05
5 0.56094 0.86406 0.02812 0.05312
5 0.80469 0.72812 0.02188 0.04375
5 0.74844 0.39375 0.05312 0.025
5 0.87812 0.54688 0.05625 0.03125
5 0.9125 0.50469 0.05625 0.02813
5 0.67188 0.54375 0.03125 0.04375
5 0.44375 0.88125 0.0375 0.04375
5 0.88906 0.37187 0.03438 0.05
5 0.92812 0.36562 0.03125 0.04375
5 0.95469 0.38125 0.02812 0.05
5 0.46562 0.62813 0.0375 0.05
5 0.49687 0.57188 0.03125 0.05
5 0.47031 0.71719 0.03437 0.05312
5 0.56094 0.4625 0.04063 0.04375
5 0.62344 0.47344 0.02187 0.04063
5 0.68281 0.47969 0.02187 0.04688
5 0.60938 0.55469 0.025 0.04688
5 0.97656 0.55313 0.04688 0.025
5 0.96094 0.52812 0.04688 0.01875
5 0.525 0.6625 0.01875 0.0375
5 0.79531 0.49688 0.02187 0.04375
5 0.78438 0.55156 0.01875 0.04688
5 0.775 0.60781 0.01875 0.04063
5 0.48438 0.92813 0.01875 0.0375
5 0.72031 0.59531 0.02812 0.05312
5 0.99062 0.60156 0.01875 0.02188
5 0.82344 0.66719 0.02813 0.04688
5 0.73594 0.87656 0.02187 0.04063
5 0.4375 0.98906 0.025 0.02187
5 0.54375 0.94219 0.01875 0.04688
5 0.66719 0.91094 0.02187 0.03437
5 0.59531 0.61094 0.02812 0.04063
5 0.70938 0.65469 0.025 0.04063
5 0.65938 0.97969 0.025 0.04063
5 0.6875 0.99062 0.01875 0.01875
5 0.63906 0.75469 0.02187 0.04063
5 0.72188 0.94844 0.01875 0.04063
5 0.85 0.72656 0.04375 0.02188
48 0.84844 0.8625 0.12188 0.2
53 0.57656 0.72344 0.43437 0.55312
53 0.99844 0.97344 0.00313 0.05312
5 0.47812 0.98906 0.025 0.02187
5 0.50156 0.83906 0.02813 0.05312
