48 0.0375 0.58125 0.075 0.18125
48 0.64375 0.0875 0.1875 0.11875
48 0.81094 0.12656 0.22813 0.12812
48 0.43125 0.07187 0.25625 0.14375
48 0.32656 0.375 0.65312 0.54375
5 0.70469 0.68594 0.05937 0.04063
5 0.28906 0.9875 0.03438 0.025
5 0.09375 0.79688 0.04375 0.05
5 0.02031 0.83281 0.04062 0.04063
5 0.0375 0.84531 0.04375 0.03438
5 0.16094 0.96406 0.07187 0.04063
10 0.38594 0.86562 0.05938 0.04375
48 0.3875 0.66875 0.4875 0.3375
48 0.87031 0.53438 0.25938 0.50625
5 0.58594 0.98438 0.04688 0.03125
5 0.54844 0.95312 0.04063 0.04375
5 0.76562 0.73125 0.05625 0.025
5 0.17969 0.85 0.04688 0.0375
9 0.15 0.85156 0.075 0.07187
48 0.19531 0.24844 0.39062 0.35938
48 0.71562 0.39688 0.56875 0.54375
