48 0.8 0.06406 0.4 0.12812
48 0.97344 0.18281 0.05312 0.24062
48 0.55 0.92188 0.1125 0.125
48 0.70312 0.60469 0.1 0.29063
48 0.61562 0.60625 0.125 0.41875
48 0.79688 0.56563 0.09375 0.2125
48 0.60625 0.84062 0.04375 0.05
10 0.96562 0.6625 0.06875 0.05625
10 0.96094 0.69375 0.07812 0.05625
10 0.95469 0.72344 0.09062 0.05312
10 0.94531 0.75625 0.10938 0.0625
10 0.94531 0.79375 0.10938 0.0625
10 0.94844 0.82656 0.10313 0.05937
10 0.93906 0.85938 0.12187 0.05625
5 0.16719 0.14531 0.04688 0.02812
5 0.14531 0.275 0.04062 0.025
5 0.78438 0.30781 0.04375 0.02813
5 0.24375 0.24375 0.04375 0.03125
5 0.14687 0.25 0.0375 0.03125
5 0.22656 0.28438 0.04688 0.01875
5 0.24688 0.20469 0.05 0.02813
8 0.77656 0.34844 0.04688 0.02813
5 0.25938 0.16719 0.04375 0.02812
5 0.29531 0.17188 0.02813 0.0375
5 0.12969 0.35156 0.04062 0.02187
5 0.69219 0.31094 0.05312 0.03437
10 0.97656 0.58281 0.04688 0.07812
8 0.39688 0.08125 0.03125 0.0625
5 0.225 0.31562 0.0625 0.03125
10 0.28438 0.62813 0.0375 0.0625
5 0.18594 0.08906 0.04688 0.02188
5 0.13281 0.33281 0.04063 0.02187
5 0.69531 0.2875 0.04688 0.025
5 0.14688 0.22656 0.04375 0.02813
5 0.18125 0.10781 0.0375 0.02812
10 0.60469 0.17031 0.04063 0.05938
5 0.26562 0.14375 0.04375 0.025
5 0.13906 0.31406 0.04062 0.02188
5 0.27344 0.09844 0.04688 0.02812
5 0.275 0.08281 0.05 0.02812
53 0.27656 0.20312 0.44688 0.40625
5 0.1625 0.16406 0.04375 0.02187
5 0.78594 0.28594 0.04688 0.02813
5 0.78906 0.27031 0.04062 0.02187
5 0.79062 0.24844 0.04375 0.02188
5 0.15 0.20469 0.04375 0.02813
5 0.29688 0.00156 0.08125 0.00312
5 0.26719 0.12031 0.04688 0.02812
5 0.15625 0.18594 0.04375 0.02188
5 0.22188 0.35156 0.05625 0.02812
