6 0.09531 0.49375 0.05938 0.03125
5 0.30312 0.49688 0.0375 0.025
5 0.35312 0.4625 0.05625 0.025
5 0.68125 0.24219 0.05625 0.02812
5 0.63281 0.17969 0.03438 0.03437
5 0.50313 0.38281 0.025 0.02812
6 0.76406 0.18281 0.04688 0.04688
5 0.575 0.03125 0.04375 0.025
5 0.73906 0.10469 0.03437 0.02812
5 0.46875 0.41562 0.0375 0.0375
5 0.4125 0.99844 0.05 0.00313
5 0.24844 0.2 0.05313 0.03125
48 0.90938 0.22031 0.18125 0.19687
9 0.93594 0.79375 0.02187 0.05
5 0.42812 0.97031 0.04375 0.02812
5 0.45312 0.92656 0.0375 0.04688
5 0.32969 0.38281 0.05938 0.05312
48 0.39844 0.69844 0.22812 0.34687
48 0.23125 0.68281 0.13125 0.10938
48 0.3875 0.50469 0.15 0.09063
48 0.80781 0.47344 0.30938 0.20312
48 0.98438 0.71562 0.03125 0.28125
48 0.75469 0.60781 0.30312 0.20937
48 0.69687 0.77969 0.30625 0.23438
48 0.92031 0.91875 0.15938 0.1625
5 0.43281 0.09063 0.05938 0.04375
5 0.45 0.10938 0.05 0.0375
48 0.34531 0.08125 0.69062 0.1625
10 0.33281 0.27656 0.17188 0.12188
44 0.09531 0.45156 0.09062 0.05313
