5 0.26875 0.17656 0.01875 0.06563
5 0.1125 0.59844 0.03125 0.05938
5 0.48906 0.55 0.01562 0.05
5 0.51094 0.55 0.02187 0.05
5 0.94375 0.5375 0.025 0.05
5 0.53594 0.54844 0.02187 0.04688
5 0.63594 0.54688 0.01562 0.04375
5 0.7625 0.55937 0.025 0.04375
5 0.60312 0.88906 0.05 0.02812
5 0.28125 0.32656 0.01875 0.04688
48 0.92812 0.37344 0.14375 0.12812
5 0.91094 0.54062 0.02187 0.04375
48 0.65469 0.28281 0.30937 0.32187
5 0.97188 0.54375 0.01875 0.05
5 0.85156 0.08906 0.02188 0.05313
5 0.79375 0.55469 0.0375 0.04688
48 0.95156 0.05625 0.09688 0.1125
5 0.68906 0.54219 0.02187 0.04688
5 0.20469 0.8625 0.02188 0.04375
48 0.66719 0.07187 0.31562 0.14375
10 0.35469 0.09219 0.06562 0.07187
5 0.84062 0.87344 0.05 0.02187
5 0.24062 0.92656 0.0375 0.06562
5 0.35156 0.35625 0.03438 0.06875
5 0.65469 0.87188 0.04063 0.03125
5 0.65781 0.54219 0.02187 0.04688
5 0.89531 0.87656 0.04688 0.02812
8 0.61562 0.54688 0.01875 0.0375
5 0.72188 0.55 0.01875 0.04375
5 0.56406 0.55 0.02187 0.04375
48 0.97188 0.27344 0.05625 0.08437
5 0.34062 0.16562 0.01875 0.04375
5 0.25156 0.75625 0.02813 0.05625
5 0.01562 0.18281 0.03125 0.04688
5 0.99531 0.53906 0.00938 0.04688
5 0.88437 0.54531 0.025 0.04688
5 0.44375 0.54844 0.03125 0.05312
5 0.78125 0.875 0.05 0.03125
5 0.53906 0.91094 0.04062 0.03437
8 0.08281 0.60312 0.04062 0.075
5 0.40469 0.0125 0.02813 0.025
5 0.73281 0.87812 0.06563 0.01875
48 0.67969 0.99375 0.05937 0.0125
48 0.72344 0.99531 0.05312 0.00938
5 0.31875 0.76406 0.01875 0.05937
5 0.46875 0.55 0.01875 0.05625
48 0.75937 0.99531 0.0375 0.00938
5 0.22813 0.60156 0.025 0.06563
5 0.83438 0.55 0.03125 0.0625
48 0.79688 0.99688 0.04375 0.00625
8 0.09687 0.875 0.04375 0.08125
