48 0.02031 0.50937 0.04062 0.1
48 0.00938 0.60312 0.01875 0.1125
48 0.00781 0.77656 0.01562 0.14687
48 0.04688 0.80625 0.06875 0.0875
48 0.11094 0.71406 0.07188 0.07188
48 0.03125 0.91406 0.0625 0.08438
48 0.09219 0.90625 0.07812 0.04375
48 0.11406 0.79219 0.09062 0.10938
48 0.00938 0.96094 0.01875 0.07812
48 0.31719 0.81875 0.06562 0.06875
48 0.025 0.9875 0.05 0.025
48 0.08594 0.9875 0.12188 0.025
48 0.22656 0.93594 0.05937 0.12813
48 0.33906 0.95312 0.10313 0.09375
48 0.31562 0.87812 0.11875 0.06875
48 0.21406 0.85312 0.08437 0.05625
48 0.1375 0.86094 0.09375 0.05312
48 0.4375 0.97188 0.075 0.05625
48 0.19062 0.79688 0.08125 0.09375
48 0.95938 0.14219 0.08125 0.13438
48 0.56094 0.42188 0.07188 0.13125
48 0.72031 0.41719 0.10938 0.13438
48 0.94375 0.64062 0.1125 0.19375
48 0.73281 0.55312 0.14687 0.15625
48 0.57188 0.56875 0.1125 0.06875
48 0.87656 0.63125 0.08437 0.0625
48 0.98281 0.875 0.03438 0.05625
48 0.38594 0.80312 0.10313 0.075
48 0.25156 0.77344 0.07187 0.10312
48 0.01094 0.86094 0.02188 0.10313
48 0.06562 0.50781 0.05625 0.07187
48 0.09844 0.47188 0.04062 0.06875
48 0.15 0.4125 0.075 0.1125
48 0.225 0.57812 0.0625 0.1
48 0.15 0.53281 0.0625 0.09688
48 0.43281 0.66875 0.10313 0.075
48 0.80781 0.08281 0.15313 0.12813
