6 0.00312 0.05156 0.00625 0.05312
9 0.12031 0.02344 0.04687 0.04688
48 0.10781 0.98125 0.17812 0.0375
48 0.10156 0.92344 0.13438 0.09062
48 0.71875 0.64375 0.1 0.175
48 0.60781 0.74063 0.11562 0.1625
48 0.68281 0.82812 0.10313 0.18125
48 0.87344 0.89688 0.19688 0.20625
48 0.96094 0.94375 0.07812 0.1125
48 0.97031 0.10781 0.05937 0.12188
48 0.92188 0.04531 0.05625 0.09062
48 0.76875 0.27812 0.16875 0.2625
48 0.80156 0.09062 0.09063 0.1375
48 0.79219 0.02344 0.06562 0.04688
48 0.62344 0.08281 0.22188 0.16562
48 0.47031 0.0125 0.17812 0.025
48 0.47344 0.07344 0.12188 0.14688
48 0.32031 0.07812 0.25313 0.1375
48 0.36719 0.01719 0.10313 0.03438
48 0.37344 0.30938 0.15937 0.1375
48 0.19844 0.28594 0.18438 0.13438
48 0.35312 0.40781 0.1375 0.08438
48 0.44219 0.43906 0.07812 0.12813
48 0.56094 0.48281 0.09062 0.05937
48 0.29219 0.68125 0.14687 0.20625
48 0.12031 0.78906 0.15938 0.10938
48 0.15781 0.68594 0.07188 0.10313
48 0.09375 0.69375 0.06875 0.1
48 0.14062 0.58594 0.0875 0.07187
48 0.20781 0.58906 0.05313 0.07812
48 0.18125 0.50469 0.14375 0.09063
48 0.30469 0.53438 0.10313 0.0625
48 0.32344 0.47656 0.12188 0.07187
48 0.00312 0.57344 0.00625 0.19688
48 0.01094 0.48125 0.02188 0.1
48 0.01562 0.39375 0.03125 0.1
48 0.0125 0.3125 0.025 0.09375
48 0.01406 0.22188 0.02812 0.075
48 0.00312 0.00312 0.00625 0.00625
48 0.05781 0.00938 0.09688 0.01875
48 0.46094 0.86406 0.10312 0.07188
48 0.77656 0.84219 0.07812 0.15938
