48 0.52031 0.35938 0.22188 0.275
5 0.51562 0.49687 0.04375 0.01875
5 0.4625 0.49844 0.04375 0.02188
5 0.61875 0.50469 0.05 0.02187
5 0.56563 0.54531 0.0375 0.02187
5 0.76875 0.60781 0.04375 0.02187
5 0.54531 0.56875 0.03438 0.01875
48 0.45 0.52188 0.025 0.01875
48 0.60312 0.53125 0.01875 0.01875
5 0.00938 0.42969 0.01875 0.02187
5 0.04219 0.41562 0.04062 0.01875
5 0.01406 0.4 0.02812 0.025
51 0.47031 0.77969 0.94062 0.44063
51 0.77656 0.86406 0.44688 0.27187
48 0.55312 0.07812 0.28125 0.15625
8 0.09844 0.42031 0.04688 0.01562
48 0.11875 0.21406 0.2375 0.41562
48 0.79844 0.39531 0.40312 0.56562
