48 0.40156 0.09062 0.14687 0.11875
48 0.01719 0.47188 0.03438 0.175
48 0.94531 0.39531 0.10938 0.12188
48 0.93281 0.13438 0.13438 0.175
48 0.97344 0.87344 0.05312 0.12187
48 0.95312 0.05469 0.09375 0.10938
48 0.19219 0.74531 0.10938 0.14062
48 0.30312 0.7125 0.2625 0.1875
48 0.00469 0.28125 0.00938 0.10625
48 0.81406 0.30469 0.11562 0.09062
48 0.41094 0.18438 0.19688 0.1375
48 0.84062 0.41719 0.15 0.15937
48 0.05781 0.31562 0.11562 0.15625
48 0.05938 0.12344 0.09375 0.07187
48 0.78125 0.85938 0.18125 0.14375
48 0.14688 0.60312 0.20625 0.15625
48 0.53125 0.19531 0.175 0.20312
48 0.40156 0.27344 0.09687 0.09062
48 0.13125 0.13125 0.18125 0.1875
48 0.77812 0.37656 0.15 0.14688
48 0.89688 0.58906 0.20625 0.15937
48 0.47031 0.96094 0.22812 0.07812
48 0.09531 0.69531 0.19062 0.15312
48 0.97344 0.02188 0.05312 0.04375
48 0.91562 0.49844 0.16875 0.15937
48 0.66406 0.95625 0.22188 0.0875
48 0.175 0.87188 0.125 0.11875
48 0.36875 0.62969 0.19375 0.15937
48 0.48438 0.13594 0.125 0.13438
48 0.00312 0.57187 0.00625 0.19375
48 0.94219 0.95156 0.11562 0.09688
48 0.61562 0.99531 0.2625 0.00938
48 0.05 0.02031 0.1 0.04062
48 0.26094 0.90312 0.11562 0.11875
48 0.79219 0.75937 0.21563 0.18125
48 0.37656 0.3125 0.12188 0.075
48 0.57344 0.84531 0.18438 0.13438
48 0.98438 0.43594 0.03125 0.13438
48 0.63125 0.7125 0.2375 0.24375
48 0.09062 0.79375 0.18125 0.15
48 0.21562 0.47344 0.3125 0.24688
48 0.32969 0.25 0.14688 0.14375
48 0.50313 0.34844 0.2 0.14062
48 0.57812 0.29219 0.1125 0.11562
48 0.99219 0.78125 0.01562 0.1125
48 0.66094 0.03438 0.22813 0.06875
48 0.71094 0.91406 0.20312 0.17188
48 0.04062 0.4 0.08125 0.125
48 0.62187 0.20781 0.15 0.17812
48 0.00469 0.15625 0.00938 0.15625
48 0.52656 0.93594 0.17812 0.12813
48 0.40469 0.55 0.25312 0.2125
48 0.89375 0.35 0.1375 0.11875
48 0.84844 0.66875 0.18438 0.14375
48 0.08281 0.23594 0.16562 0.17812
48 0.31094 0.34531 0.19062 0.14688
48 0.0375 0.07344 0.075 0.14688
48 0.93125 0.9875 0.1375 0.025
48 0.45781 0.42969 0.22188 0.15938
48 0.16719 0.0625 0.21562 0.125
48 0.76406 0.50625 0.22813 0.18125
48 0.275 0.79844 0.1875 0.15312
5 0.38594 0.87969 0.03437 0.04688
5 0.50938 0.775 0.03125 0.04375
5 0.25312 0.125 0.03125 0.04375
5 0.78281 0.15625 0.04688 0.0375
10 0.8 0.99219 0.0625 0.01562
5 0.60938 0.4125 0.05 0.05625
5 0.69531 0.30469 0.04062 0.05312
5 0.30625 0.99062 0.05625 0.01875
10 0.40781 0.80156 0.09063 0.06562
5 0.46875 0.86406 0.05625 0.04688
5 0.00156 0.64219 0.00312 0.05312
