48 0.91719 0.10469 0.16563 0.20938
48 0.80938 0.24219 0.1 0.13438
48 0.74688 0.30469 0.05 0.07188
48 0.06094 0.15313 0.12188 0.30625
5 0.2125 0.01094 0.05 0.02188
5 0.17812 0.01875 0.0375 0.0375
48 0.40469 0.06719 0.05938 0.06562
48 0.14531 0.80312 0.29063 0.39375
48 0.39219 0.49375 0.45312 0.43125
48 0.5375 0.66094 0.41875 0.41562
48 0.88281 0.80156 0.23438 0.29063
48 0.77656 0.91562 0.23438 0.16875
48 0.65156 0.99844 0.22187 0.00313
48 0.1375 0.23281 0.275 0.40312
8 0.98125 0.58438 0.0375 0.05
48 0.89062 0.42031 0.21875 0.40938
52 0.36719 0.94219 0.73438 0.11562
48 0.32188 0.89062 0.2125 0.21875
48 0.59219 0.06562 0.20312 0.13125
