48 0.02344 0.53125 0.04688 0.175
48 0.02344 0.17969 0.04688 0.04063
5 0.18906 0.11094 0.05313 0.04063
48 0.01406 0.97656 0.02812 0.04688
48 0.02812 0.04688 0.05625 0.09375
48 0.02344 0.12812 0.04688 0.06875
48 0.32969 0.0375 0.07812 0.075
48 0.42031 0.04531 0.10938 0.09062
48 0.30625 0.12344 0.13125 0.09688
48 0.30781 0.18438 0.14062 0.04375
48 0.45469 0.20781 0.14062 0.09687
48 0.35781 0.23281 0.06562 0.05313
48 0.40625 0.30469 0.1375 0.09062
48 0.40625 0.39688 0.1375 0.1
48 0.68281 0.34844 0.14062 0.08437
48 0.6875 0.28594 0.1125 0.04688
48 0.54219 0.47188 0.11562 0.1375
48 0.29844 0.49062 0.12188 0.11875
48 0.40781 0.52656 0.10938 0.15313
48 0.47969 0.57344 0.05938 0.09687
48 0.65625 0.5625 0.1125 0.13125
48 0.71562 0.51719 0.04375 0.10938
48 0.8 0.53438 0.1125 0.125
48 0.8 0.3875 0.1 0.11875
48 0.75156 0.31875 0.04063 0.03125
48 0.81406 0.27031 0.09688 0.09687
48 0.90156 0.26562 0.10938 0.075
48 0.66562 0.06562 0.10625 0.13125
48 0.79375 0.07656 0.11875 0.15313
48 0.91094 0.11094 0.12188 0.15937
48 0.94219 0.37969 0.06562 0.17812
48 0.89688 0.56094 0.04375 0.07188
48 0.94375 0.5625 0.05625 0.15
48 0.98438 0.55312 0.03125 0.14375
48 0.98906 0.40469 0.02187 0.10312
48 0.98438 0.26875 0.03125 0.06875
48 0.98281 0.10156 0.03438 0.07188
48 0.98125 0.04062 0.0375 0.08125
5 0.63906 0.66562 0.06563 0.025
5 0.63594 0.7375 0.07188 0.025
6 0.15937 0.85 0.0375 0.05625
48 0.28125 0.85 0.13125 0.19375
48 0.40312 0.85 0.10625 0.125
48 0.47344 0.92188 0.04688 0.0625
48 0.42656 0.96094 0.05938 0.03438
48 0.3625 0.97344 0.275 0.05312
48 0.46562 0.98125 0.03125 0.0375
48 0.50781 0.79844 0.04062 0.04688
48 0.5625 0.90469 0.10625 0.19063
48 0.66562 0.88281 0.1125 0.12813
48 0.77969 0.90781 0.12813 0.14062
48 0.67188 0.99219 0.13125 0.01562
48 0.9 0.97969 0.11875 0.04063
48 0.97812 0.89688 0.04375 0.11875
48 0.975 0.80312 0.05 0.075
48 0.82812 0.80469 0.0375 0.06563
48 0.65781 0.00781 0.09688 0.01562
