56 0.18594 0.27969 0.37188 0.55937
5 0.0875 0.08281 0.05 0.01562
5 0.09531 0.1 0.03438 0.0125
5 0.10781 0.11094 0.03438 0.01562
5 0.11406 0.12656 0.04062 0.01562
5 0.12188 0.14531 0.0375 0.01562
5 0.12969 0.15781 0.04062 0.01562
5 0.14062 0.17344 0.04375 0.02188
5 0.14844 0.18906 0.04063 0.01562
5 0.05469 0.11094 0.04062 0.01562
5 0.10781 0.20469 0.04062 0.02188
5 0.09688 0.18906 0.0375 0.01562
5 0.03438 0.22656 0.03125 0.01562
5 0.03281 0.20938 0.03438 0.01875
5 0.05938 0.19844 0.0375 0.01562
5 0.08438 0.17344 0.0375 0.01562
5 0.075 0.15781 0.0375 0.01562
5 0.06719 0.14219 0.04062 0.01562
5 0.01719 0.19062 0.03438 0.01875
5 0.0125 0.16094 0.025 0.01562
5 0.02656 0.1375 0.02812 0.01875
5 0.06562 0.12344 0.04375 0.01562
5 0.04219 0.16562 0.03437 0.01875
5 0.05469 0.18438 0.04062 0.01875
5 0.00781 0.10312 0.01562 0.01875
5 0.04219 0.09531 0.04062 0.01562
5 0.17188 0.05625 0.03125 0.01875
5 0.18594 0.07031 0.04062 0.01562
5 0.18906 0.08906 0.03437 0.01562
5 0.19688 0.10469 0.0375 0.01562
5 0.21094 0.11719 0.04063 0.01562
5 0.21875 0.13438 0.0375 0.0125
5 0.20625 0.04531 0.0375 0.01562
5 0.21875 0.06094 0.0375 0.02187
5 0.22656 0.07656 0.03437 0.00938
5 0.23281 0.09219 0.03437 0.00938
5 0.24688 0.10469 0.03125 0.01562
5 0.25156 0.12188 0.04062 0.01875
5 0.25 0.02812 0.0375 0.0125
5 0.25469 0.04844 0.03437 0.01562
5 0.25938 0.06094 0.0375 0.01563
5 0.27031 0.08125 0.03437 0.01875
5 0.27812 0.09375 0.0375 0.01875
5 0.28906 0.10781 0.04063 0.01562
5 0.28125 0.12969 0.04375 0.02188
5 0.27812 0.01875 0.04375 0.01875
5 0.29063 0.03594 0.0375 0.02188
5 0.29531 0.05312 0.04688 0.01875
5 0.30156 0.06719 0.04063 0.01562
5 0.31406 0.08438 0.04062 0.01875
5 0.31719 0.10156 0.04063 0.01562
5 0.325 0.11719 0.0375 0.01562
5 0.32031 0.00781 0.03438 0.01562
5 0.32812 0.02344 0.0375 0.01562
5 0.33438 0.03906 0.0375 0.01562
5 0.34062 0.05312 0.0375 0.0125
5 0.35 0.07344 0.0375 0.01562
5 0.36094 0.0875 0.04062 0.01875
5 0.3625 0.10938 0.0375 0.01875
5 0.35469 0.00156 0.03437 0.00312
5 0.36094 0.01406 0.04062 0.02188
5 0.36719 0.02969 0.03438 0.01562
5 0.37812 0.04219 0.03125 0.01562
5 0.37969 0.05938 0.04688 0.01875
5 0.39219 0.07656 0.03437 0.02187
5 0.43594 0.00625 0.03437 0.0125
5 0.44062 0.01875 0.0375 0.01875
5 0.45312 0.03594 0.0375 0.01562
5 0.48125 0.00625 0.0375 0.0125
5 0.4875 0.02344 0.0375 0.02188
5 0.52344 0.00938 0.03438 0.01875
5 0.55781 0.00312 0.03437 0.00625
53 0.36719 0.15781 0.73438 0.31562
5 0.07031 0.21406 0.04062 0.02188
5 0.02188 0.12031 0.04375 0.02188
5 0.03594 0.15 0.04062 0.01875
5 0.0125 0.175 0.025 0.0125
5 0.00469 0.14844 0.00938 0.02187
5 0.00312 0.12969 0.00625 0.01563
5 0.00469 0.20156 0.00938 0.01562
48 0.08125 0.94062 0.13125 0.11875
48 0.02031 0.95938 0.04062 0.08125
48 0.92188 0.91562 0.15625 0.16875
48 0.84219 0.74062 0.14687 0.1875
48 0.28906 0.82969 0.38438 0.32812
48 0.14062 0.66562 0.125 0.1125
48 0.95781 0.97969 0.08437 0.04063
48 0.62813 0.83125 0.275 0.23125
48 0.03438 0.87344 0.06875 0.12187
48 0.93281 0.68125 0.13438 0.24375
48 0.75625 0.46719 0.35625 0.25938
48 0.77188 0.96719 0.18125 0.06563
48 0.05469 0.6875 0.10938 0.1625
48 0.98281 0.66094 0.03438 0.21563
48 0.17344 0.91875 0.11562 0.1625
48 0.53438 0.99531 0.33125 0.00938
