48 0.09688 0.07187 0.19375 0.14375
48 0.49688 0.07656 0.29375 0.15313
5 0.01094 0.18594 0.02188 0.02813
5 0.00469 0.12344 0.00938 0.03438
5 0.0625 0.19375 0.05625 0.03125
5 0.19062 0.20469 0.05625 0.02813
5 0.2625 0.20938 0.05 0.03125
5 0.45469 0.22344 0.05313 0.02188
5 0.37656 0.29688 0.07187 0.03125
48 0.26094 0.5375 0.52188 0.5
5 0.51875 0.30312 0.05625 0.025
5 0.5875 0.3125 0.0625 0.03125
5 0.525 0.22656 0.05 0.02187
5 0.61563 0.23125 0.06875 0.03125
5 0.83281 0.28438 0.07188 0.025
5 0.73281 0.24219 0.05937 0.02812
5 0.66562 0.31875 0.06875 0.0375
5 0.90469 0.33594 0.07188 0.02812
5 0.975 0.34219 0.05 0.02813
5 0.75469 0.32188 0.07188 0.03125
48 0.81094 0.95469 0.37813 0.09062
48 0.675 0.63594 0.45625 0.54688
48 0.90469 0.67188 0.19063 0.54375
48 0.78125 0.09531 0.375 0.19062
5 0.02031 0.27031 0.04062 0.02813
5 0.08438 0.27812 0.0625 0.03125
48 0.21719 0.84531 0.43438 0.30937
48 0.00469 0.88125 0.00938 0.20625
48 0.27344 0.01094 0.26562 0.02188
6 0.47344 0.67812 0.07188 0.1125
5 0.1625 0.28125 0.05 0.01875
5 0.22969 0.28281 0.05312 0.02188
5 0.30469 0.29063 0.05937 0.025
5 0.32656 0.2125 0.05938 0.025
