5 0.01406 0.17656 0.02812 0.04688
5 0.76094 0.875 0.05312 0.0375
5 0.91406 0.95938 0.04062 0.05
5 0.91406 0.27187 0.02188 0.05
48 0.15 0.21094 0.10625 0.10313
48 0.16719 0.01094 0.10937 0.02188
48 0.08594 0.00625 0.08438 0.0125
48 0.52969 0.03125 0.10938 0.0625
48 0.59062 0.04688 0.1 0.09375
48 0.89062 0.07812 0.075 0.0875
48 0.35781 0.03125 0.12188 0.0625
48 0.95312 0.27344 0.075 0.09062
48 0.85625 0.24844 0.19375 0.25938
48 0.10469 0.38438 0.14688 0.1375
48 0.06562 0.68594 0.13125 0.13438
48 0.21406 0.39688 0.10938 0.11875
48 0.35 0.75156 0.0875 0.06563
51 0.74062 0.62656 0.1875 0.30312
48 0.37969 0.94062 0.12188 0.11875
48 0.28906 0.975 0.11562 0.05
48 0.06094 0.87188 0.12188 0.06875
48 0.62187 0.97812 0.025 0.025
48 0.82969 0.98594 0.05312 0.02812
48 0.99219 0.30156 0.01562 0.04063
48 0.64688 0.12656 0.06875 0.08438
48 0.66094 0.27969 0.05938 0.06562
48 0.24531 0.01562 0.04062 0.03125
48 0.36094 0.20156 0.17188 0.13438
