5 0.09219 0.03438 0.05938 0.0375
5 0.075 0.0625 0.0625 0.03125
5 0.11094 0.08438 0.05938 0.04375
5 0.01406 0.09844 0.02812 0.03438
5 0.03594 0.13594 0.05938 0.04687
6 0.01562 0.31562 0.03125 0.1
5 0.20469 0.16406 0.05938 0.03437
5 0.55 0.44688 0.05625 0.0625
5 0.40469 0.42031 0.05938 0.04062
5 0.64375 0.62187 0.06875 0.04375
5 0.7125 0.66719 0.05625 0.03437
5 0.80313 0.74062 0.05625 0.04375
5 0.83125 0.77344 0.0625 0.04062
5 0.78594 0.95938 0.05938 0.05
5 0.01719 0.01094 0.03438 0.02188
5 0.10469 0.18594 0.04062 0.03437
5 0.175 0.21094 0.05 0.03437
5 0.82969 0.9875 0.04688 0.025
