18 0.66562 0.49844 0.04375 0.19688
48 0.25312 0.86562 0.175 0.26875
48 0.00938 0.07344 0.01875 0.14688
18 0.55 0.52969 0.05 0.20312
48 0.22188 0.2 0.4125 0.4
48 0.44375 0.10938 0.39375 0.21875
48 0.92188 0.1625 0.15625 0.325
48 0.98594 0.11562 0.02812 0.23125
18 0.59375 0.0875 0.1125 0.175
18 0.63281 0.225 0.08438 0.2125
18 0.72031 0.8125 0.10938 0.19375
18 0.74688 0.94375 0.11875 0.1125
18 0.6125 0.97031 0.13125 0.05937
18 0.57344 0.85312 0.10938 0.18125
18 0.44844 0.2625 0.07188 0.1875
18 0.5 0.27031 0.10625 0.16563
18 0.45469 0.09688 0.07187 0.175
18 0.37344 0.01094 0.07187 0.02188
18 0.43125 0.00781 0.06875 0.01562
48 0.85469 0.63438 0.29063 0.73125
48 0.71562 0.15313 0.35 0.30625
48 0.45781 0.53906 0.91562 0.50313
18 0.41719 0.10469 0.07188 0.19062
18 0.85 0.02812 0.0875 0.05625
18 0.89219 0.15937 0.07188 0.24375
18 0.94375 0.53906 0.0625 0.22188
18 0.96719 0.72969 0.06563 0.17812
18 0.9875 0.90625 0.025 0.1875
18 0.99219 0.99375 0.01562 0.0125
48 0.08594 0.80781 0.17188 0.19062
