48 0.38906 0.05 0.24063 0.1
13 0.00469 0.09531 0.00938 0.05938
13 0.00938 0.11875 0.01875 0.05625
13 0.01562 0.14375 0.03125 0.0625
13 0.05625 0.22188 0.06875 0.05
13 0.01562 0.24531 0.03125 0.04688
13 0.05 0.25781 0.1 0.06563
13 0.05625 0.28906 0.1125 0.07188
13 0.17812 0.20469 0.11875 0.06562
13 0.19688 0.17656 0.11875 0.07187
13 0.21562 0.14531 0.1125 0.06562
13 0.22813 0.11719 0.13125 0.06562
13 0.06562 0.33594 0.06875 0.04688
13 0.08594 0.36875 0.07187 0.0375
13 0.09219 0.40312 0.07187 0.05
48 0.89844 0.16406 0.15938 0.14062
