5 0.3875 0.00781 0.08125 0.01562
5 0.35312 0.0375 0.08125 0.0375
5 0.58438 0.08594 0.05625 0.05313
5 0.54844 0.125 0.05937 0.04375
5 0.2 0.2625 0.0875 0.04375
5 0.17344 0.67031 0.05938 0.04688
5 0.09219 0.45156 0.06562 0.04062
5 0.03594 0.51562 0.07187 0.04375
5 0.00312 0.60625 0.00625 0.0375
48 0.09688 0.92344 0.19375 0.15312
48 0.25312 0.68281 0.275 0.32188
48 0.4125 0.40469 0.25625 0.24063
48 0.5625 0.20156 0.2125 0.20312
48 0.68438 0.05469 0.19375 0.10938
48 0.46562 0.05781 0.15 0.11562
48 0.37344 0.16406 0.23438 0.24062
48 0.10781 0.53906 0.14062 0.10312
48 0.07344 0.61875 0.14688 0.1375
48 0.04531 0.69844 0.09062 0.08437
48 0.02656 0.79219 0.05312 0.22187
48 0.05469 0.00469 0.10938 0.00938
5 0.36719 0.01719 0.07812 0.03438
5 0.01562 0.56406 0.03125 0.04063
5 0.24531 0.19688 0.08437 0.04375
5 0.16719 0.31094 0.07812 0.04062
5 0.16094 0.33438 0.07187 0.0375
48 0.21094 0.41406 0.25313 0.21562
