48 0.16562 0.12969 0.1125 0.13438
48 0.16719 0.57656 0.13438 0.14687
48 0.08125 0.62813 0.15625 0.13125
48 0.05625 0.86563 0.1125 0.13125
48 0.10469 0.05156 0.11562 0.10312
48 0.05625 0.34219 0.10625 0.12188
48 0.06406 0.46875 0.12812 0.125
48 0.07187 0.19219 0.14375 0.12187
48 0.22656 0.02188 0.15312 0.04375
48 0.5625 0.02344 0.225 0.04688
48 0.59844 0.04375 0.17188 0.0875
48 0.67656 0.05938 0.20937 0.11875
48 0.30625 0.05156 0.1625 0.10312
48 0.34219 0.12812 0.14062 0.1
48 0.44375 0.08281 0.125 0.10938
48 0.24688 0.23438 0.125 0.125
48 0.17188 0.275 0.11875 0.11875
48 0.31875 0.32188 0.1375 0.11875
48 0.23125 0.36719 0.14375 0.12187
48 0.46406 0.16875 0.24688 0.1
48 0.47344 0.26562 0.11562 0.09375
48 0.57656 0.225 0.10313 0.1
48 0.74375 0.16719 0.19375 0.16562
48 0.525 0.3375 0.125 0.10625
48 0.64219 0.29375 0.12187 0.1
48 0.25938 0.57031 0.15 0.13437
48 0.32969 0.48281 0.16562 0.20312
48 0.43438 0.44219 0.18125 0.18438
48 0.61406 0.46406 0.13438 0.10938
48 0.58125 0.3875 0.1375 0.05625
48 0.68438 0.35781 0.10625 0.07812
48 0.72969 0.41406 0.10313 0.07812
48 0.71094 0.55156 0.12187 0.10937
48 0.78594 0.47344 0.12188 0.10313
48 0.85625 0.55156 0.13125 0.09063
48 0.8125 0.24688 0.125 0.0875
48 0.88281 0.34062 0.14688 0.13125
48 0.94844 0.40781 0.10313 0.12188
48 0.14688 0.81406 0.08125 0.10938
48 0.27812 0.84844 0.1375 0.14687
48 0.36719 0.78125 0.17812 0.1375
48 0.4625 0.64688 0.11875 0.1
48 0.3875 0.69844 0.13125 0.09687
48 0.46562 0.75625 0.10625 0.1125
48 0.55 0.72344 0.125 0.08437
48 0.55625 0.59688 0.125 0.1125
48 0.60469 0.7 0.10313 0.10625
5 0.1625 0.96406 0.025 0.02187
5 0.24688 0.91719 0.03125 0.02187
48 0.43281 0.98438 0.13438 0.03125
48 0.36719 0.96562 0.12187 0.06875
48 0.55781 0.87031 0.11562 0.07812
48 0.6625 0.8 0.1625 0.0875
48 0.70625 0.84844 0.15625 0.09063
48 0.68594 0.90781 0.05937 0.04688
48 0.57812 0.92656 0.14375 0.06562
48 0.63594 0.96562 0.12188 0.06875
48 0.72031 0.9625 0.07812 0.075
48 0.78125 0.92031 0.10625 0.07188
48 0.78438 0.97969 0.125 0.04063
6 0.87344 0.93906 0.03438 0.04063
48 0.96719 0.65 0.06563 0.14375
48 0.92969 0.67344 0.07187 0.09688
48 0.81562 0.69687 0.14375 0.06875
48 0.89688 0.7 0.0375 0.075
48 0.85 0.78594 0.15 0.12812
48 0.95938 0.75469 0.08125 0.09063
48 0.94062 0.87812 0.11875 0.1125
48 0.98594 0.83594 0.02812 0.10312
48 0.95 0.97344 0.1 0.05312
48 0.99688 0.95469 0.00625 0.08437
48 0.98594 0.17188 0.02812 0.04375
48 0.93125 0.04375 0.1375 0.0875
48 0.99062 0.01719 0.01875 0.03438
48 0.8125 0.01406 0.1 0.02812
48 0.90469 0.22188 0.03438 0.04375
48 0.93281 0.25 0.03437 0.05
48 0.95625 0.24688 0.0375 0.05
48 0.97031 0.12188 0.05937 0.0625
