48 0.95625 0.02344 0.0875 0.04688
48 0.87812 0.35 0.125 0.06875
48 0.84219 0.40625 0.17812 0.10625
48 0.87031 0.29531 0.14062 0.05313
48 0.86875 0.2125 0.14375 0.13125
48 0.75469 0.32969 0.12812 0.10938
48 0.87188 0.02656 0.13125 0.05312
48 0.49062 0.02031 0.36875 0.04062
48 0.62031 0.24688 0.20937 0.15
48 0.74219 0.03906 0.15312 0.07812
48 0.33906 0.05312 0.29688 0.10625
48 0.72656 0.15156 0.12813 0.09062
48 0.75 0.09375 0.14375 0.1
48 0.59844 0.1 0.19688 0.1125
48 0.70312 0.46562 0.175 0.075
48 0.91406 0.13906 0.05937 0.03438
48 0.96875 0.13906 0.0625 0.04688
48 0.96406 0.22344 0.07188 0.12187
48 0.96875 0.34531 0.0625 0.14062
48 0.96406 0.48281 0.07188 0.14688
48 0.85938 0.49687 0.175 0.09375
48 0.86406 0.55625 0.18438 0.05625
48 0.05625 0.07031 0.1125 0.14062
48 0.55937 0.59062 0.125 0.19375
48 0.49375 0.45781 0.2375 0.20937
48 0.41406 0.39844 0.25937 0.13438
48 0.36562 0.36094 0.2875 0.13437
48 0.33906 0.31562 0.24688 0.125
48 0.09062 0.09062 0.18125 0.11875
48 0.1125 0.12812 0.225 0.09375
48 0.14844 0.17344 0.24688 0.14062
48 0.19219 0.18906 0.21562 0.15937
48 0.30312 0.27812 0.24375 0.11875
48 0.26094 0.24062 0.22188 0.15
48 0.70469 0.52188 0.15938 0.05625
48 0.70938 0.57344 0.16875 0.06562
48 0.69844 0.62187 0.15313 0.0625
48 0.69688 0.69844 0.16875 0.12812
48 0.90625 0.63125 0.1875 0.15625
48 0.84688 0.74375 0.225 0.21875
5 0.97656 0.77031 0.04688 0.03437
5 0.99844 0.95312 0.00313 0.05
