53 0.98438 0.09531 0.03125 0.19062
48 0.47188 0.14219 0.39375 0.28438
48 0.37969 0.37969 0.35312 0.33438
48 0.67969 0.41875 0.32187 0.18125
48 0.62813 0.52969 0.35 0.17188
48 0.67188 0.25781 0.19375 0.23438
48 0.78594 0.28125 0.20312 0.2375
48 0.78125 0.13438 0.28125 0.15625
48 0.77031 0.04219 0.18438 0.08438
48 0.9 0.05625 0.19375 0.1125
5 0.3625 0.98125 0.0625 0.0375
5 0.4375 0.89844 0.05 0.02812
5 0.425 0.92344 0.05625 0.03438
5 0.60156 0.95781 0.04688 0.05312
5 0.57969 0.98906 0.04063 0.02187
5 0.68594 0.94375 0.05937 0.0375
5 0.67188 0.96875 0.05625 0.0375
5 0.65625 0.9875 0.0625 0.025
5 0.71094 0.90469 0.06563 0.04063
5 0.72031 0.87656 0.05937 0.03438
5 0.04688 0.90625 0.05625 0.025
5 0.09531 0.08438 0.04063 0.05625
5 0.24375 0.59219 0.03125 0.05312
5 0.67812 0.83438 0.03125 0.0375
48 0.56719 0.67969 0.47812 0.22812
5 0.17188 0.65469 0.05 0.05937
5 0.10938 0.30469 0.05 0.05937
5 0.46719 0.88438 0.05938 0.03125
5 0.20469 0.45781 0.02813 0.04063
5 0.00156 0.63437 0.00312 0.0375
5 0.74375 0.8375 0.06875 0.025
5 0.01094 0.69844 0.02188 0.04688
5 0.70312 0.92656 0.0625 0.03437
5 0.225 0.11875 0.01875 0.05625
5 0.57031 0.92656 0.07812 0.03437
5 0.15313 0.2125 0.05625 0.05625
48 0.1875 0.95781 0.275 0.08437
5 0.01094 0.85781 0.02188 0.05937
5 0.00156 0.23906 0.00312 0.03437
10 0.24531 0.55937 0.10312 0.05
5 0.04844 0.70156 0.04063 0.05312
5 0.59688 0.88437 0.06875 0.0375
10 0.34531 0.57188 0.09687 0.05
5 0.55781 0.95625 0.07188 0.03125
5 0.13125 0.81875 0.08125 0.03125
5 0.41562 0.9875 0.05 0.025
5 0.38906 0.93594 0.05938 0.04063
5 0.01562 0.35781 0.03125 0.05313
5 0.55937 0.80938 0.0375 0.05
5 0.19219 0.0625 0.03438 0.05
5 0.23906 0.77031 0.02812 0.05312
5 0.36875 0.95625 0.0625 0.03125
5 0.06094 0.04688 0.04062 0.03125
5 0.11094 0.87188 0.06562 0.0375
5 0.27969 0.79219 0.04688 0.02813
5 0.05156 0.13594 0.03438 0.05313
5 0.2125 0.91406 0.05 0.02812
5 0.65312 0.99844 0.06875 0.00313
5 0.09688 0.40156 0.0375 0.05312
5 0.14531 0.50625 0.04688 0.075
5 0.02344 0.04219 0.04688 0.02812
5 0.04219 0.22656 0.02188 0.04063
5 0.98281 0.07187 0.02812 0.0375
5 0.42812 0.97031 0.05625 0.02812
5 0.54219 0.98125 0.05938 0.0375
5 0.18281 0.24844 0.05313 0.05938
5 0.00938 0.18281 0.01875 0.04062
5 0.15469 0.74219 0.05313 0.04062
5 0.1375 0.375 0.0625 0.0625
5 0.99531 0.01719 0.00938 0.03438
5 0.00781 0.41562 0.01562 0.04375
5 0.43438 0.94531 0.0625 0.03438
5 0.53125 0.99219 0.05625 0.01562
5 0.22656 0.86562 0.05937 0.03125
5 0.29531 0.59219 0.04688 0.02187
10 0.25312 0.52188 0.09375 0.05
5 0.73281 0.8625 0.04063 0.03125
5 0.03281 0.275 0.06562 0.05625
8 0.05625 0.425 0.05 0.075
