5 0.26094 0.34062 0.07812 0.03125
5 0.20781 0.21719 0.04688 0.04062
5 0.29688 0.23906 0.06875 0.02812
48 0.99375 0.90469 0.0125 0.12187
48 0.19844 0.75 0.19688 0.1
48 0.43125 0.80156 0.23125 0.17812
48 0.19688 0.84531 0.1875 0.10938
48 0.80938 0.8875 0.3 0.225
48 0.05 0.3875 0.1 0.23125
48 0.09844 0.94844 0.19688 0.10313
48 0.00625 0.00938 0.0125 0.01875
48 0.4875 0.50469 0.175 0.10313
48 0.86719 0.49844 0.26562 0.19062
48 0.6875 0.38281 0.1 0.07812
48 0.00938 0.15469 0.01875 0.04688
48 0.93125 0.04844 0.1375 0.09062
48 0.45781 0.04062 0.10937 0.0625
5 0.70156 0.64844 0.06563 0.02188
5 0.89062 0.66094 0.0625 0.02187
48 0.2375 0.08594 0.25625 0.07187
