5 0.06562 0.09531 0.04375 0.04688
5 0.3125 0.01406 0.0375 0.02812
48 0.23438 0.08906 0.15 0.14062
48 0.40781 0.19844 0.20312 0.19062
5 0.48594 0.04688 0.03438 0.0375
48 0.35156 0.35 0.19063 0.18125
48 0.46562 0.37187 0.1 0.075
5 0.06094 0.85625 0.04688 0.05
48 0.03906 0.40938 0.07812 0.3
48 0.24062 0.54844 0.1 0.11562
48 0.11094 0.60469 0.15313 0.14687
48 0.15313 0.44375 0.1375 0.15
48 0.01719 0.09062 0.03438 0.1375
48 0.11875 0.00938 0.08125 0.01875
48 0.05625 0.03594 0.1125 0.07187
48 0.5875 0.09062 0.2125 0.1625
48 0.62656 0.02031 0.22188 0.04062
48 0.83594 0.12969 0.32812 0.25938
