48 0.47031 0.84688 0.45312 0.30625
48 0.775 0.90625 0.3375 0.1875
48 0.72188 0.64688 0.55625 0.41875
48 0.79062 0.43594 0.41875 0.42812
8 0.32969 0.94844 0.07187 0.04688
8 0.32188 0.96562 0.05625 0.0375
8 0.325 0.98594 0.05 0.02812
5 0.35938 0.91406 0.05 0.03438
4 0.41406 0.77656 0.05937 0.02813
8 0.40625 0.8 0.05 0.04375
8 0.39062 0.825 0.05 0.0375
4 0.38125 0.85156 0.05625 0.02812
4 0.37031 0.8875 0.05938 0.0375
8 0.39375 0.69375 0.05 0.0625
8 0.14062 0.76562 0.0625 0.05
53 0.32188 0.72031 0.3 0.24687
53 0.17031 0.98906 0.32187 0.02187
53 0.22031 0.9 0.33438 0.15625
53 0.14219 0.75938 0.06562 0.1125
43 0.72188 0.00156 0.06875 0.00312
52 0.86406 0.05312 0.27187 0.10625
52 0.62344 0.00781 0.19063 0.01562
43 0.99375 0.02969 0.0125 0.05938
43 0.95469 0.05625 0.09062 0.0875
45 0.92188 0.00938 0.08125 0.01875
