48 0.06562 0.25781 0.11875 0.11562
48 0.02969 0.0375 0.05938 0.075
48 0.40938 0.97344 0.09375 0.05312
48 0.57188 0.98906 0.16875 0.02187
48 0.47812 0.82969 0.1625 0.13438
48 0.56875 0.62656 0.225 0.15312
48 0.69688 0.87188 0.16875 0.10625
48 0.69219 0.76094 0.12812 0.12812
48 0.775 0.65781 0.11875 0.10313
48 0.86719 0.73281 0.13437 0.13438
48 0.95625 0.81094 0.0875 0.08437
48 0.97656 0.75 0.04688 0.075
48 0.15781 0.86094 0.15937 0.11562
5 0.24688 0.85938 0.03125 0.05625
48 0.10156 0.53438 0.12188 0.13125
48 0.10625 0.74688 0.2125 0.125
48 0.08906 0.66094 0.10312 0.07812
48 0.20156 0.65156 0.13438 0.11562
5 0.2875 0.70312 0.04375 0.01875
5 0.30312 0.65938 0.04375 0.01875
48 0.25156 0.31875 0.20938 0.11875
48 0.0625 0.00781 0.09375 0.01562
48 0.34844 0.11719 0.17188 0.12188
48 0.18906 0.2125 0.05938 0.05625
48 0.29844 0.20625 0.17188 0.13125
48 0.15 0.98594 0.06875 0.02812
48 0.95938 0.00312 0.08125 0.00625
48 0.99688 0.01719 0.00625 0.03438
48 0.71094 0.03125 0.19687 0.0625
48 0.82812 0.02344 0.075 0.04688
48 0.93438 0.06562 0.13125 0.0875
48 0.73906 0.10312 0.21563 0.13125
48 0.90469 0.16406 0.11562 0.07188
5 0.64688 0.5 0.05625 0.025
48 0.62656 0.32344 0.19688 0.14687
48 0.90156 0.48125 0.07812 0.05
48 0.7375 0.425 0.06875 0.075
48 0.75 0.33906 0.09375 0.06562
48 0.67656 0.21719 0.24062 0.11563
48 0.85156 0.25938 0.09062 0.04375
48 0.82969 0.37813 0.11562 0.1375
48 0.94375 0.35312 0.1125 0.1125
48 0.96875 0.45781 0.0625 0.09687
