48 0.87031 0.02188 0.14687 0.04375
48 0.95312 0.05 0.09375 0.1
5 0.80469 0.02344 0.05313 0.04688
48 0.66562 0.00156 0.2 0.00312
48 0.14219 0.13125 0.26562 0.2625
48 0.4 0.00312 0.06875 0.00625
48 0.62656 0.04531 0.09688 0.09062
48 0.97344 0.26719 0.05312 0.09687
5 0.83125 0.09062 0.04375 0.05625
5 0.86875 0.18594 0.05 0.05938
5 0.87188 0.48906 0.0375 0.04063
5 0.85 0.58281 0.05 0.04688
5 0.82031 0.69844 0.04062 0.05938
5 0.8 0.79062 0.05625 0.06875
5 0.77812 0.88594 0.05 0.07188
48 0.90469 0.84531 0.17812 0.11562
48 0.94375 0.9 0.1125 0.13125
48 0.99531 0.85 0.00938 0.1
48 0.96719 0.9375 0.06563 0.125
48 0.9375 0.99062 0.125 0.01875
48 0.85156 0.94375 0.19063 0.1125
48 0.92656 0.69219 0.14062 0.09063
48 0.88594 0.75937 0.09687 0.0875
48 0.97656 0.67813 0.04688 0.1
48 0.97969 0.77344 0.04063 0.15312
48 0.93906 0.59688 0.12187 0.11875
48 0.94375 0.52188 0.1125 0.15
48 0.96562 0.37188 0.06875 0.1625
48 0.04219 0.50938 0.08438 0.175
48 0.04688 0.75781 0.09375 0.12813
48 0.14688 0.5625 0.19375 0.1625
48 0.13125 0.65938 0.18125 0.14375
48 0.13594 0.76094 0.12813 0.11562
48 0.17969 0.99219 0.17812 0.01562
48 0.64531 0.9875 0.17188 0.025
48 0.45938 0.94688 0.325 0.10625
48 0.66562 0.89219 0.225 0.19688
48 0.35312 0.79062 0.3125 0.2
48 0.7625 0.59688 0.15625 0.25
48 0.04062 0.40312 0.08125 0.13125
48 0.52344 0.675 0.17188 0.1625
48 0.45312 0.12969 0.19375 0.12187
48 0.82031 0.26875 0.09062 0.125
48 0.37812 0.66562 0.13125 0.1125
48 0.28125 0.65469 0.125 0.10313
48 0.73438 0.77969 0.1 0.11562
48 0.65469 0.7875 0.10938 0.08125
48 0.55781 0.7875 0.10938 0.1
48 0.35312 0.39531 0.10625 0.11562
48 0.33906 0.5 0.12812 0.06875
48 0.69062 0.32969 0.175 0.07187
48 0.41562 0.28594 0.1375 0.06562
48 0.62656 0.20156 0.14062 0.06562
48 0.65312 0.57656 0.13125 0.12187
48 0.5375 0.55781 0.125 0.10938
48 0.025 0.1625 0.05 0.21875
48 0.10156 0.33906 0.20312 0.18438
48 0.27187 0.23281 0.20625 0.21562
48 0.32344 0.06406 0.14687 0.09062
48 0.17656 0.46562 0.27187 0.15
48 0.54219 0.35 0.11562 0.1375
48 0.73594 0.23594 0.10313 0.10312
48 0.4375 0.52969 0.1 0.04688
48 0.29375 0.90938 0.1 0.1125
48 0.14375 0.89062 0.24375 0.15
48 0.02969 0.87188 0.05938 0.11875
48 0.02031 0.96094 0.04062 0.07812
48 0.60156 0.09688 0.14062 0.05625
48 0.80469 0.40312 0.10312 0.10625
48 0.94844 0.16406 0.10313 0.16563
