5 0.05 0.62813 0.03125 0.05
48 0.57656 0.75 0.08437 0.075
48 0.74375 0.72188 0.0875 0.11875
48 0.82031 0.70156 0.07187 0.07812
48 0.74062 0.60156 0.08125 0.09062
48 0.82188 0.5875 0.08125 0.08125
48 0.77188 0.44688 0.14375 0.19375
48 0.86875 0.37187 0.05625 0.05
48 0.64844 0.63125 0.08438 0.1
48 0.57969 0.59531 0.07188 0.04688
48 0.64375 0.52812 0.1 0.05
48 0.62031 0.41094 0.14062 0.10938
48 0.5125 0.25312 0.06875 0.09375
48 0.61875 0.24531 0.1375 0.18438
48 0.79375 0.25156 0.2 0.19687
48 0.78438 0.1125 0.18125 0.06875
48 0.78281 0.01875 0.18437 0.0375
48 0.79219 0.05469 0.07812 0.04688
48 0.125 0.72656 0.25 0.11563
11 0.15937 0.8875 0.16875 0.0375
11 0.34844 0.87812 0.16563 0.05
11 0.62187 0.87969 0.18125 0.03437
11 0.17344 0.97656 0.04062 0.04688
11 0.27812 0.96094 0.0375 0.07812
11 0.32031 0.96094 0.04688 0.07812
11 0.52812 0.9625 0.06875 0.075
11 0.58281 0.96094 0.07188 0.07812
11 0.63437 0.95781 0.05625 0.08437
11 0.71094 0.95781 0.05313 0.08437
11 0.75 0.95625 0.05625 0.0875
11 0.875 0.96406 0.05 0.07188
11 0.92188 0.96562 0.0375 0.06875
9 0.83281 0.96719 0.04063 0.06563
9 0.79219 0.96719 0.04063 0.06563
13 0.48281 0.99062 0.04063 0.01875
9 0.37188 0.97656 0.0375 0.04688
9 0.40625 0.96875 0.0375 0.0625
9 0.44688 0.99844 0.0375 0.00313
9 0.66719 0.96094 0.02813 0.07812
11 0.23594 0.9625 0.03437 0.075
9 0.20625 0.9625 0.025 0.075
9 0.13125 0.96094 0.05 0.07812
9 0.07031 0.97656 0.03437 0.04688
48 0.50313 0.49375 0.10625 0.0875
5 0.56406 0.49062 0.02812 0.04375
48 0.54688 0.38438 0.1125 0.125
50 0.60938 0.07344 0.1625 0.14688
10 0.79531 0.79844 0.09688 0.04688
