5 0.22031 0.20156 0.06562 0.05313
5 0.25156 0.18594 0.06562 0.04062
5 0.27812 0.16875 0.05625 0.0375
5 0.32969 0.16406 0.07812 0.04688
5 0.36094 0.14688 0.07187 0.05
5 0.41719 0.1375 0.05938 0.05
5 0.45156 0.12188 0.05938 0.04375
5 0.50781 0.12656 0.05937 0.04688
5 0.64062 0.14531 0.08125 0.04062
5 0.47188 0.22969 0.04375 0.04688
5 0.42344 0.23438 0.04688 0.04375
5 0.37813 0.24219 0.04375 0.05312
5 0.22969 0.27812 0.04688 0.05
5 0.1875 0.28281 0.04375 0.04688
5 0.10625 0.3 0.05 0.05
5 0.06875 0.31094 0.04375 0.05313
5 0.0125 0.32188 0.025 0.05
5 0.30781 0.26406 0.04063 0.04687
5 0.33438 0.94375 0.075 0.03125
34 0.68906 0.6375 0.62187 0.34375
53 0.88438 0.97031 0.23125 0.05937
