48 0.51562 0.47344 0.16875 0.20937
48 0.36875 0.94844 0.15625 0.10313
48 0.3625 0.77031 0.15625 0.25938
48 0.05781 0.27187 0.11562 0.23125
48 0.54062 0.94062 0.1875 0.11875
48 0.20469 0.94531 0.15313 0.10938
48 0.5125 0.25469 0.175 0.23438
48 0.05625 0.77188 0.1125 0.2125
48 0.68438 0.76406 0.175 0.25313
48 0.97031 0.93594 0.05937 0.12813
48 0.19375 0.48438 0.15625 0.225
48 0.52031 0.75469 0.16563 0.26562
48 0.44531 0.37031 0.09062 0.04688
48 0.68594 0.94688 0.15312 0.10625
48 0.84688 0.45469 0.175 0.19063
48 0.8625 0.75156 0.16875 0.20312
48 0.69062 0.45938 0.15 0.20625
48 0.05938 0.5 0.11875 0.2375
48 0.67813 0.24375 0.1625 0.2
48 0.96719 0.45 0.06563 0.225
48 0.85781 0.93906 0.17188 0.12187
48 0.35469 0.48438 0.16563 0.21875
48 0.96094 0.75625 0.07812 0.2125
5 0.79531 0.03438 0.05937 0.01875
5 0.82656 0.55781 0.05312 0.02187
48 0.40938 0.02188 0.18125 0.04375
48 0.20312 0.26406 0.16875 0.21562
5 0.10469 0.10781 0.05938 0.02812
48 0.35625 0.25625 0.15 0.20625
48 0.96094 0.21875 0.07812 0.2375
48 0.84844 0.23438 0.17188 0.24375
48 0.59219 0.02344 0.15938 0.04688
48 0.21562 0.02344 0.1875 0.04688
48 0.76719 0.025 0.17812 0.05
48 0.92656 0.01406 0.14687 0.02812
48 0.06875 0.05 0.1375 0.1
