19 0.4625 0.99531 0.125 0.00938
19 0.40312 0.88438 0.11875 0.03125
19 0.58281 0.9875 0.10938 0.025
19 0.69062 0.97812 0.1125 0.04375
19 0.8 0.9625 0.10625 0.04375
19 0.65938 0.87969 0.1125 0.04688
19 0.61562 0.78125 0.125 0.05625
19 0.87344 0.84844 0.10313 0.04063
19 0.73906 0.76094 0.10938 0.04063
19 0.84531 0.74219 0.10938 0.05313
19 0.95 0.71719 0.1 0.05937
19 0.99531 0.81719 0.00938 0.05312
48 0.00781 0.10625 0.01562 0.05625
48 0.02812 0.21562 0.0375 0.05625
48 0.2625 0.3375 0.075 0.04375
48 0.0375 0.41719 0.075 0.07188
48 0.0375 0.61719 0.075 0.05937
48 0.09688 0.50938 0.03125 0.03125
48 0.25 0.46562 0.0625 0.08125
48 0.34531 0.40156 0.04688 0.07188
48 0.4875 0.39688 0.0375 0.04375
48 0.48281 0.43594 0.07812 0.05313
48 0.52031 0.55781 0.05312 0.07812
48 0.18438 0.62344 0.05625 0.04063
48 0.16094 0.54062 0.04062 0.08125
48 0.29688 0.59844 0.125 0.07188
48 0.44219 0.47656 0.05312 0.04688
48 0.44688 0.51719 0.0625 0.05938
48 0.32031 0.50625 0.05937 0.06875
48 0.28125 0.49687 0.0625 0.03125
48 0.3625 0.48594 0.05625 0.03438
48 0.37187 0.51406 0.05 0.05313
48 0.27187 0.53281 0.075 0.04063
48 0.42031 0.41406 0.11563 0.10313
48 0.59688 0.39844 0.09375 0.07188
48 0.68125 0.37656 0.09375 0.07812
48 0.69844 0.44062 0.09063 0.11875
48 0.80312 0.30312 0.09375 0.05625
48 0.85469 0.34375 0.18438 0.09375
48 0.96094 0.32031 0.05937 0.06563
48 0.60469 0.02969 0.33438 0.05938
48 0.37813 0.01719 0.05 0.03438
48 0.37187 0.08281 0.04375 0.10312
48 0.6375 0.06562 0.05625 0.05625
48 0.98594 0.43281 0.02812 0.07188
48 0.99531 0.39062 0.00938 0.14375
48 0.40938 0.54375 0.05625 0.05
48 0.33281 0.55781 0.05938 0.05312
48 0.53281 0.19375 0.33438 0.20625
48 0.06406 0.94531 0.11562 0.07812
19 0.22344 0.85469 0.12187 0.04688
19 0.90938 0.94531 0.1125 0.05313
19 0.53594 0.88438 0.12812 0.03125
19 0.98281 0.93125 0.03438 0.04375
