48 0.90781 0.03125 0.09688 0.0625
48 0.95469 0.01719 0.09062 0.03438
48 0.98594 0.00938 0.02812 0.01875
5 0.98281 0.1625 0.03438 0.03125
9 0.96094 0.76562 0.05937 0.05
9 0.925 0.80938 0.05 0.04375
9 0.88125 0.84375 0.05 0.05
5 0.99375 0.82656 0.0125 0.02812
5 0.98438 0.83906 0.03125 0.02813
5 0.97188 0.85625 0.03125 0.03125
5 0.95938 0.86719 0.0375 0.03438
5 0.94687 0.88438 0.0375 0.03125
5 0.92813 0.89688 0.0375 0.03125
5 0.9125 0.91406 0.0375 0.03438
5 0.88281 0.94062 0.04062 0.03125
5 0.86562 0.95469 0.03125 0.02812
5 0.95312 0.9875 0.0375 0.025
5 0.97969 0.98594 0.04063 0.02812
5 0.98906 0.97969 0.02187 0.03437
5 0.99531 0.95938 0.00938 0.03125
5 0.97969 0.575 0.02813 0.025
5 0.95781 0.55781 0.03437 0.03437
5 0.94375 0.54375 0.03125 0.03125
5 0.92344 0.52969 0.02812 0.02812
48 0.89531 0.00469 0.09687 0.00938
5 0.95625 0.10781 0.05 0.02812
53 0.92344 0.65469 0.15312 0.27812
53 0.94844 0.77969 0.10313 0.17812
53 0.925 0.89375 0.15 0.2125
53 0.97812 0.91562 0.04375 0.16875
53 0.92344 0.96094 0.15312 0.07812
