48 0.925 0.87812 0.05625 0.0625
48 0.29219 0.02656 0.12188 0.05312
48 0.65312 0.03594 0.4375 0.07187
5 0.75312 0.35312 0.04375 0.025
5 0.33281 0.40156 0.03437 0.01562
5 0.24062 0.43125 0.0375 0.025
48 0.03281 0.61875 0.06562 0.09375
48 0.01562 0.69219 0.03125 0.05312
48 0.075 0.64844 0.10625 0.05313
48 0.11719 0.55937 0.10938 0.13125
48 0.16094 0.62031 0.05937 0.05312
48 0.22188 0.53438 0.1125 0.11875
48 0.07031 0.7125 0.14062 0.125
48 0.19531 0.70938 0.11562 0.1375
48 0.00781 0.7875 0.01562 0.0875
48 0.03594 0.8125 0.07187 0.08125
48 0.10938 0.79688 0.06875 0.05
48 0.125 0.83438 0.15625 0.1125
48 0.23281 0.7875 0.05938 0.0625
48 0.2625 0.81719 0.11875 0.08437
48 0.24531 0.88438 0.09688 0.0625
48 0.33594 0.48594 0.09062 0.05938
48 0.42656 0.54688 0.05312 0.04375
48 0.39375 0.50781 0.125 0.10312
48 0.35781 0.60156 0.07187 0.09062
48 0.425 0.60312 0.0625 0.09375
48 0.46875 0.48594 0.1125 0.09063
48 0.51406 0.525 0.12187 0.075
48 0.64844 0.5 0.09062 0.05
48 0.58594 0.48594 0.12813 0.09688
48 0.69062 0.44844 0.1 0.09063
48 0.72188 0.50781 0.0625 0.10312
48 0.77812 0.45938 0.0875 0.1125
48 0.85312 0.45469 0.06875 0.10312
48 0.92031 0.40781 0.11562 0.06562
48 0.93906 0.46406 0.12187 0.06562
48 0.77188 0.55156 0.06875 0.09063
48 0.89062 0.53281 0.16875 0.07812
48 0.97031 0.55156 0.05937 0.07188
48 0.9 0.57812 0.04375 0.06875
48 0.84375 0.6 0.08125 0.08125
48 0.94219 0.60781 0.11562 0.07812
48 0.60156 0.56875 0.06563 0.08125
48 0.65469 0.575 0.08437 0.11875
48 0.75312 0.64062 0.05625 0.0375
48 0.73594 0.60781 0.14062 0.10938
48 0.47031 0.63906 0.04062 0.06563
48 0.5125 0.59062 0.11875 0.0625
48 0.475 0.68281 0.03125 0.02813
48 0.50938 0.64688 0.05 0.05
48 0.57031 0.6375 0.09688 0.06875
48 0.61875 0.65781 0.09375 0.04688
48 0.59219 0.69375 0.06563 0.04375
48 0.67812 0.68125 0.1125 0.06875
48 0.76094 0.67969 0.04688 0.04688
48 0.83281 0.66875 0.09687 0.06875
48 0.88281 0.69375 0.12187 0.0625
48 0.93906 0.67969 0.11562 0.11563
48 0.99375 0.69062 0.0125 0.1
48 0.95156 0.74219 0.07812 0.05937
48 0.50469 0.7125 0.10937 0.0875
48 0.50469 0.76094 0.05312 0.04688
48 0.55469 0.74062 0.05313 0.05
48 0.61563 0.7375 0.06875 0.04375
48 0.68594 0.7375 0.07188 0.08125
48 0.75781 0.72188 0.07812 0.05
48 0.9125 0.78281 0.1125 0.10313
48 0.90938 0.85156 0.05 0.05313
48 0.84062 0.73125 0.0875 0.05625
48 0.72969 0.78438 0.07188 0.08125
48 0.80781 0.79688 0.10313 0.10625
48 0.8375 0.87969 0.1375 0.11562
48 0.90312 0.92813 0.0625 0.05625
48 0.84844 0.95312 0.05312 0.04375
48 0.87656 0.97656 0.05937 0.04688
48 0.85 0.98594 0.06875 0.02812
48 0.79844 0.96094 0.08437 0.07812
48 0.71719 0.86875 0.11562 0.1
48 0.65 0.79531 0.09375 0.07188
48 0.6125 0.91406 0.075 0.05937
48 0.7 0.94844 0.125 0.10313
48 0.65312 0.98594 0.04375 0.02812
48 0.60781 0.96719 0.06563 0.06563
48 0.60156 0.86094 0.12813 0.06563
48 0.54844 0.90156 0.04688 0.06562
48 0.46094 0.83906 0.28438 0.15937
48 0.51562 0.95 0.1375 0.1
48 0.39219 0.94219 0.12812 0.08437
48 0.35469 0.99062 0.05938 0.01875
48 0.54844 0.99688 0.10312 0.00625
48 0.44375 0.98906 0.13125 0.02187
48 0.00625 0.91406 0.0125 0.07812
48 0.03594 0.92969 0.07187 0.07187
48 0.24688 0.97344 0.11875 0.05312
18 0.0875 0.2375 0.175 0.0375
18 0.26562 0.23281 0.19375 0.04062
48 0.05469 0.10938 0.10938 0.10625
48 0.25156 0.69062 0.07813 0.0875
48 0.39844 0.81562 0.04063 0.03125
48 0.44375 0.77656 0.0625 0.04688
5 0.85312 0.32969 0.05 0.03437
48 0.00312 0.76875 0.00625 0.04375
48 0.01562 0.58281 0.03125 0.10938
48 0.36875 0.67812 0.075 0.0625
48 0.39688 0.73125 0.11875 0.0625
48 0.30312 0.7375 0.09375 0.075
5 0.02188 0.45938 0.03125 0.01875
48 0.27344 0.60469 0.10313 0.09063
48 0.40156 0.09844 0.12188 0.07813
48 0.29688 0.52812 0.075 0.075
48 0.3125 0.66406 0.08125 0.08438
48 0.21094 0.63906 0.04063 0.04688
48 0.40312 0.77969 0.0375 0.04063
48 0.43438 0.81562 0.0375 0.05
8 0.17031 0.40625 0.07187 0.025
48 0.20781 0.60156 0.03438 0.03438
48 0.43438 0.67969 0.05625 0.05937
5 0.16562 0.44062 0.04375 0.025
9 0.50938 0.37969 0.10625 0.04063
48 0.35 0.79531 0.06875 0.07188
48 0.32344 0.88594 0.05938 0.05938
48 0.05625 0.5375 0.05 0.06875
