48 0.75312 0.19531 0.0625 0.06562
48 0.74688 0.14062 0.075 0.0625
10 0.16719 0.12031 0.05937 0.02812
5 0.7 0.39531 0.0375 0.01562
5 0.70625 0.33438 0.0375 0.025
5 0.7125 0.35156 0.04375 0.02187
5 0.70156 0.37188 0.04063 0.025
48 0.09688 0.925 0.19375 0.15
5 0.70625 0.75469 0.025 0.04063
5 0.48281 0.70312 0.02188 0.04375
48 0.50938 0.53281 0.18125 0.25313
48 0.1375 0.64219 0.2375 0.19688
5 0.58906 0.71875 0.02813 0.0375
5 0.21562 0.91719 0.0625 0.03437
48 0.99375 0.4125 0.0125 0.825
10 0.52969 0.76719 0.06562 0.03438
48 0.12812 0.04219 0.1375 0.08438
5 0.37188 0.70156 0.03125 0.04688
5 0.64688 0.73438 0.025 0.04375
5 0.70938 0.29375 0.04375 0.01875
5 0.68906 0.41094 0.04688 0.02187
48 0.11875 0.8 0.2375 0.19375
5 0.66719 0.73438 0.01562 0.0375
5 0.21406 0.95469 0.02812 0.02812
48 0.00625 0.33281 0.0125 0.32812
5 0.75 0.75312 0.025 0.0375
5 0.22031 0.87969 0.04688 0.03437
48 0.02656 0.73906 0.05312 0.52188
5 0.72031 0.27031 0.04063 0.01562
48 0.08594 0.99844 0.17188 0.00313
48 0.85625 0.21875 0.15625 0.21875
48 0.35781 0.38438 0.71562 0.5375
48 0.77656 0.58281 0.17812 0.25312
12 0.2875 0.76719 0.05 0.04688
8 0.35 0.69062 0.04375 0.06875
5 0.60781 0.72031 0.03438 0.04063
48 0.81719 0.39062 0.16563 0.18125
5 0.70938 0.31406 0.04375 0.02188
5 0.33125 0.81094 0.03125 0.04063
48 0.64375 0.56719 0.18125 0.25312
10 0.60781 0.75469 0.07188 0.04688
5 0.42031 0.69531 0.02188 0.02812
8 0.23906 0.83594 0.05313 0.03438
5 0.46719 0.70781 0.02188 0.03437
48 0.64688 0.88906 0.60625 0.22188
