56 0.44688 0.02656 0.24375 0.05312
56 0.09531 0.05312 0.19062 0.10625
56 0.07344 0.13906 0.14688 0.12188
56 0.14219 0.2375 0.28438 0.15
56 0.12656 0.35938 0.24688 0.14375
56 0.50938 0.07812 0.20625 0.125
56 0.58594 0.17656 0.16562 0.13438
56 0.61719 0.27969 0.17188 0.13438
56 0.63281 0.38125 0.19687 0.1375
5 0.80469 0.26719 0.05937 0.06562
56 0.62813 0.50313 0.3 0.13125
56 0.63906 0.61719 0.33438 0.14062
57 0.09688 0.47031 0.08125 0.11562
56 0.22969 0.56094 0.32812 0.15312
56 0.25625 0.68125 0.28125 0.14375
56 0.28438 0.76875 0.23125 0.09375
10 0.02188 0.73906 0.04375 0.07812
5 0.47188 0.94375 0.05625 0.0375
5 0.4625 0.97188 0.03125 0.05
48 0.33125 0.96406 0.20625 0.07188
57 0.8875 0.97812 0.06875 0.04375
57 0.79219 0.98281 0.07812 0.03438
56 0.57031 0.99844 0.18437 0.00313
11 0.05625 0.67813 0.1 0.15
