48 0.4875 0.82656 0.15 0.16563
48 0.65 0.77031 0.1625 0.13438
48 0.68438 0.95781 0.4 0.08437
5 0.71562 0.12812 0.05625 0.05
48 0.0375 0.07969 0.075 0.15937
48 0.9375 0.92812 0.125 0.14375
48 0.89062 0.82344 0.21875 0.19062
5 0.9125 0.62656 0.04375 0.03438
5 0.92656 0.64375 0.04063 0.03125
5 0.93906 0.66562 0.04063 0.0375
5 0.94531 0.68594 0.04062 0.04063
5 0.87969 0.60312 0.02813 0.0375
5 0.9875 0.40312 0.025 0.05
48 0.175 0.35938 0.28125 0.25
48 0.12812 0.59375 0.25625 0.2375
5 0.19688 0.07812 0.03125 0.04375
48 0.25938 0.15781 0.1 0.09062
48 0.97188 0.00312 0.05625 0.00625
5 0.32188 0.12031 0.025 0.02812
48 0.12969 0.50156 0.20938 0.12813
5 0.80938 0.21719 0.04375 0.03437
48 0.16094 0.9625 0.20312 0.075
5 0.77969 0.28594 0.04063 0.03437
48 0.45469 0.77812 0.10938 0.125
48 0.70312 0.63437 0.11875 0.15
48 0.55 0.8875 0.1125 0.10625
48 0.01406 0.73125 0.02812 0.08125
48 0.03438 0.94062 0.06875 0.11875
48 0.56719 0.69219 0.18438 0.15313
48 0.81562 0.77656 0.18125 0.13438
48 0.78438 0.70156 0.1375 0.10313
48 0.05312 0.81875 0.10625 0.11875
48 0.62656 0.96094 0.12187 0.07812
48 0.19688 0.8375 0.225 0.10625
48 0.76719 0.91562 0.22188 0.15625
48 0.37344 0.84062 0.10938 0.125
48 0.70156 0.825 0.16563 0.1375
48 0.35781 0.95781 0.12188 0.06562
48 0.04062 0.67188 0.08125 0.0875
48 0.54062 0.98281 0.175 0.03438
48 0.37344 0.90156 0.12812 0.05938
48 0.04375 0.99219 0.0875 0.01562
5 0.37969 0.17344 0.03437 0.05313
48 0.3125 0.98594 0.13125 0.02812
5 0.98594 0.48281 0.02812 0.04688
48 0.40781 0.30938 0.20937 0.1375
48 0.64531 0.55 0.22187 0.15
48 0.02031 0.37031 0.04062 0.22188
48 0.24531 0.7625 0.15938 0.125
48 0.87969 0.97656 0.15313 0.04688
48 0.52969 0.37656 0.12812 0.11563
48 0.47656 0.54844 0.19063 0.15313
48 0.2125 0.89688 0.125 0.1
48 0.30625 0.61719 0.1875 0.20312
48 0.11562 0.74688 0.15625 0.1625
48 0.56563 0.44375 0.15625 0.14375
48 0.36406 0.43594 0.20937 0.17188
