48 0.4375 0.02188 0.1625 0.04375
48 0.34531 0.06094 0.11563 0.12188
48 0.50313 0.09688 0.1 0.1
48 0.57187 0.11562 0.0875 0.0875
48 0.62969 0.13594 0.06562 0.06563
48 0.67656 0.06094 0.19688 0.12188
48 0.85781 0.12344 0.14062 0.18438
48 0.95781 0.05313 0.08437 0.0625
48 0.95312 0.12031 0.09375 0.12188
48 0.92969 0.02031 0.14062 0.04062
48 0.35625 0.32188 0.26875 0.1375
48 0.5125 0.37656 0.10625 0.10312
48 0.62656 0.42188 0.11562 0.11875
48 0.69687 0.36875 0.025 0.03125
48 0.72969 0.40625 0.06562 0.0875
48 0.76719 0.41406 0.04688 0.07812
48 0.90781 0.43438 0.09062 0.1
48 0.84062 0.44844 0.04375 0.05938
48 0.31875 0.42031 0.15625 0.10312
48 0.52812 0.48281 0.075 0.05937
48 0.6 0.55625 0.1375 0.14375
48 0.72969 0.52656 0.15313 0.09687
48 0.81406 0.50469 0.03438 0.04063
48 0.81719 0.62813 0.18438 0.11875
48 0.275 0.52031 0.15625 0.09687
48 0.28594 0.6125 0.22813 0.125
48 0.27969 0.69531 0.09687 0.06563
48 0.41719 0.72031 0.12188 0.08437
48 0.53281 0.73281 0.09063 0.06563
48 0.55312 0.68594 0.1375 0.05937
48 0.17656 0.7 0.12187 0.05625
48 0.28906 0.78438 0.17188 0.08125
48 0.35938 0.81562 0.09375 0.04375
48 0.52188 0.81875 0.11875 0.06875
48 0.10312 0.87031 0.075 0.08437
48 0.48906 0.92812 0.10937 0.08125
48 0.36406 0.90938 0.10313 0.1
48 0.225 0.89531 0.16875 0.10938
48 0.17656 0.98281 0.12187 0.03438
48 0.58125 0.99531 0.0625 0.00938
48 0.69531 0.99531 0.15312 0.00938
48 0.68125 0.675 0.0875 0.05625
48 0.77031 0.72188 0.12188 0.1
48 0.85 0.70781 0.0375 0.03437
48 0.77344 0.82031 0.09688 0.09062
48 0.73125 0.86875 0.1625 0.1625
48 0.72031 0.95312 0.14687 0.0625
48 0.99375 0.93281 0.0125 0.05312
48 0.97031 0.9875 0.05937 0.025
5 0.03438 0.81094 0.0375 0.05312
5 0.01562 0.68281 0.03125 0.05938
5 0.05156 0.54844 0.04062 0.05312
5 0.98594 0.70781 0.02812 0.04688
5 0.98281 0.47656 0.03438 0.05937
48 0.00938 0.27344 0.01875 0.08437
48 0.04375 0.25938 0.0875 0.125
48 0.02031 0.35781 0.04062 0.10312
5 0.07812 0.10781 0.0375 0.03438
48 0.01875 0.04062 0.0375 0.08125
48 0.07656 0.04062 0.14062 0.08125
