48 0.90781 0.0875 0.18437 0.175
48 0.95938 0.27031 0.08125 0.17188
48 0.8625 0.90469 0.275 0.19063
5 0.55156 0.92812 0.01562 0.04375
5 0.75469 0.89375 0.04063 0.01875
5 0.82812 0.8375 0.025 0.0375
5 0.68125 0.24375 0.03125 0.0375
5 0.67656 0.52812 0.02813 0.0375
5 0.57656 0.9375 0.02187 0.05
5 0.80625 0.06094 0.01875 0.03438
5 0.75 0.92031 0.05625 0.02812
5 0.92344 0.47344 0.04688 0.02813
5 0.9875 0.49375 0.025 0.025
5 0.63906 0.54062 0.02187 0.03125
5 0.55 0.72656 0.01875 0.03438
5 0.575 0.56563 0.01875 0.03125
5 0.54688 0.64062 0.01875 0.025
