48 0.06094 0.09219 0.12188 0.14688
48 0.57187 0.06875 0.2875 0.1375
48 0.35312 0.05 0.14375 0.09375
48 0.89531 0.05625 0.14687 0.1125
48 0.95625 0.1 0.0875 0.1625
48 0.0125 0.30469 0.025 0.10938
5 0.82031 0.37656 0.05313 0.03437
5 0.7625 0.29375 0.04375 0.03125
48 0.36562 0.14531 0.2 0.11562
48 0.63438 0.19844 0.09375 0.09062
48 0.72969 0.16719 0.13438 0.11562
48 0.83906 0.16563 0.13438 0.13125
48 0.94844 0.20156 0.10313 0.11563
5 0.14844 0.43281 0.02813 0.05938
48 0.30156 0.57344 0.17188 0.11562
48 0.23594 0.65156 0.12812 0.12188
48 0.52812 0.40781 0.14375 0.12188
48 0.5625 0.51562 0.0875 0.1
48 0.4375 0.38906 0.0875 0.11563
48 0.29531 0.41875 0.20312 0.2
48 0.68281 0.42812 0.12188 0.10625
48 0.66094 0.52344 0.11562 0.10312
48 0.73281 0.65781 0.14062 0.18437
5 0.50469 0.52812 0.05938 0.05625
48 0.78125 0.50156 0.11875 0.10312
48 0.88125 0.51875 0.1375 0.14375
48 0.18594 0.72812 0.10938 0.075
48 0.29219 0.77969 0.17188 0.10313
48 0.43594 0.89219 0.18437 0.12813
48 0.34688 0.9375 0.1125 0.0625
48 0.17188 0.95469 0.15625 0.09062
48 0.25781 0.97031 0.07188 0.05937
48 0.21406 0.99844 0.30312 0.00313
48 0.41719 0.98281 0.14687 0.03438
48 0.46562 0.69375 0.1875 0.1625
48 0.92031 0.84688 0.12187 0.11875
48 0.98594 0.88125 0.02812 0.0875
48 0.98906 0.97812 0.02187 0.04375
48 0.94375 0.70156 0.1125 0.19063
48 0.97188 0.55 0.05625 0.14375
48 0.42344 0.49062 0.10312 0.1125
48 0.93281 0.92812 0.10313 0.05
