48 0.42656 0.94531 0.15937 0.10938
48 0.02656 0.62344 0.05312 0.07812
48 0.96875 0.47969 0.0625 0.07188
48 0.625 0.56094 0.11875 0.21562
48 0.56094 0.99062 0.07188 0.01875
48 0.51406 0.825 0.15937 0.0875
48 0.98438 0.32969 0.03125 0.11563
48 0.81406 0.02812 0.15312 0.05625
48 0.69688 0.50938 0.08125 0.075
48 0.175 0.64688 0.08125 0.06875
48 0.41406 0.15313 0.13438 0.1
48 0.94062 0.28594 0.0875 0.07188
48 0.70781 0.28906 0.07188 0.06563
48 0.92344 0.97656 0.10313 0.04688
48 0.46094 0.30625 0.14062 0.25
48 0.54531 0.5125 0.12187 0.15625
48 0.27656 0.28594 0.17812 0.17812
48 0.60156 0.15781 0.22812 0.17812
48 0.41094 0.5375 0.12812 0.16875
48 0.25938 0.57812 0.13125 0.175
48 0.08594 0.93438 0.17188 0.13125
48 0.24688 0.88594 0.11875 0.14687
48 0.98906 0.99688 0.02187 0.00625
48 0.87031 0.38438 0.14062 0.2125
48 0.62656 0.89844 0.20937 0.19687
48 0.01406 0.00312 0.02812 0.00625
48 0.50938 0.04375 0.11875 0.0875
48 0.40781 0.06875 0.11563 0.1375
48 0.07344 0.53281 0.14688 0.16562
48 0.97812 0.65469 0.04375 0.14062
48 0.62969 0.0125 0.20312 0.025
