48 0.76719 0.76094 0.12813 0.11562
48 0.10781 0.99531 0.21562 0.00938
48 0.98281 0.625 0.03438 0.15
48 0.5 0.04531 0.19375 0.09062
48 0.59062 0.26094 0.11875 0.11562
48 0.66562 0.9625 0.1375 0.075
48 0.89531 0.95781 0.14062 0.08437
48 0.07656 0.51719 0.15313 0.16562
48 0.99688 0.04844 0.00625 0.09688
48 0.82187 0.48281 0.13125 0.11563
48 0.79688 0.64844 0.1375 0.13437
48 0.91094 0.09375 0.16563 0.125
48 0.96406 0.47031 0.07188 0.11562
48 0.76406 0.23438 0.12187 0.125
48 0.09375 0.37187 0.11875 0.10625
48 0.425 0.29844 0.11875 0.09687
48 0.92812 0.21719 0.1125 0.11563
48 0.78438 0.10938 0.08125 0.0875
48 0.40312 0.69844 0.15625 0.12812
48 0.60312 0.67656 0.1375 0.14687
48 0.2 0.17031 0.15 0.12812
48 0.43906 0.53438 0.14062 0.13125
48 0.4875 0.97656 0.15625 0.04688
48 0.19219 0.075 0.38438 0.15
48 0.60938 0.51562 0.1375 0.125
