48 0.25 0.04531 0.35625 0.09062
48 0.10156 0.6 0.20312 0.2625
48 0.04688 0.82031 0.09375 0.26562
48 0.00938 0.96406 0.01875 0.07188
48 0.79688 0.07656 0.325 0.15313
48 0.72969 0.24531 0.34063 0.25313
48 0.95 0.25781 0.1 0.20937
48 0.97969 0.09219 0.04063 0.18438
48 0.65938 0.54844 0.35 0.41562
48 0.88906 0.63438 0.22188 0.25
48 0.50469 0.91406 0.31562 0.17188
48 0.74219 0.925 0.27188 0.15
48 0.91406 0.94219 0.17188 0.11562
5 0.0875 0.99062 0.05 0.01875
5 0.09687 0.97344 0.05 0.02187
5 0.10938 0.94687 0.04375 0.025
6 0.2 0.9 0.05625 0.06875
5 0.11562 0.925 0.04375 0.01875
5 0.125 0.89844 0.05 0.02812
5 0.13281 0.87344 0.05312 0.02812
5 0.26094 0.99375 0.05312 0.0125
5 0.26562 0.97656 0.05 0.02188
5 0.275 0.95469 0.05 0.02187
5 0.275 0.93438 0.04375 0.01875
5 0.27812 0.91406 0.04375 0.02188
5 0.29219 0.89531 0.05312 0.02813
9 0.25625 0.87656 0.04375 0.05312
5 0.29844 0.87031 0.03437 0.02187
5 0.30781 0.85469 0.04063 0.01562
5 0.31719 0.83438 0.04063 0.01875
5 0.14219 0.85 0.05938 0.01875
5 0.14375 0.83125 0.04375 0.01875
5 0.15469 0.80625 0.04688 0.025
8 0.275 0.82812 0.03125 0.04375
5 0.15781 0.78125 0.04062 0.01875
5 0.17812 0.72969 0.0375 0.02187
5 0.18594 0.70781 0.05313 0.02187
10 0.325 0.80938 0.05625 0.025
9 0.32969 0.78125 0.07187 0.025
5 0.5 0.80625 0.05625 0.03125
5 0.56719 0.8125 0.04688 0.025
5 0.65625 0.825 0.05 0.025
5 0.73281 0.8375 0.05312 0.025
5 0.67188 0.75156 0.0375 0.01562
5 0.61563 0.74219 0.0375 0.02188
5 0.56563 0.73906 0.04375 0.02187
5 0.42812 0.72188 0.0375 0.01875
5 0.38438 0.71719 0.04375 0.02187
5 0.37031 0.66875 0.02813 0.0375
5 0.38906 0.60938 0.02813 0.03125
5 0.2125 0.62656 0.04375 0.02187
5 0.23281 0.58438 0.04062 0.01875
5 0.23906 0.55 0.04063 0.0125
5 0.24375 0.53125 0.05 0.025
5 0.4125 0.52812 0.03125 0.025
5 0.25938 0.51094 0.04375 0.01562
5 0.25469 0.48906 0.05937 0.02813
5 0.25625 0.45938 0.05625 0.025
5 0.42812 0.47812 0.03125 0.0375
5 0.30469 0.39219 0.02812 0.03437
5 0.30781 0.36094 0.04063 0.02188
5 0.31406 0.33281 0.02813 0.03437
5 0.375 0.33438 0.03125 0.0375
5 0.43906 0.43281 0.03437 0.03437
5 0.45781 0.38438 0.02813 0.0375
5 0.51094 0.20781 0.02813 0.03438
5 0.39844 0.10469 0.02812 0.03438
5 0.52031 0.06094 0.02813 0.04062
5 0.42344 0.025 0.02813 0.0375
9 0.54375 0.10938 0.0625 0.025
9 0.21719 0.64531 0.07187 0.03437
5 0.86406 0.775 0.04688 0.01875
5 0.93438 0.77969 0.05625 0.01562
5 0.99062 0.77812 0.01875 0.025
5 0.93906 0.84375 0.05937 0.025
48 0.92344 0.44219 0.15312 0.21563
53 0.23125 0.55937 0.11875 0.26875
53 0.14688 0.82188 0.075 0.1875
53 0.09531 0.95781 0.11562 0.08437
53 0.25469 0.99219 0.08438 0.01562
53 0.2875 0.94219 0.08125 0.10938
53 0.32031 0.82812 0.09688 0.1125
8 0.54688 0.06562 0.03125 0.04375
5 0.40156 0.79219 0.04688 0.02187
