53 0.31406 0.07187 0.36562 0.14375
5 0.27187 0.00625 0.0625 0.0125
5 0.37188 0.00156 0.05625 0.00312
5 0.4375 0.00312 0.0625 0.00625
5 0.38281 0.02812 0.03438 0.04375
5 0.43438 0.01562 0.06875 0.01875
5 0.43438 0.0375 0.0625 0.01875
5 0.28438 0.02031 0.06875 0.02813
5 0.43594 0.05781 0.06562 0.02188
5 0.43125 0.07969 0.0625 0.02187
5 0.43438 0.1 0.06875 0.025
5 0.29844 0.04688 0.06562 0.025
5 0.32969 0.07969 0.05938 0.04063
5 0.1875 0.02656 0.05 0.04062
5 0.21562 0.06094 0.05 0.04688
5 0.26406 0.08594 0.05313 0.04062
5 0.25469 0.1125 0.05313 0.04375
5 0.54844 0.07031 0.05312 0.02813
5 0.54844 0.05 0.05312 0.025
5 0.5375 0.09375 0.05625 0.025
5 0.4 0.18594 0.04375 0.04062
5 0.42656 0.17812 0.05312 0.05
5 0.15625 0.00625 0.05625 0.0125
5 0.01719 0.04531 0.03438 0.02812
5 0.12344 0.09687 0.03438 0.04375
5 0.1125 0.14531 0.0375 0.04062
5 0.53438 0.1375 0.05625 0.025
5 0.07656 0.05156 0.05938 0.02813
48 0.98594 0.87812 0.02812 0.2375
48 0.73906 0.25625 0.32812 0.41875
48 0.99531 0.44688 0.00938 0.35
48 0.89375 0.625 0.2125 0.275
5 0.43281 0.26719 0.04688 0.04688
5 0.4875 0.34688 0.05 0.04375
5 0.50156 0.27812 0.05312 0.04375
5 0.5375 0.11406 0.05625 0.02188
5 0.51406 0.37344 0.05937 0.02813
5 0.55469 0.025 0.05937 0.025
48 0.5875 0.6625 0.05 0.04375
5 0.74531 0.77344 0.05312 0.05313
5 0.03594 0.02188 0.07187 0.0375
48 0.29063 0.83594 0.58125 0.32812
5 0.2875 0.25469 0.0375 0.02812
5 0.51406 0.56563 0.05937 0.05
5 0.52031 0.50156 0.05312 0.04688
