48 0.58594 0.06562 0.05937 0.0375
48 0.54531 0.1 0.08437 0.05
48 0.625 0.01719 0.04375 0.03438
48 0.46406 0.09375 0.05312 0.04375
48 0.23906 0.09219 0.07188 0.04688
48 0.31562 0.15781 0.0875 0.05313
48 0.22188 0.14844 0.08125 0.04688
48 0.175 0.06719 0.05 0.10312
48 0.17031 0.00781 0.07187 0.01562
48 0.28906 0.06719 0.07812 0.09063
48 0.46094 0.00781 0.04688 0.01562
48 0.40781 0.00781 0.04688 0.01562
48 0.40938 0.05469 0.04375 0.05938
48 0.35781 0.10625 0.07187 0.0625
48 0.24062 0.00938 0.04375 0.01875
48 0.01562 0.0125 0.03125 0.025
48 0.03125 0.07344 0.0625 0.09062
48 0.07969 0.00938 0.12812 0.01875
48 0.1 0.06562 0.10625 0.09375
48 0.3625 0.05781 0.0625 0.04688
48 0.46094 0.05312 0.07188 0.0375
48 0.52344 0.06094 0.07187 0.02812
48 0.58438 0.02656 0.04375 0.05312
48 0.3875 0.15313 0.08125 0.04375
48 0.41562 0.10312 0.05625 0.05625
48 0.22031 0.04844 0.06562 0.05312
48 0.575 0.13594 0.05 0.04687
48 0.84375 0.07812 0.3125 0.15625
22 0.85 0.83594 0.225 0.06563
18 0.97656 0.85781 0.04688 0.06563
18 0.04844 0.62031 0.09688 0.06562
18 0.18906 0.64219 0.20313 0.05937
18 0.39062 0.66406 0.20625 0.06563
18 0.98906 0.58125 0.02187 0.08125
18 0.90469 0.50469 0.19063 0.07188
18 0.88281 0.55781 0.19687 0.07812
18 0.71719 0.47812 0.20312 0.08125
18 0.6875 0.53594 0.2 0.09063
18 0.52031 0.45156 0.20937 0.07812
18 0.49062 0.51094 0.20625 0.09063
18 0.31875 0.42969 0.20625 0.06563
18 0.29531 0.48281 0.20312 0.07812
18 0.12188 0.4125 0.2125 0.06875
18 0.09844 0.46719 0.19688 0.08438
18 0.01719 0.38438 0.03438 0.06875
18 0.00156 0.4375 0.00312 0.06875
18 0.97969 0.45469 0.04063 0.07812
18 0.86094 0.43594 0.21562 0.07812
18 0.64844 0.40625 0.21562 0.075
18 0.4375 0.37969 0.21875 0.07188
18 0.22656 0.35469 0.22188 0.08437
18 0.05938 0.33125 0.11875 0.08125
18 0.59062 0.6875 0.20625 0.06875
18 0.78281 0.70781 0.20937 0.05938
18 0.9375 0.73281 0.125 0.05937
