48 0.87188 0.07969 0.175 0.15937
48 0.95469 0.675 0.09062 0.1
48 0.51094 0.80313 0.34687 0.30625
48 0.65 0.04375 0.18125 0.0875
48 0.78594 0.29375 0.31562 0.1
48 0.07656 0.02656 0.15313 0.05312
48 0.44531 0.41562 0.20312 0.2125
48 0.825 0.39531 0.23125 0.10938
48 0.32188 0.57031 0.1625 0.12813
48 0.86563 0.84375 0.19375 0.18125
5 0.51406 0.19688 0.05313 0.05625
48 0.17188 0.06094 0.24375 0.12188
48 0.97344 0.05938 0.05312 0.11875
48 0.93906 0.31719 0.12187 0.12812
48 0.80313 0.74219 0.1 0.07812
5 0.06406 0.09844 0.05312 0.04688
5 0.56563 0.41562 0.0375 0.04375
48 0.72656 0.95469 0.29062 0.09062
48 0.94531 0.13906 0.10938 0.07812
48 0.71094 0.00156 0.37813 0.00312
48 0.29219 0.15156 0.22812 0.22188
48 0.49375 0.03281 0.13125 0.06562
48 0.97344 0.49688 0.05312 0.1
48 0.80313 0.65469 0.11875 0.11562
48 0.86094 0.22969 0.19688 0.05938
5 0.54688 0.52812 0.05 0.05625
5 0.48281 0.12188 0.03437 0.04375
48 0.66406 0.53906 0.07187 0.09688
48 0.97188 0.81562 0.05625 0.2625
5 0.43906 0.02656 0.05313 0.05312
48 0.48906 0.31875 0.16563 0.24375
48 0.7125 0.65156 0.13125 0.09687
5 0.60938 0.47188 0.04375 0.05
48 0.23594 0.89844 0.14063 0.20312
48 0.95938 0.575 0.08125 0.175
48 0.99844 0.6 0.00313 0.1
5 0.40156 0.00312 0.03437 0.00625
48 0.95312 0.40625 0.09375 0.1125
48 0.7 0.11094 0.29375 0.22188
48 0.9625 0.02031 0.075 0.04062
48 0.02344 0.12031 0.04688 0.24062
5 0.57812 0.21406 0.05 0.05937
48 0.41562 0.95938 0.18125 0.08125
48 0.18125 0.46094 0.16875 0.16562
5 0.12656 0.16406 0.04688 0.04688
5 0.57031 0.36875 0.03438 0.05
48 0.13281 0.89531 0.17188 0.20937
48 0.04531 0.96094 0.09062 0.07812
48 0.10625 0.35938 0.2125 0.2125
48 0.22969 0.0875 0.19688 0.175
48 0.37031 0.31563 0.14062 0.1375
48 0.89219 0.00781 0.19688 0.01562
48 0.85469 0.48281 0.17188 0.10938
5 0.00469 0.1 0.00938 0.04375
48 0.32031 0.26719 0.14687 0.15937
48 0.74062 0.20938 0.14375 0.1125
48 0.88438 0.66719 0.075 0.07812
48 0.24531 0.52188 0.17188 0.175
48 0.67031 0.41094 0.12813 0.12812
48 0.88281 0.58281 0.11563 0.09063
5 0.24844 0.30312 0.05313 0.04375
48 0.04688 0.66094 0.09375 0.20937
48 0.76875 0.00156 0.175 0.00312
48 0.73906 0.47031 0.10313 0.09688
48 0.41562 0.2 0.19375 0.15625
48 0.75469 0.78594 0.14062 0.12188
48 0.36562 0.63281 0.13125 0.12813
48 0.04844 0.25938 0.09688 0.19375
48 0.7625 0.56406 0.18125 0.09062
48 0.33125 0.92812 0.1375 0.14375
48 0.12656 0.69375 0.12812 0.2125
48 0.00781 0.53906 0.01562 0.21562
48 0.53438 0.06875 0.1125 0.11875
48 0.97969 0.22031 0.04063 0.10312
48 0.64531 0.6875 0.15313 0.1375
