48 0.37969 0.10312 0.09687 0.0875
5 0.71875 0.02656 0.05 0.04062
48 0.45469 0.05 0.10938 0.06875
48 0.75937 0.77344 0.0875 0.07812
48 0.70469 0.79531 0.05937 0.05312
48 0.85156 0.71719 0.10938 0.10313
48 0.67344 0.83125 0.06563 0.05
48 0.94219 0.07031 0.11562 0.14062
48 0.93125 0.00625 0.1375 0.0125
48 0.76719 0.27031 0.18437 0.14688
48 0.84844 0.21875 0.15313 0.11875
48 0.95156 0.31562 0.09688 0.11875
48 0.79844 0.39062 0.16563 0.125
48 0.98594 0.4875 0.02812 0.1
48 0.52188 0.29844 0.1625 0.10938
5 0.49531 0.20312 0.04063 0.04375
5 0.475 0.25312 0.025 0.0375
48 0.73906 0.55625 0.17812 0.15
48 0.82812 0.6 0.11875 0.09375
48 0.7125 0.43281 0.125 0.10313
5 0.5875 0.96875 0.05 0.04375
5 0.62813 0.99062 0.04375 0.01875
48 0.33906 0.50781 0.14062 0.12187
48 0.39688 0.44219 0.1625 0.10938
48 0.45156 0.52031 0.08438 0.06562
48 0.49375 0.49531 0.10625 0.09063
48 0.70469 0.70781 0.15938 0.15937
48 0.97656 0.75 0.04688 0.175
48 0.57969 0.70469 0.13438 0.12813
48 0.64531 0.64062 0.11562 0.09375
48 0.91875 0.93281 0.1625 0.13438
48 0.79219 0.90938 0.14062 0.11875
48 0.91406 0.60938 0.09062 0.08125
48 0.87188 0.51875 0.1 0.1125
48 0.79531 0.16406 0.10313 0.07188
48 0.8625 0.15937 0.275 0.31875
5 0.37969 0.82812 0.05938 0.04375
48 0.05312 0.03438 0.10625 0.06875
48 0.30156 0.03594 0.16563 0.07187
48 0.02656 0.2125 0.05312 0.125
48 0.05938 0.25312 0.11875 0.13125
48 0.09375 0.32031 0.11875 0.12187
48 0.17812 0.04062 0.14375 0.08125
48 0.56406 0.57812 0.15313 0.125
48 0.59531 0.48906 0.11562 0.09063
48 0.26719 0.14531 0.23438 0.19062
48 0.09375 0.70469 0.16875 0.12813
48 0.04062 0.76875 0.08125 0.13125
48 0.19844 0.75312 0.12188 0.1
48 0.14531 0.8 0.13438 0.10625
48 0.24219 0.87969 0.12813 0.13438
48 0.32812 0.88906 0.1 0.10938
48 0.00938 0.975 0.01875 0.05
48 0.01094 0.875 0.02188 0.13125
48 0.36094 0.95469 0.20312 0.09062
48 0.52031 0.99688 0.15937 0.00625
48 0.3875 0.99688 0.175 0.00625
48 0.40469 0.01094 0.14688 0.02188
48 0.18438 0.94062 0.075 0.0625
5 0.37031 0.31094 0.04063 0.03437
