5 0.76406 0.425 0.04063 0.01875
48 0.88906 0.02344 0.11562 0.04688
10 0.84531 0.40938 0.07812 0.01875
5 0.49688 0.40312 0.04375 0.025
48 0.93125 0.34062 0.0625 0.0875
48 0.97812 0.92344 0.04375 0.12187
48 0.87344 0.88125 0.09688 0.06875
48 0.98281 0.04062 0.03438 0.08125
48 0.96562 0.49687 0.06875 0.1125
48 0.98594 0.32344 0.02812 0.04688
6 0.25312 0.10625 0.0625 0.025
8 0.30156 0.11719 0.04063 0.02187
48 0.09219 0.46875 0.15937 0.14375
48 0.17969 0.85156 0.07188 0.04688
48 0.39375 0.47656 0.0875 0.07187
6 0.31875 0.91719 0.01875 0.04063
48 0.07187 0.93281 0.0625 0.06562
48 0.07344 0.98125 0.06562 0.0375
48 0.20781 0.71406 0.04062 0.02813
5 0.40469 0.12031 0.03437 0.01562
39 0.75938 0.40156 0.0625 0.02187
48 0.3375 0.01406 0.1625 0.02812
48 0.86094 0.78906 0.14687 0.13437
48 0.86563 0.95625 0.13125 0.0875
48 0.70938 0.0375 0.09375 0.075
48 0.99062 0.78438 0.01875 0.1625
48 0.31875 0.58281 0.1 0.07812
48 0.25 0.93281 0.08125 0.13438
48 0.57656 0.775 0.06563 0.125
48 0.76406 0.47031 0.10313 0.05938
48 0.78906 0.32344 0.21562 0.11562
48 0.8875 0.625 0.125 0.14375
48 0.83438 0.18906 0.1 0.09687
48 0.39375 0.86562 0.075 0.26875
48 0.18438 0.175 0.08125 0.08125
48 0.75469 0.62031 0.12812 0.14687
48 0.07969 0.83125 0.10938 0.10625
48 0.93438 0.21406 0.13125 0.13438
48 0.50469 0.91875 0.09063 0.1625
48 0.41719 0.61875 0.12812 0.13125
48 0.51406 0.77031 0.08438 0.12812
8 0.32812 0.42188 0.04375 0.025
5 0.21094 0.40312 0.04063 0.025
5 0.69531 0.0875 0.03438 0.01875
48 0.34688 0.32812 0.175 0.10625
48 0.79219 0.03438 0.08437 0.06875
5 0.81094 0.12812 0.04063 0.01875
48 0.24844 0.83594 0.07187 0.07812
48 0.47344 0.00312 0.12188 0.00625
48 0.56094 0.32812 0.16563 0.1125
48 0.74375 0.925 0.09375 0.13125
48 0.67656 0.7875 0.05938 0.11875
48 0.57656 0.91562 0.07812 0.14375
48 0.47031 0.19375 0.09688 0.15
5 0.26875 0.44219 0.04375 0.03437
48 0.075 0.22188 0.04375 0.075
48 0.73594 0.79688 0.05312 0.08125
48 0.09687 0.6875 0.09375 0.15
48 0.15625 0.93594 0.09375 0.12813
48 0.54688 0.62031 0.0875 0.13438
48 0.19844 0.03281 0.10312 0.06562
48 0.05625 0.13906 0.075 0.09063
48 0.89219 0.49531 0.12187 0.10313
48 0.67656 0.91094 0.05938 0.15937
48 0.57969 0.01094 0.09062 0.02188
48 0.13594 0.3125 0.10937 0.1125
5 0.33125 0.45781 0.025 0.04063
5 0.62969 0.41094 0.04063 0.02187
48 0.32812 0.80625 0.09375 0.13125
48 0.61875 0.57656 0.09375 0.22188
48 0.54688 0.2 0.1125 0.16875
48 0.13281 0.03438 0.08438 0.06875
48 0.67656 0.62344 0.07812 0.14062
48 0.76875 0.53125 0.125 0.05
48 0.04375 0.03906 0.0875 0.07812
