48 0.01719 0.50625 0.03438 0.1
48 0.025 0.45938 0.05 0.05
48 0.1 0.52188 0.11875 0.06875
48 0.09063 0.45 0.08125 0.075
48 0.03438 0.34688 0.06875 0.0875
48 0.02344 0.41562 0.04688 0.04375
48 0.09219 0.4 0.09063 0.0375
48 0.11406 0.35625 0.12812 0.08125
48 0.13125 0.14375 0.13125 0.1
5 0.18906 0.38594 0.03437 0.04063
5 0.22344 0.26406 0.02812 0.04062
48 0.01719 0.7375 0.03438 0.10625
48 0.0375 0.77656 0.075 0.11562
48 0.31094 0.84375 0.21562 0.15
48 0.46562 0.86094 0.10625 0.14062
48 0.57031 0.89219 0.15312 0.14687
48 0.69375 0.93594 0.1125 0.12813
48 0.77969 0.95625 0.15312 0.0875
48 0.87188 0.99375 0.16875 0.0125
48 0.96875 0.99688 0.0625 0.00625
48 0.35156 0.58281 0.13438 0.14687
48 0.36094 0.46875 0.10312 0.06875
48 0.48125 0.50625 0.15625 0.1125
48 0.45625 0.40781 0.18125 0.10938
48 0.69844 0.45156 0.10938 0.10938
48 0.42812 0.3125 0.11875 0.0875
48 0.60938 0.33906 0.18125 0.10313
48 0.54688 0.23281 0.1625 0.10937
48 0.53281 0.12031 0.15938 0.11562
48 0.76406 0.26406 0.07812 0.10312
48 0.69375 0.05938 0.1375 0.0875
48 0.55312 0.04688 0.175 0.09375
48 0.84531 0.08281 0.14062 0.09688
48 0.72656 0.00781 0.11563 0.01562
48 0.64219 0.00156 0.08437 0.00312
48 0.94062 0.3125 0.11875 0.11875
48 0.98906 0.375 0.02187 0.0875
48 0.84219 0.63906 0.09062 0.09688
48 0.88281 0.56094 0.12187 0.09688
48 0.90469 0.46719 0.14062 0.09062
48 0.75312 0.32969 0.08125 0.05938
48 0.94375 0.70781 0.1125 0.14062
48 0.52969 0.975 0.20312 0.05
50 0.30156 0.95 0.25312 0.1
