48 0.73281 0.42188 0.07812 0.0875
48 0.99062 0.7 0.01875 0.14375
48 0.77188 0.76094 0.0875 0.09063
47 0.88594 0.62344 0.08437 0.07188
47 0.82656 0.70625 0.12813 0.11875
48 0.13281 0.89375 0.14687 0.19375
50 0.78594 0.09375 0.23438 0.1875
50 0.59688 0.55 0.13125 0.125
47 0.89844 0.90469 0.11563 0.07812
48 0.44531 0.02031 0.07812 0.04062
47 0.01094 0.43437 0.02188 0.08125
50 0.60156 0.90156 0.27812 0.19688
50 0.22813 0.02188 0.15625 0.04375
47 0.23281 0.3625 0.10937 0.08125
48 0.2875 0.26719 0.10625 0.09063
47 0.4625 0.65781 0.08125 0.07812
50 0.93438 0.44531 0.13125 0.18437
50 0.89375 0.96719 0.2125 0.06563
47 0.15469 0.52656 0.10312 0.06562
50 0.10938 0.21875 0.21875 0.4375
50 0.5125 0.18281 0.29375 0.25312
47 0.19531 0.73594 0.08437 0.07188
