48 0.81562 0.55156 0.08125 0.10313
48 0.69688 0.74219 0.125 0.14688
48 0.92188 0.74219 0.15625 0.22188
48 0.96719 0.57812 0.06563 0.14375
48 0.87656 0.46406 0.15312 0.13438
48 0.78125 0.65469 0.2125 0.12187
48 0.70312 0.86406 0.16875 0.09063
48 0.97969 0.48281 0.04063 0.05937
48 0.27187 0.63281 0.54375 0.30313
48 0.9375 0.96875 0.125 0.0625
48 0.57031 0.27969 0.37187 0.32812
10 0.02344 0.81719 0.04688 0.05312
48 0.99375 0.06875 0.0125 0.08125
48 0.94844 0.06406 0.10313 0.12188
48 0.99375 0.15 0.0125 0.125
48 0.83438 0.04844 0.10625 0.09688
5 0.96875 0.54219 0.0375 0.04688
