5 0.00156 0.89688 0.00312 0.03125
48 0.07187 0.70781 0.14375 0.13438
48 0.18594 0.7375 0.14062 0.13125
48 0.3 0.74688 0.11875 0.125
48 0.01875 0.55937 0.0375 0.08125
48 0.07344 0.57656 0.11562 0.07188
48 0.04375 0.01719 0.0875 0.03438
48 0.14375 0.03438 0.10625 0.06875
48 0.11094 0.12188 0.10312 0.08125
48 0.2375 0.06562 0.15 0.13125
48 0.35625 0.08125 0.15625 0.1625
48 0.46094 0.05781 0.13437 0.11562
48 0.79531 0.20156 0.15312 0.09687
48 0.38125 0.38906 0.1375 0.09687
48 0.55937 0.22813 0.14375 0.13125
48 0.58594 0.12969 0.11563 0.11562
48 0.69375 0.08906 0.1375 0.12188
48 0.80625 0.11875 0.1375 0.1
48 0.88125 0.3 0.15 0.1
48 0.99531 0.17969 0.00938 0.12812
48 0.98125 0.29531 0.0375 0.11563
48 0.95156 0.38906 0.09688 0.11563
48 0.94844 0.47656 0.10313 0.10938
48 0.97031 0.59062 0.05937 0.1
48 0.92813 0.56719 0.0875 0.11562
48 0.40469 0.79062 0.08438 0.06875
48 0.5625 0.58438 0.0625 0.05625
48 0.66406 0.62031 0.09062 0.12188
48 0.92812 0.68438 0.14375 0.10625
48 0.92031 0.79375 0.14687 0.0875
48 0.89531 0.90312 0.14062 0.10625
48 0.0625 0.79062 0.125 0.06875
48 0.5125 0.80312 0.1375 0.09375
48 0.62813 0.81406 0.125 0.10938
48 0.75156 0.84688 0.17188 0.11875
48 0.825 0.72188 0.0625 0.05
48 0.53594 0.7125 0.10313 0.1
