5 0.05156 0.80625 0.05312 0.01875
5 0.49688 0.39688 0.025 0.05
5 0.49062 0.54062 0.01875 0.04375
5 0.53906 0.51094 0.02188 0.05312
5 0.54219 0.60156 0.02813 0.04688
5 0.54531 0.71406 0.02812 0.04688
5 0.84219 0.82656 0.05312 0.01562
48 0.65 0.12969 0.10625 0.07187
48 0.33125 0.66406 0.125 0.17188
48 0.67656 0.02812 0.19688 0.05625
48 0.88281 0.08906 0.19687 0.17812
48 0.8875 0.24062 0.2125 0.11875
48 0.67656 0.2375 0.18438 0.125
48 0.07969 0.03281 0.15937 0.06562
48 0.27031 0.0375 0.20938 0.075
48 0.275 0.13906 0.2 0.12188
48 0.08594 0.12656 0.17188 0.11562
48 0.0875 0.24688 0.175 0.11875
48 0.27969 0.25156 0.20312 0.10312
48 0.65312 0.48125 0.125 0.19375
48 0.78438 0.47656 0.13125 0.16562
48 0.91406 0.48281 0.12187 0.19062
48 0.9875 0.47656 0.025 0.17813
48 0.98906 0.65312 0.02187 0.175
48 0.91562 0.66406 0.125 0.17813
48 0.78594 0.65938 0.13438 0.1875
48 0.65938 0.66719 0.11875 0.17188
48 0.19844 0.47969 0.12813 0.19062
48 0.57812 0.975 0.13125 0.05
48 0.00312 0.69375 0.00625 0.19375
48 0.44531 0.96094 0.12187 0.07812
48 0.70469 0.95938 0.12813 0.08125
48 0.95469 0.95469 0.09062 0.09062
48 0.07187 0.68906 0.1375 0.18437
48 0.06875 0.48906 0.1375 0.20937
48 0.0625 0.97031 0.125 0.05937
48 0.19844 0.67656 0.13438 0.21563
48 0.3125 0.96719 0.1375 0.06563
48 0.32812 0.47969 0.125 0.17812
48 0.19062 0.96562 0.13125 0.06875
