48 0.80781 0.05469 0.10313 0.10938
48 0.69219 0.19219 0.13438 0.12812
48 0.36094 0.34375 0.13437 0.13125
48 0.3125 0.34219 0.0625 0.06562
48 0.68906 0.39688 0.10938 0.18125
48 0.76094 0.70469 0.10313 0.11562
48 0.75 0.80469 0.1125 0.12187
48 0.67031 0.69844 0.08437 0.12188
48 0.6625 0.82969 0.09375 0.06563
48 0.98125 0.69844 0.0375 0.07812
48 0.875 0.92344 0.0875 0.09688
48 0.91094 0.98438 0.10938 0.03125
48 0.24375 0.94375 0.15 0.075
48 0.09531 0.92031 0.19062 0.09062
48 0.98594 0.9375 0.02812 0.1125
48 0.35 0.43594 0.13125 0.06562
48 0.63125 0.96719 0.0625 0.06563
48 0.37812 0.98438 0.09375 0.03125
48 0.61719 0.06719 0.19687 0.13438
48 0.69375 0.27812 0.11875 0.09375
48 0.78594 0.34531 0.12188 0.31563
48 0.97812 0.98906 0.04375 0.02187
48 0.9625 0.37969 0.075 0.27187
48 0.98281 0.08906 0.03438 0.17812
48 0.85 0.77656 0.125 0.19688
48 0.31562 0.8625 0.39375 0.14375
48 0.75938 0.97812 0.2375 0.04375
48 0.47656 0.39531 0.14688 0.20937
48 0.41094 0.70312 0.27187 0.14375
48 0.57812 0.37031 0.125 0.11562
48 0.975 0.82344 0.05 0.14687
48 0.57188 0.17188 0.14375 0.13125
48 0.90469 0.1 0.10313 0.2
48 0.70625 0.02188 0.13125 0.04375
48 0.1125 0.76562 0.19375 0.08125
