5 0.20469 0.17656 0.04062 0.04688
5 0.24844 0.45156 0.04687 0.05938
5 0.1875 0.62344 0.05625 0.04063
5 0.27344 0.98438 0.04688 0.03125
5 0.28594 0.95625 0.05312 0.0375
5 0.29531 0.9375 0.05313 0.03125
5 0.30469 0.91094 0.04688 0.03437
5 0.31563 0.8875 0.05 0.0375
5 0.325 0.86406 0.04375 0.02813
5 0.33438 0.83594 0.04375 0.03438
5 0.34844 0.81406 0.05312 0.03438
5 0.35625 0.78438 0.04375 0.0375
5 0.36562 0.75625 0.04375 0.03125
5 0.36562 0.71562 0.04375 0.0375
5 0.64062 0.83438 0.05 0.04375
5 0.69531 0.86094 0.04688 0.03438
5 0.78281 0.89688 0.05312 0.0375
5 0.92188 0.96094 0.05 0.03438
48 0.16563 0.74375 0.1875 0.1125
