48 0.49844 0.86406 0.10938 0.10313
48 0.57812 0.93594 0.1375 0.12813
48 0.40156 0.90312 0.40312 0.19375
48 0.47031 0.62969 0.15938 0.31562
48 0.23281 0.48594 0.42812 0.24062
48 0.20937 0.37031 0.40625 0.20312
13 0.66094 0.08594 0.17812 0.09063
13 0.67188 0.13906 0.15625 0.10938
48 0.57812 0.23906 0.44375 0.19688
48 0.73438 0.46562 0.53125 0.35625
5 0.37344 0.80156 0.02813 0.04063
5 0.34844 0.81406 0.04063 0.04688
5 0.26406 0.79062 0.03437 0.04375
5 0.24531 0.80313 0.03438 0.0375
48 0.83438 0.9375 0.33125 0.125
