48 0.575 0.0125 0.15 0.025
48 0.67188 0.02188 0.15 0.04375
48 0.77031 0.03594 0.15313 0.07187
5 0.76875 0.05781 0.03125 0.04688
5 0.83594 0.10625 0.04688 0.025
5 0.90469 0.12812 0.04688 0.025
48 0.9 0.05938 0.18125 0.11875
48 0.97812 0.07656 0.04375 0.15313
5 0.92656 0.3625 0.04688 0.03125
48 0.69219 0.93281 0.18438 0.13438
48 0.85 0.94062 0.18125 0.11875
48 0.96094 0.94531 0.07812 0.10938
48 0.78906 0.5125 0.17188 0.1875
48 0.93438 0.53281 0.13125 0.18438
48 0.01406 0.94531 0.02812 0.10938
48 0.08281 0.95938 0.16562 0.08125
48 0.21094 0.98125 0.19062 0.0375
48 0.05 0.80625 0.1 0.2
48 0.1375 0.83438 0.175 0.2125
48 0.27344 0.87656 0.18438 0.22188
48 0.425 0.90469 0.1875 0.19063
48 0.05156 0.32969 0.10312 0.19687
48 0.90938 0.26719 0.18125 0.10938
48 0.15156 0.37656 0.17812 0.20312
48 0.29375 0.42031 0.1875 0.20312
48 0.44844 0.44688 0.19062 0.2
48 0.02188 0.53125 0.04375 0.23125
48 0.09844 0.56719 0.17188 0.22813
48 0.24219 0.60312 0.17812 0.23125
48 0.4 0.65 0.16875 0.23125
48 0.02344 0.06875 0.04688 0.1375
48 0.09531 0.0875 0.19062 0.175
48 0.2375 0.12188 0.175 0.2
48 0.37031 0.15625 0.16563 0.21875
48 0.49687 0.18906 0.1875 0.22188
48 0.91719 0.72656 0.16563 0.20312
48 0.75312 0.71094 0.1625 0.20312
