48 0.0125 0.62031 0.025 0.03437
48 0.01406 0.49688 0.02812 0.04375
48 0.00469 0.24688 0.00938 0.05625
5 0.46094 0.00156 0.02187 0.00312
48 0.94531 0.3 0.05937 0.04375
48 0.725 0.38906 0.1125 0.09063
48 0.70781 0.24844 0.07812 0.05313
48 0.91719 0.42188 0.10313 0.09375
48 0.85469 0.27812 0.04063 0.0375
48 0.45 0.27656 0.0625 0.05312
48 0.39531 0.37969 0.07812 0.05938
48 0.6125 0.29531 0.06875 0.04688
48 0.35156 0.22188 0.04063 0.05
48 0.275 0.36406 0.05 0.07812
48 0.5875 0.70625 0.06875 0.05
48 0.73594 0.56563 0.05312 0.0375
48 0.74062 0.71875 0.075 0.0625
48 0.73281 0.62813 0.05937 0.04375
48 0.80156 0.64219 0.04688 0.04688
48 0.82031 0.57656 0.04062 0.04063
48 0.8625 0.69688 0.05625 0.04375
48 0.76094 0.83594 0.05938 0.05313
48 0.45781 0.6375 0.05938 0.0375
48 0.43438 0.74688 0.0625 0.0375
48 0.33281 0.72656 0.04688 0.04688
48 0.29063 0.71406 0.04375 0.03437
48 0.24688 0.62031 0.0375 0.04063
48 0.35625 0.54062 0.03125 0.0375
48 0.13594 0.64844 0.05938 0.05313
48 0.09062 0.47656 0.0625 0.04688
48 0.09687 0.72344 0.075 0.05312
48 0.0625 0.79219 0.05625 0.06562
48 0.98281 0.65312 0.03438 0.0375
48 0.89688 0.8375 0.075 0.05
48 0.81719 0.98594 0.07188 0.02812
48 0.7875 0.94688 0.05 0.05
48 0.47656 0.93438 0.05937 0.04375
50 0.09219 0.31719 0.10312 0.07812
48 0.20156 0.81406 0.06562 0.06563
48 0.58906 0.63906 0.07812 0.07812
48 0.94844 0.23281 0.04688 0.04062
48 0.63281 0.24531 0.04688 0.04062
48 0.98125 0.03594 0.0375 0.06562
5 0.87656 0.02656 0.02187 0.04688
