48 0.02188 0.84844 0.04375 0.06562
48 0.09844 0.43906 0.17188 0.14062
48 0.04531 0.51406 0.09062 0.10938
48 0.12031 0.55469 0.10312 0.08438
48 0.07656 0.61406 0.12188 0.08437
48 0.03125 0.59062 0.0625 0.08125
48 0.07969 0.67031 0.07188 0.04688
48 0.02188 0.66094 0.04375 0.05938
48 0.0625 0.70781 0.09375 0.05938
48 0.25 0.61563 0.15 0.0875
48 0.02344 0.77031 0.04688 0.04063
48 0.01719 0.80938 0.03438 0.05625
48 0.12188 0.99062 0.1875 0.01875
48 0.18281 0.95312 0.12188 0.08125
48 0.14375 0.87031 0.1125 0.09063
48 0.06719 0.92188 0.13438 0.06875
48 0.33438 0.98281 0.40625 0.03438
48 0.40781 0.92031 0.35312 0.15938
48 0.70156 0.99062 0.04063 0.01875
48 0.63438 0.95781 0.10625 0.08437
48 0.67812 0.86562 0.15625 0.08125
48 0.57344 0.82031 0.06562 0.14688
48 0.46562 0.85625 0.11875 0.0875
48 0.35156 0.81406 0.13438 0.08437
48 0.40781 0.75 0.23438 0.11875
48 0.3875 0.55937 0.13125 0.1375
48 0.39219 0.64062 0.07812 0.04375
48 0.53125 0.59688 0.20625 0.18125
48 0.51562 0.68438 0.1375 0.06875
48 0.60312 0.67969 0.05 0.07812
48 0.65 0.64062 0.0625 0.11875
48 0.72344 0.6625 0.07812 0.1375
48 0.34688 0.67344 0.09375 0.07812
48 0.19688 0.66875 0.06875 0.0625
48 0.25313 0.67344 0.075 0.05937
48 0.17031 0.73438 0.07187 0.09375
48 0.24219 0.72969 0.07812 0.07188
48 0.17812 0.81719 0.1375 0.08437
48 0.68281 0.76406 0.14062 0.15312
48 0.88438 0.68906 0.16875 0.11562
48 0.88906 0.77969 0.16563 0.07188
48 0.88594 0.85 0.16563 0.075
48 0.98125 0.75312 0.0375 0.13125
48 0.86875 0.99062 0.15625 0.01875
48 0.86875 0.92656 0.15 0.11562
48 0.95469 0.92969 0.04063 0.09688
48 0.95781 0.99375 0.03437 0.0125
48 0.98281 0.89531 0.03438 0.20937
48 0.77812 0.43281 0.1125 0.08437
48 0.04531 0.02344 0.09062 0.04688
48 0.2 0.04844 0.13125 0.09688
48 0.97969 0.12344 0.04063 0.11562
48 0.40312 0.26406 0.19375 0.10312
48 0.42656 0.19531 0.17812 0.09063
48 0.45 0.14375 0.18125 0.1125
48 0.46875 0.09062 0.18125 0.1
48 0.49688 0.04062 0.16875 0.08125
48 0.54531 0.01094 0.12187 0.02188
48 0.57188 0.18438 0.10625 0.1875
48 0.64219 0.17969 0.09062 0.14062
48 0.62969 0.05 0.09687 0.1
48 0.69062 0.06562 0.1 0.13125
48 0.76094 0.00781 0.07812 0.01562
5 0.78125 0.07969 0.025 0.02812
5 0.35312 0.30156 0.03125 0.02187
5 0.60312 0.36875 0.025 0.03125
5 0.75781 0.49062 0.04062 0.01875
5 0.05156 0.86562 0.02188 0.03125
5 0.10469 0.77031 0.02812 0.03437
5 0.45625 0.44688 0.03125 0.025
5 0.9125 0.60781 0.03125 0.02812
9 0.48438 0.48906 0.05 0.02813
9 0.27344 0.47344 0.04688 0.02187
5 0.78125 0.9875 0.01875 0.025
51 0.99062 0.28125 0.01875 0.35625
