5 0.06094 0.2 0.04688 0.05
5 0.14688 0.18594 0.04375 0.04062
5 0.16563 0.20156 0.0375 0.04062
5 0.18438 0.22031 0.0375 0.04062
5 0.20156 0.2375 0.04688 0.04375
5 0.2375 0.26719 0.04375 0.04062
5 0.12031 0.325 0.04062 0.04375
5 0.25312 0.29219 0.0375 0.03437
5 0.27187 0.29844 0.0375 0.04062
5 0.2875 0.31875 0.0375 0.0375
5 0.17031 0.375 0.02813 0.03125
5 0.10781 0.4 0.03438 0.0375
6 0.14844 0.35781 0.04688 0.04688
5 0.20312 0.40781 0.04375 0.04062
5 0.22188 0.42969 0.0375 0.04063
48 0.90781 0.13125 0.18437 0.2625
48 0.68906 0.725 0.62187 0.55
5 0.23906 0.44219 0.04688 0.04063
5 0.25625 0.46094 0.04375 0.04063
5 0.27812 0.47188 0.03125 0.03125
5 0.18125 0.46719 0.04375 0.04062
5 0.19844 0.48438 0.04062 0.05
5 0.15937 0.45156 0.0375 0.03437
5 0.21406 0.50313 0.03438 0.05
5 0.12812 0.41875 0.0375 0.04375
5 0.08906 0.38906 0.03438 0.04062
5 0.07187 0.37188 0.04375 0.0375
5 0.02344 0.49531 0.04688 0.04688
5 0.07969 0.5375 0.02812 0.03125
5 0.125 0.59531 0.04375 0.04688
5 0.14531 0.61094 0.04062 0.04063
5 0.00781 0.55625 0.01562 0.04375
5 0.06719 0.62187 0.03438 0.0375
5 0.08438 0.63438 0.04375 0.04375
5 0.1 0.65781 0.0375 0.03438
5 0.01719 0.75 0.03438 0.04375
9 0.00938 0.72969 0.01875 0.05312
9 0.99531 0.18906 0.00938 0.03437
