5 0.98281 0.59531 0.03438 0.03438
48 0.83281 0.44219 0.33438 0.17187
48 0.45469 0.4 0.24062 0.15
5 0.23906 0.475 0.07188 0.025
48 0.1375 0.32812 0.275 0.16875
48 0.24844 0.00938 0.27188 0.01875
48 0.72812 0.07031 0.51875 0.14062
48 0.35938 0.96094 0.24375 0.07812
5 0.2625 0.58438 0.0375 0.04375
5 0.4125 0.61875 0.0375 0.0375
5 0.625 0.675 0.025 0.03125
48 0.33906 0.69688 0.52188 0.2
48 0.91406 0.78281 0.17188 0.15938
48 0.76562 0.93906 0.06875 0.04063
48 0.9625 0.95312 0.05625 0.0375
48 0.5875 0.175 0.10625 0.05
