48 0.44688 0.10625 0.1 0.08125
48 0.44063 0.22969 0.1125 0.07812
48 0.25312 0.24375 0.1125 0.1125
48 0.67656 0.14531 0.15937 0.10312
48 0.55 0.09063 0.11875 0.1125
48 0.825 0.20469 0.10625 0.11562
48 0.80312 0.07969 0.04375 0.05312
48 0.91406 0.15937 0.10938 0.09375
48 0.34688 0.18125 0.10625 0.09375
48 0.1875 0.24375 0.08125 0.0875
48 0.18125 0.42656 0.11875 0.13438
48 0.33438 0.59062 0.06875 0.06875
48 0.02969 0.65625 0.05938 0.1125
48 0.4375 0.175 0.10625 0.05625
48 0.62656 0.69531 0.10313 0.03438
48 0.03438 0.02344 0.06875 0.04688
48 0.39531 0.00312 0.13438 0.00625
48 0.82969 0.03281 0.30937 0.06562
48 0.43281 0.59844 0.12188 0.08437
48 0.12969 0.97969 0.17812 0.04063
48 0.21562 0.60312 0.09375 0.0625
48 0.01875 0.35625 0.0375 0.1125
48 0.04531 0.81875 0.09062 0.24375
48 0.36406 0.67031 0.31562 0.09688
48 0.65469 0.6 0.18437 0.14375
