5 0.375 0.98125 0.0375 0.0375
5 0.47344 0.94844 0.04063 0.04688
5 0.57188 0.91562 0.04375 0.04375
5 0.63281 0.89219 0.03438 0.04063
5 0.6625 0.88125 0.03125 0.0375
5 0.6875 0.87188 0.025 0.04375
5 0.72188 0.85938 0.03125 0.0375
5 0.74688 0.85 0.025 0.0375
5 0.77031 0.84062 0.03437 0.0375
5 0.8 0.82969 0.03125 0.04063
5 0.82812 0.82031 0.03125 0.04062
5 0.85312 0.81406 0.03125 0.03438
5 0.88594 0.80156 0.03437 0.04063
5 0.91719 0.79375 0.03437 0.0375
5 0.94219 0.78438 0.02813 0.03125
5 0.96719 0.77031 0.02812 0.03437
5 0.99375 0.75937 0.0125 0.0375
5 0.54844 0.79375 0.02812 0.03125
5 0.57344 0.78438 0.03437 0.0375
5 0.6 0.77031 0.03125 0.03437
5 0.62344 0.7625 0.02812 0.03125
4 0.65312 0.75625 0.03125 0.0375
4 0.67812 0.74219 0.03125 0.03438
5 0.70312 0.73281 0.03125 0.03438
5 0.73594 0.72188 0.03438 0.0375
5 0.7625 0.70625 0.03125 0.03125
5 0.80156 0.69531 0.04063 0.04062
5 0.85625 0.67188 0.0375 0.0375
5 0.88594 0.65625 0.02813 0.03125
5 0.91562 0.64062 0.03125 0.0375
5 0.94219 0.63281 0.03437 0.03438
5 0.96875 0.62813 0.03125 0.0375
5 0.99531 0.61563 0.00938 0.0375
5 0.95469 0.08594 0.04063 0.02188
5 0.9625 0.10312 0.04375 0.025
5 0.975 0.12031 0.04375 0.02812
5 0.93281 0.15781 0.04063 0.02188
5 0.825 0.20156 0.04375 0.02188
5 0.81875 0.18281 0.04375 0.02188
5 0.80156 0.16875 0.04688 0.025
5 0.75937 0.20156 0.05625 0.02813
5 0.77344 0.22188 0.05313 0.03125
5 0.64844 0.25625 0.04062 0.01875
5 0.64531 0.23594 0.04688 0.02813
5 0.61719 0.28906 0.04688 0.02812
5 0.65625 0.27031 0.04375 0.02187
5 0.51094 0.33125 0.04688 0.025
5 0.33906 0.13906 0.03437 0.03438
5 0.31563 0.15469 0.04375 0.04062
5 0.26094 0.17812 0.03438 0.03125
5 0.22031 0.20625 0.03437 0.0375
5 0.19062 0.21562 0.0375 0.0375
5 0.16875 0.22188 0.0375 0.0375
5 0.14688 0.23281 0.03125 0.03437
5 0.12344 0.24375 0.03438 0.03125
5 0.06094 0.33438 0.04062 0.025
5 0.09688 0.24688 0.03125 0.0375
5 0.075 0.25781 0.04375 0.04063
5 0.04844 0.26719 0.03438 0.03437
5 0.02969 0.27969 0.04062 0.03437
5 0.0125 0.29063 0.025 0.0375
5 0.19375 0.45625 0.05 0.03125
5 0.13594 0.4625 0.04687 0.025
5 0.15 0.47812 0.04375 0.025
5 0.04062 0.99219 0.05 0.01562
5 0.03125 0.97812 0.0375 0.025
5 0.01719 0.96406 0.03438 0.02813
5 0.0125 0.94375 0.025 0.025
53 0.17812 0.26562 0.35625 0.2125
48 0.20312 0.11406 0.40625 0.22188
53 0.71094 0.78594 0.42812 0.24688
53 0.95781 0.67188 0.08437 0.25
53 0.07969 0.94531 0.15937 0.10938
53 0.42188 0.89688 0.30625 0.20625
