48 0.02812 0.68906 0.05625 0.06563
48 0.11406 0.81719 0.09062 0.10938
48 0.21719 0.82188 0.05313 0.125
48 0.3375 0.77812 0.28125 0.13125
48 0.03125 0.9 0.0625 0.2
48 0.56094 0.94375 0.13438 0.1125
48 0.575 0.82812 0.1625 0.1375
48 0.57969 0.73594 0.14062 0.04688
48 0.62187 0.39062 0.28125 0.13125
48 0.63125 0.3 0.25625 0.1125
48 0.63125 0.22344 0.2 0.07188
48 0.64844 0.14062 0.27188 0.09375
48 0.83906 0.20469 0.14062 0.07812
50 0.58594 0.60469 0.12813 0.20937
58 0.95312 0.88125 0.09375 0.23125
48 0.34844 0.09844 0.10313 0.05937
48 0.44375 0.10469 0.1 0.07812
48 0.42969 0.14844 0.07188 0.05312
48 0.19375 0.50781 0.1 0.07187
48 0.67031 0.04219 0.31563 0.08438
5 0.70469 0.8375 0.01562 0.03125
48 0.71406 0.76094 0.13438 0.05938
48 0.13125 0.70781 0.13125 0.07188
