48 0.76562 0.79688 0.13125 0.15625
48 0.92188 0.80469 0.13125 0.12813
48 0.00312 0.7 0.00625 0.13125
48 0.04375 0.6875 0.0875 0.15
48 0.11094 0.71406 0.13438 0.12812
48 0.19219 0.71875 0.11562 0.11875
48 0.59688 0.75937 0.125 0.1625
48 0.50937 0.75625 0.1 0.14375
48 0.67344 0.79375 0.12813 0.125
48 0.51719 0.14219 0.09688 0.17812
48 0.43594 0.99531 0.12188 0.00938
48 0.06406 0.99062 0.12812 0.01875
5 0.00156 0.88906 0.00312 0.03438
5 0.02344 0.82031 0.04688 0.03438
5 0.09687 0.83125 0.05 0.03125
5 0.15313 0.8375 0.0375 0.025
48 0.2625 0.71562 0.1 0.125
48 0.42031 0.75938 0.07812 0.09375
48 0.34688 0.725 0.1 0.15
48 0.68281 0.7125 0.07188 0.06875
5 0.31563 0.85781 0.04375 0.03438
5 0.28906 0.93281 0.04688 0.03437
5 0.5125 0.88594 0.0375 0.02813
5 0.52188 0.91719 0.04375 0.03437
5 0.56719 0.89062 0.04063 0.03125
5 0.67656 0.98594 0.03437 0.02812
5 0.725 0.91406 0.05625 0.03438
5 0.78906 0.92188 0.04062 0.03125
48 0.84062 0.80938 0.1 0.13125
5 0.84531 0.99844 0.04063 0.00313
48 0.08125 0.1 0.1625 0.2
48 0.97812 0.20469 0.04375 0.20313
48 0.92031 0.17656 0.11562 0.18438
48 0.84531 0.21094 0.17812 0.24688
48 0.72031 0.15469 0.16563 0.14687
48 0.60781 0.14062 0.09062 0.1375
5 0.38594 0.00469 0.05938 0.00938
5 0.99219 0.08594 0.01562 0.02188
