48 0.49219 0.02188 0.12813 0.04375
48 0.00625 0.03438 0.0125 0.06875
48 0.675 0.09375 0.25625 0.1875
48 0.98125 0.01406 0.0375 0.02812
48 0.94219 0.01094 0.04063 0.02188
48 0.90625 0.0125 0.04375 0.025
48 0.96094 0.05781 0.07812 0.06562
48 0.79375 0.48125 0.14375 0.075
48 0.82656 0.37656 0.07188 0.11563
48 0.31562 0.04375 0.1 0.075
48 0.65625 0.21094 0.375 0.15938
48 0.2125 0.03906 0.0625 0.07812
48 0.05781 0.08594 0.09062 0.07187
48 0.95469 0.40938 0.07812 0.08125
48 0.40156 0.375 0.07188 0.075
