48 0.20781 0.825 0.21562 0.175
48 0.12031 0.90312 0.24062 0.19375
48 0.46094 0.96875 0.23438 0.0625
48 0.7 0.86094 0.1125 0.11562
48 0.81562 0.93594 0.15 0.09688
48 0.77031 0.97656 0.15937 0.04688
48 0.84219 0.87031 0.12187 0.10313
48 0.98594 0.92344 0.02812 0.12187
48 0.96562 0.98281 0.06875 0.03438
9 0.0125 0.625 0.025 0.05
9 0.06094 0.6375 0.07812 0.05625
9 0.14687 0.64219 0.0875 0.05312
9 0.21719 0.65625 0.06562 0.05625
9 0.28281 0.66562 0.06562 0.04375
9 0.34688 0.675 0.075 0.05625
9 0.425 0.68594 0.1 0.05937
9 0.49219 0.69219 0.07187 0.05938
9 0.57187 0.70781 0.0875 0.05938
9 0.68594 0.72812 0.09062 0.05625
9 0.77031 0.74062 0.08437 0.04375
9 0.84375 0.74688 0.0625 0.05625
9 0.90625 0.76094 0.08125 0.04063
9 0.97344 0.76719 0.05312 0.04063
48 0.46094 0.89375 0.10938 0.1
