48 0.66875 0.01094 0.13125 0.02188
48 0.73906 0.04219 0.12812 0.08438
48 0.2125 0.74844 0.19375 0.17812
48 0.10625 0.58906 0.06875 0.06562
48 0.52188 0.525 0.08125 0.1125
48 0.05781 0.20469 0.11562 0.25312
48 0.37969 0.23281 0.21562 0.14062
48 0.24062 0.12812 0.225 0.15
48 0.09219 0.06094 0.15937 0.09688
48 0.69687 0.89531 0.13125 0.10938
48 0.17656 0.98906 0.24688 0.02187
48 0.02969 0.99062 0.05938 0.01875
48 0.48438 0.95156 0.24375 0.09688
48 0.38281 0.70469 0.12813 0.10313
48 0.53125 0.91719 0.2125 0.12188
48 0.59844 0.03281 0.11562 0.06562
5 0.73125 0.975 0.025 0.025
48 0.13125 0.30312 0.2 0.18125
48 0.54531 0.80781 0.23438 0.15937
48 0.51562 0.24844 0.14375 0.20938
48 0.30469 0.9375 0.15938 0.125
48 0.32812 0.36562 0.18125 0.2125
48 0.80781 0.03125 0.16563 0.0625
5 0.1125 0.72188 0.05 0.0375
48 0.65469 0.96719 0.09688 0.06563
48 0.95 0.09219 0.1 0.18438
48 0.71406 0.62969 0.30312 0.20937
48 0.33281 0.82656 0.12188 0.12813
