48 0.04375 0.82656 0.0875 0.25313
48 0.30781 0.39375 0.39688 0.46875
5 0.70312 0.31562 0.025 0.0375
48 0.00781 0.01719 0.01562 0.03438
5 0.76094 0.325 0.02813 0.0375
48 0.08281 0.45781 0.16562 0.21563
48 0.88125 0.37031 0.2375 0.12812
48 0.07344 0.64844 0.14688 0.23438
48 0.19688 0.03906 0.10625 0.07812
48 0.04219 0.20625 0.08438 0.2125
48 0.10312 0.09375 0.20625 0.15
5 0.675 0.31562 0.025 0.0375
5 0.64688 0.3125 0.025 0.04375
48 0.83281 0.59688 0.27813 0.15625
48 0.09062 0.33281 0.18125 0.12812
48 0.97812 0.77188 0.04375 0.09375
8 0.72969 0.32656 0.01562 0.03437
48 0.65156 0.47969 0.27187 0.16563
