48 0.52344 0.8125 0.26562 0.375
48 0.32656 0.95156 0.33438 0.09688
48 0.93594 0.88125 0.12813 0.2375
48 0.99844 0.80938 0.00313 0.175
48 0.86406 0.12031 0.27187 0.24062
48 0.93281 0.28438 0.13438 0.1625
48 0.95156 0.11562 0.09688 0.23125
48 0.31875 0.09375 0.19375 0.1875
48 0.4125 0.42031 0.31875 0.39688
48 0.17656 0.475 0.35312 0.5
5 0.09531 0.96562 0.05312 0.03125
5 0.04062 0.98125 0.05625 0.0375
5 0.03437 0.94844 0.05 0.02813
5 0.07656 0.94062 0.04688 0.03125
5 0.27344 0.77188 0.05312 0.03125
5 0.07812 0.90625 0.04375 0.03125
5 0.02969 0.92344 0.04688 0.03438
5 0.02344 0.89688 0.04688 0.03125
5 0.07344 0.88125 0.05313 0.025
5 0.03437 0.86719 0.05 0.02812
5 0.07344 0.85469 0.04688 0.03437
5 0.05625 0.83438 0.05 0.03125
5 0.05781 0.80781 0.04688 0.03437
5 0.00312 0.77812 0.00625 0.05
5 0.03437 0.72812 0.05 0.04375
5 0.01719 0.70938 0.03438 0.025
5 0.01406 0.69062 0.02812 0.025
5 0.00938 0.6625 0.01875 0.025
5 0.97656 0.62813 0.04688 0.025
5 0.69375 0.97656 0.05 0.02188
5 0.8625 0.97031 0.04375 0.02187
5 0.85625 0.95 0.04375 0.025
5 0.85625 0.87656 0.05 0.02187
5 0.86094 0.90312 0.04688 0.03125
5 0.85781 0.92969 0.05312 0.02812
5 0.84531 0.85625 0.05937 0.03125
5 0.75312 0.84375 0.025 0.05625
5 0.72812 0.90312 0.03125 0.05
5 0.69375 0.95156 0.05625 0.02187
5 0.68125 0.93281 0.0375 0.02187
5 0.68125 0.90781 0.05 0.02812
5 0.67656 0.88125 0.05312 0.03125
5 0.84844 0.76094 0.03437 0.04688
5 0.63594 0.69687 0.05312 0.025
5 0.72344 0.6 0.04063 0.05
5 0.63906 0.66875 0.05312 0.025
5 0.63281 0.64375 0.05313 0.0375
5 0.67344 0.65469 0.04063 0.04688
5 0.83594 0.66719 0.05937 0.02813
5 0.6375 0.52188 0.03125 0.04375
5 0.60312 0.48438 0.05625 0.03125
5 0.59219 0.45781 0.05312 0.02813
5 0.64375 0.28125 0.025 0.04375
5 0.57656 0.36875 0.05937 0.025
5 0.57187 0.34375 0.05625 0.03125
5 0.56719 0.31094 0.04688 0.03437
5 0.5625 0.27187 0.05625 0.04375
5 0.71719 0.22656 0.04688 0.02187
5 0.61875 0.14844 0.03125 0.04688
5 0.7125 0.02812 0.05 0.03125
5 0.71562 0.01094 0.05 0.02188
5 0.55 0.11094 0.03125 0.05938
5 0.55937 0.02344 0.03125 0.04688
5 0.51719 0.10938 0.05938 0.025
5 0.5 0.05938 0.05 0.03125
5 0.48438 0.03594 0.04375 0.03438
5 0.48438 0.00469 0.05625 0.00938
5 0.79062 0.98281 0.03125 0.03438
48 0.93438 0.73438 0.06875 0.05
48 0.75312 0.28438 0.05 0.0375
48 0.76562 0.33125 0.05 0.05
48 0.76719 0.37656 0.06563 0.04062
48 0.77656 0.41406 0.04688 0.04063
48 0.79062 0.44219 0.03125 0.02813
48 0.79531 0.47656 0.04688 0.04688
48 0.94062 0.39062 0.11875 0.0625
48 0.11875 0.09531 0.2375 0.19062
