48 0.43906 0.93125 0.12188 0.0875
48 0.52344 0.95781 0.17813 0.08437
48 0.32656 0.02969 0.16562 0.05938
48 0.63906 0.28125 0.33438 0.25625
48 0.01406 0.75156 0.02812 0.20312
48 0.65938 0.82969 0.125 0.09688
48 0.59531 0.87969 0.19063 0.10938
48 0.63281 0.00938 0.05313 0.01875
48 0.05312 0.95156 0.10625 0.09688
48 0.92812 0.01562 0.075 0.03125
48 0.02031 0.06094 0.04062 0.12188
48 0.8625 0.76875 0.275 0.4625
48 0.33125 0.16875 0.06875 0.18125
48 0.12188 0.09844 0.16875 0.19688
48 0.90625 0.27187 0.1375 0.11875
48 0.74375 0.81719 0.06875 0.12188
5 0.23906 0.81562 0.04063 0.05
48 0.73281 0.07656 0.17188 0.15313
5 0.53594 0.40625 0.05312 0.05
48 0.49062 0.72188 0.1875 0.125
48 0.79375 0.60625 0.10625 0.13125
48 0.56719 0.98906 0.27813 0.02187
48 0.14844 0.525 0.29688 0.375
48 0.58906 0.61719 0.35938 0.27188
5 0.20938 0.12344 0.03125 0.04688
48 0.23125 0.1625 0.125 0.25
48 0.72344 0.17344 0.20312 0.10938
