5 0.61094 0.925 0.05312 0.03125
5 0.22188 0.9875 0.04375 0.025
48 0.24062 0.60938 0.26875 0.2125
48 0.92344 0.37344 0.15312 0.20938
48 0.04062 0.79062 0.08125 0.225
48 0.11406 0.12031 0.22812 0.24062
48 0.5125 0.07656 0.36875 0.15313
5 0.74063 0.80313 0.06875 0.0375
48 0.49687 0.6375 0.2375 0.35625
5 0.04219 0.99688 0.04062 0.00625
48 0.85625 0.0875 0.2875 0.175
48 0.40625 0.30625 0.41875 0.1875
5 0.79688 0.95938 0.04375 0.03125
48 0.22969 0.7875 0.26562 0.2125
48 0.95938 0.21719 0.08125 0.27188
