48 0.78125 0.0125 0.4375 0.025
48 0.82344 0.21406 0.35312 0.42812
48 0.90625 0.63281 0.1875 0.73438
48 0.32969 0.03594 0.13437 0.07187
5 0.98281 0.31094 0.03438 0.03437
5 0.95312 0.26719 0.025 0.03437
5 0.80313 0.5 0.05625 0.04375
4 0.54062 0.11094 0.025 0.02812
4 0.51562 0.1875 0.05625 0.04375
4 0.59688 0.23281 0.03125 0.02813
4 0.55469 0.30156 0.04062 0.02813
5 0.55156 0.33125 0.07188 0.0375
5 0.60469 0.54062 0.04688 0.05
5 0.62187 0.58125 0.0375 0.04375
5 0.77344 0.64219 0.04062 0.04063
5 0.69062 0.68594 0.04375 0.03438
5 0.72188 0.74219 0.04375 0.03438
5 0.75156 0.78594 0.03438 0.03437
5 0.77188 0.82656 0.05 0.04063
5 0.80469 0.87031 0.04688 0.04063
5 0.82656 0.8875 0.03438 0.03125
