5 0.15937 0.42656 0.05 0.03437
48 0.4875 0.19844 0.2375 0.18438
5 0.88281 0.025 0.04688 0.05
48 0.75 0.10938 0.20625 0.1875
48 0.81406 0.02344 0.05937 0.04688
48 0.92344 0.56875 0.15312 0.18125
48 0.6875 0.65938 0.24375 0.2
48 0.32188 0.53281 0.225 0.15938
48 0.58125 0.43594 0.23125 0.17188
5 0.84062 0.23125 0.05 0.025
48 0.86719 0.36719 0.20938 0.17812
5 0.99062 0.29219 0.01875 0.04688
5 0.97812 0.75469 0.04375 0.02187
5 0.91562 0.775 0.05 0.03125
5 0.86094 0.79062 0.04688 0.0375
5 0.73594 0.82656 0.04688 0.03438
48 0.41719 0.73438 0.23438 0.19375
48 0.08438 0.62187 0.16875 0.2375
48 0.13906 0.80625 0.22188 0.2
5 0.14375 0.99531 0.05 0.00938
5 0.27969 0.93281 0.05313 0.02813
5 0.5375 0.94844 0.04375 0.02813
5 0.47812 0.98125 0.04375 0.0375
5 0.44531 0.91875 0.05312 0.03125
5 0.57031 0.87656 0.04688 0.03438
5 0.36875 0.95781 0.05 0.03437
48 0.06562 0.125 0.13125 0.25
9 0.51719 0.02031 0.05938 0.04062
48 0.04219 0.31562 0.08438 0.21875
48 0.19062 0.25938 0.3125 0.225
