48 0.08125 0.19531 0.1625 0.15312
48 0.0125 0.82969 0.025 0.26562
48 0.1625 0.93906 0.325 0.12187
48 0.025 0.17656 0.05 0.10938
48 0.05312 0.64375 0.10625 0.2875
48 0.10938 0.75469 0.21875 0.25938
48 0.05781 0.9 0.11562 0.2
48 0.02344 0.275 0.04688 0.1625
51 0.42812 0.05938 0.85625 0.11875
48 0.74062 0.98438 0.20625 0.03125
48 0.66094 0.41562 0.11562 0.09375
48 0.54531 0.30781 0.15312 0.08437
48 0.97656 0.9 0.04688 0.2
48 0.64688 0.35625 0.10625 0.06875
48 0.54844 0.24062 0.09062 0.13125
48 0.99375 0.37031 0.0125 0.25313
48 0.35312 0.35938 0.14375 0.09375
48 0.64531 0.97969 0.20312 0.04063
48 0.54844 0.54688 0.17188 0.10625
48 0.76406 0.68125 0.24687 0.20625
48 0.59062 0.49688 0.1875 0.15
48 0.42344 0.49219 0.21562 0.23438
48 0.2625 0.2375 0.1625 0.1875
48 0.25312 0.38906 0.11875 0.11563
48 0.10781 0.38906 0.08438 0.09687
48 0.80312 0.79375 0.39375 0.225
48 0.55625 0.59688 0.075 0.05
48 0.52188 0.39531 0.16875 0.13438
48 0.19844 0.15781 0.07812 0.05938
48 0.17812 0.93594 0.275 0.12813
48 0.71875 0.27187 0.18125 0.13125
48 0.98438 0.04375 0.03125 0.0875
48 0.30625 0.48125 0.1625 0.1375
48 0.20469 0.37656 0.20313 0.21562
48 0.525 0.34219 0.15625 0.13437
48 0.39844 0.25469 0.24063 0.20312
48 0.56563 0.95312 0.13125 0.09375
48 0.97812 0.26719 0.04375 0.09687
48 0.22656 0.82031 0.22813 0.24063
48 0.33125 0.87812 0.24375 0.24375
48 0.12812 0.24062 0.1375 0.175
48 0.47656 0.58438 0.09062 0.1125
48 0.93906 0.38125 0.12187 0.15625
48 0.65781 0.30781 0.06563 0.07188
48 0.625 0.24531 0.1 0.11562
48 0.54531 0.64062 0.09062 0.0625
48 0.15469 0.32656 0.13438 0.12188
48 0.05625 0.33125 0.1 0.11875
5 0.91094 0.9375 0.04688 0.03125
5 0.08125 0.57031 0.04375 0.03438
5 0.39219 0.63281 0.06562 0.02812
5 0.76562 0.96562 0.05 0.05
