48 0.13438 0.25156 0.26875 0.50313
48 0.59219 0.12031 0.76562 0.24062
48 0.41719 0.03281 0.61562 0.06562
48 0.025 0.69219 0.05 0.18438
48 0.14844 0.93594 0.19062 0.12813
48 0.57656 0.73281 0.24687 0.20312
48 0.92969 0.20469 0.14062 0.17812
48 0.76406 0.29219 0.24687 0.16562
48 0.56719 0.38594 0.30938 0.22188
48 0.97344 0.00312 0.05312 0.00625
48 0.89688 0.70938 0.20625 0.5
5 0.91094 0.42344 0.04688 0.02813
5 0.01875 0.83594 0.0375 0.03438
5 0.43281 0.66875 0.06562 0.04375
48 0.92969 0.79062 0.09688 0.0875
48 0.05156 0.97188 0.10312 0.05625
48 0.39844 0.80312 0.20312 0.16875
48 0.92188 0.52969 0.15625 0.15937
48 0.50938 0.90938 0.70625 0.18125
48 0.01094 0.47188 0.02188 0.40625
5 0.31406 0.72344 0.05313 0.04063
48 0.26094 0.52812 0.52188 0.30625
5 0.61406 0.54219 0.07812 0.04063
5 0.16406 0.75937 0.05312 0.0375
5 0.72344 0.52031 0.04688 0.03437
5 0.77656 0.49687 0.06562 0.05
48 0.75781 0.62813 0.25313 0.21875
48 0.93438 0.95156 0.13125 0.09688
5 0.95938 0.35938 0.0625 0.03125
5 0.97812 0.39375 0.04375 0.03125
5 0.52344 0.62187 0.06563 0.04375
5 0.16875 0.84375 0.03125 0.03125
48 0.01406 0.25312 0.02812 0.26875
5 0.37656 0.69688 0.05313 0.03125
48 0.26406 0.86875 0.16562 0.11875
5 0.24531 0.75937 0.05938 0.0375
5 0.225 0.72344 0.0375 0.02187
