48 0.94375 0.00781 0.1125 0.01562
48 0.9875 0.07187 0.025 0.06875
48 0.95312 0.15937 0.09375 0.10625
48 0.95312 0.2375 0.09375 0.06875
48 0.84844 0.24531 0.12188 0.09063
48 0.87656 0.07344 0.10313 0.08438
48 0.82656 0.17344 0.09062 0.05938
48 0.73438 0.20469 0.125 0.09687
48 0.37031 0.2375 0.10938 0.11875
48 0.61875 0.03906 0.1375 0.07812
48 0.26406 0.02656 0.13438 0.05312
48 0.47188 0.01094 0.06875 0.02188
48 0.47656 0.22188 0.08438 0.08125
48 0.54219 0.27812 0.04063 0.05
48 0.5 0.27656 0.05 0.04688
48 0.59844 0.19062 0.15313 0.15
48 0.37031 0.07656 0.09063 0.09062
48 0.24375 0.17344 0.0875 0.15937
48 0.30625 0.14688 0.0375 0.09375
48 0.47656 0.15 0.08438 0.0625
48 0.75 0.01875 0.125 0.0375
48 0.81406 0.05469 0.04063 0.10312
48 0.88438 0.01562 0.075 0.03125
6 0.58906 0.33906 0.09063 0.03437
5 0.90781 0.33906 0.05937 0.02187
5 0.37812 0.33281 0.05625 0.02813
