48 0.13281 0.13594 0.26562 0.27187
48 0.37812 0.36875 0.75625 0.7375
48 0.72656 0.74219 0.54688 0.51562
48 0.20312 0.86094 0.4 0.27812
48 0.07969 0.79531 0.15937 0.32188
48 0.00156 0.69375 0.00312 0.3
5 0.00312 0.40781 0.00625 0.03437
8 0.08594 0.51875 0.04688 0.0375
6 0.48594 0.89219 0.09688 0.05312
6 0.04219 0.45781 0.07812 0.05312
8 0.00781 0.4625 0.01562 0.03125
5 0.12031 0.54688 0.03438 0.025
14 0.73906 0.37031 0.07812 0.09063
11 0.99688 0.25156 0.00625 0.03437
6 0.18125 0.56719 0.06875 0.04688
5 0.04062 0.49219 0.0375 0.02812
5 0.29219 0.66094 0.03437 0.02813
5 0.34375 0.77344 0.03125 0.02812
5 0.62031 0.90156 0.02813 0.02813
5 0.24375 0.85469 0.03125 0.02813
5 0.45 0.96562 0.04375 0.025
48 0.03906 0.75 0.07812 0.375
5 0.24062 0.81094 0.03125 0.02187
5 0.34375 0.69531 0.0375 0.03438
5 0.41406 0.99062 0.04063 0.01875
5 0.3625 0.74844 0.04375 0.03438
5 0.45 0.8375 0.0375 0.025
5 0.31562 0.72344 0.0375 0.03437
5 0.475 0.78438 0.0375 0.03125
5 0.49687 0.875 0.03125 0.03125
5 0.4125 0.78594 0.03125 0.02813
5 0.5625 0.83594 0.03125 0.03438
5 0.18906 0.90469 0.04688 0.03438
5 0.5 0.76562 0.04375 0.0375
5 0.52188 0.81562 0.03125 0.025
5 0.72656 0.94375 0.03438 0.0375
5 0.39844 0.80625 0.04063 0.025
5 0.43438 0.75312 0.025 0.025
5 0.24844 0.73438 0.04687 0.03125
5 0.76875 0.97969 0.0375 0.02187
