48 0.06875 0.0875 0.1375 0.1125
53 0.81406 0.97188 0.37187 0.05625
5 0.27812 0.50156 0.04375 0.04062
5 0.10625 0.98438 0.0375 0.03125
5 0.00469 0.73125 0.00938 0.03125
48 0.15625 0.23906 0.3125 0.22188
5 0.01875 0.775 0.0375 0.03125
9 0.1125 0.6875 0.0375 0.05
5 0.25156 0.99531 0.03437 0.00938
48 0.525 0.45 0.95 0.58125
9 0.21875 0.5125 0.05 0.06875
5 0.24531 0.95 0.04062 0.0375
48 0.66406 0.82812 0.67188 0.34375
5 0.07656 0.94375 0.04688 0.0375
9 0.16719 0.80625 0.04062 0.05
48 0.95469 0.64375 0.09062 0.7125
5 0.025 0.82656 0.0375 0.04688
9 0.04844 0.60625 0.06562 0.05625
5 0.20312 0.40781 0.05 0.03437
