48 0.94844 0.89219 0.10313 0.08437
48 0.88281 0.59219 0.23438 0.11562
48 0.95625 0.44375 0.0875 0.15
48 0.77812 0.35156 0.31875 0.24688
48 0.65938 0.75 0.25625 0.16875
48 0.53594 0.91875 0.24688 0.1625
48 0.13906 0.85469 0.10938 0.07188
48 0.19531 0.88906 0.15312 0.10938
48 0.12031 0.95 0.24062 0.1
48 0.37031 0.57969 0.15937 0.09062
48 0.02188 0.65625 0.04375 0.0875
48 0.04844 0.57812 0.09688 0.1125
48 0.11406 0.525 0.22812 0.15625
48 0.02188 0.30312 0.04375 0.11875
5 0.825 0.69844 0.05625 0.03437
48 0.22188 0.35156 0.125 0.09688
48 0.16094 0.075 0.27187 0.15
48 0.61875 0.03906 0.1375 0.07812
11 0.94062 0.72969 0.075 0.05938
