5 0.08281 0.9375 0.03438 0.05
5 0.26406 0.67656 0.03437 0.04063
5 0.19688 0.64375 0.0375 0.05
5 0.23281 0.64375 0.03437 0.05
5 0.29531 0.61094 0.03437 0.04688
5 0.325 0.64688 0.0375 0.05
5 0.2875 0.49688 0.0375 0.04375
5 0.19688 0.8125 0.04375 0.04375
5 0.08281 0.85938 0.04062 0.05625
5 0.14688 0.80313 0.04375 0.05625
5 0.225 0.74531 0.0375 0.05312
9 0.13125 0.92188 0.1 0.15625
5 0.74219 0.07812 0.04688 0.03125
5 0.75312 0.05313 0.0375 0.025
5 0.76562 0.02969 0.04375 0.03438
48 0.95469 0.11562 0.09062 0.23125
5 0.89531 0.05 0.03437 0.03125
5 0.90625 0.025 0.025 0.025
48 0.96406 0.42969 0.07188 0.12187
48 0.90781 0.39219 0.12187 0.16562
48 0.84688 0.34844 0.11875 0.13438
48 0.91875 0.60156 0.14375 0.14688
48 0.79844 0.53438 0.12813 0.125
48 0.97812 0.64219 0.04375 0.13438
48 0.87969 0.72656 0.14062 0.11563
48 0.97344 0.73438 0.05312 0.075
48 0.97656 0.81406 0.04688 0.08437
48 0.725 0.68281 0.2 0.13438
48 0.78281 0.62344 0.14687 0.09688
48 0.6625 0.3375 0.30625 0.33125
48 0.575 0.50938 0.1875 0.15
48 0.53438 0.60312 0.18125 0.14375
48 0.48438 0.67813 0.16875 0.13125
48 0.44219 0.76094 0.17187 0.13438
48 0.39688 0.84219 0.16875 0.14062
48 0.35 0.92656 0.16875 0.13438
48 0.30781 0.97656 0.16562 0.04688
48 0.12969 0.0875 0.25938 0.175
48 0.03594 0.22031 0.07187 0.25312
5 0.00938 0.59688 0.01875 0.05
5 0.01719 0.55625 0.03438 0.0375
5 0.21875 0.34219 0.0375 0.04688
5 0.26406 0.33281 0.04062 0.05312
5 0.40938 0.29688 0.0375 0.05
5 0.41562 0.22188 0.0375 0.04375
5 0.43438 0.34688 0.03125 0.05
9 0.3625 0.56563 0.05 0.0625
9 0.36719 0.4625 0.10313 0.1625
5 0.39531 0.5 0.03437 0.05
7 0.42812 0.43906 0.0375 0.05313
5 0.45156 0.38125 0.03437 0.05
9 0.5125 0.19531 0.1125 0.15312
5 0.60469 0.09844 0.02813 0.04062
9 0.51875 0.08438 0.06875 0.1
5 0.57031 0.08125 0.03438 0.04375
5 0.60781 0.02031 0.03438 0.04062
5 0.63438 0.05312 0.03125 0.04375
5 0.39219 0.0125 0.03437 0.025
5 0.14687 0.97656 0.0375 0.04688
