48 0.78594 0.97969 0.19062 0.04063
48 0.35625 0.99062 0.21875 0.01875
48 0.51094 0.95938 0.22187 0.08125
48 0.68438 0.92812 0.225 0.14375
48 0.0625 0.40938 0.10625 0.15
48 0.02344 0.98125 0.04688 0.0375
48 0.18125 0.85 0.15625 0.15625
48 0.26094 0.77812 0.10938 0.10625
48 0.03281 0.90156 0.06562 0.10313
48 0.00781 0.86094 0.01562 0.10313
48 0.06719 0.77188 0.13438 0.11875
48 0.21094 0.7375 0.14062 0.10625
48 0.08594 0.65156 0.16563 0.14062
48 0.14844 0.69687 0.12812 0.1
48 0.03438 0.58281 0.06875 0.12188
48 0.00625 0.52188 0.0125 0.125
48 0.88594 0.04844 0.10938 0.09688
48 0.03125 0.25469 0.0625 0.10938
48 0.94219 0.70469 0.11562 0.08437
47 0.19844 0.51719 0.10312 0.10938
48 0.98438 0.17031 0.03125 0.07812
48 0.97812 0.28906 0.04375 0.10938
48 0.98125 0.38438 0.0375 0.075
48 0.35469 0.2 0.10938 0.1125
48 0.84219 0.25625 0.10938 0.10625
48 0.52031 0.22188 0.12188 0.11875
48 0.60156 0.22969 0.09062 0.09688
48 0.68594 0.25469 0.10938 0.10938
48 0.74219 0.33906 0.10938 0.14062
48 0.58438 0.34375 0.1125 0.11875
48 0.49062 0.325 0.09375 0.1
48 0.09219 0.26719 0.10938 0.10312
48 0.03594 0.125 0.07187 0.125
48 0.12188 0.15469 0.125 0.14687
48 0.20312 0.16094 0.1 0.14688
48 0.27656 0.17812 0.09688 0.125
48 0.38125 0.07812 0.1 0.09375
48 0.44531 0.52344 0.10938 0.10312
48 0.13594 0.39375 0.09062 0.09375
48 0.22031 0.40469 0.09063 0.10312
48 0.29688 0.40312 0.075 0.1125
48 0.27969 0.49219 0.07187 0.07812
48 0.3375 0.29844 0.09375 0.10312
48 0.24531 0.28125 0.07812 0.1
48 0.175 0.275 0.08125 0.1
48 0.06094 0.03906 0.09688 0.07812
48 0.14687 0.02656 0.0875 0.05312
48 0.00938 0.02344 0.01875 0.04688
5 0.57031 0.05 0.02812 0.0375
48 0.86719 0.12031 0.08438 0.07187
48 0.81094 0.04375 0.09062 0.0875
48 0.6875 0.03594 0.19375 0.07187
48 0.62187 0.10938 0.1 0.1125
48 0.74219 0.11094 0.16562 0.12188
48 0.2125 0.04219 0.075 0.08438
48 0.29063 0.075 0.08125 0.1
48 0.39844 0.01562 0.08437 0.03125
48 0.32969 0.01406 0.09063 0.02812
48 0.74531 0.49687 0.17812 0.1125
48 0.825 0.35156 0.1125 0.07812
48 0.5875 0.45781 0.16875 0.11562
48 0.77188 0.59062 0.1125 0.10625
48 0.68594 0.57188 0.09688 0.09375
48 0.60781 0.55937 0.10313 0.09375
48 0.52188 0.54375 0.0875 0.10625
