48 0.90156 0.83125 0.19688 0.3375
48 0.93594 0.54844 0.12813 0.24062
48 0.92188 0.03281 0.15625 0.06562
48 0.65781 0.7375 0.15938 0.23125
48 0.37813 0.02812 0.10625 0.05625
5 0.40469 0.26406 0.02188 0.04062
48 0.66719 0.26875 0.39063 0.2125
5 0.70312 0.575 0.05 0.025
5 0.7375 0.63594 0.04375 0.02813
5 0.93438 0.7125 0.025 0.03125
5 0.96406 0.69844 0.03437 0.04063
5 0.98594 0.6875 0.02812 0.0375
5 0.99688 0.67812 0.00625 0.03125
5 0.90156 0.10312 0.03437 0.04375
9 0.08594 0.88437 0.17188 0.0875
9 0.51719 0.66562 0.06563 0.0375
5 0.46094 0.69844 0.03438 0.02187
55 0.17344 0.76094 0.08438 0.06562
10 0.78906 0.6375 0.04688 0.09375
11 0.85938 0.67031 0.1 0.14687
8 0.74531 0.66094 0.04063 0.03437
48 0.08906 0.80469 0.17812 0.14062
48 0.25938 0.70781 0.175 0.12812
48 0.40938 0.62344 0.21875 0.16563
48 0.53594 0.56875 0.11562 0.10625
48 0.64219 0.51562 0.19688 0.15
48 0.2625 0.29531 0.525 0.59062
8 0.01406 0.02344 0.02812 0.04688
10 0.02656 0.01719 0.05312 0.03438
48 0.44844 0.02031 0.14687 0.04062
48 0.82344 0.04062 0.09063 0.08125
