19 0.28594 0.01406 0.07188 0.02812
19 0.30469 0.09688 0.08437 0.1375
19 0.33438 0.22188 0.08125 0.1125
19 0.37187 0.37187 0.1125 0.175
19 0.42969 0.52188 0.09062 0.11875
19 0.49375 0.66719 0.14375 0.18438
19 0.57188 0.81406 0.10625 0.11562
19 0.63906 0.93281 0.12187 0.13438
19 0.70469 0.99844 0.12813 0.00313
19 0.77344 0.87969 0.09688 0.10313
19 0.71719 0.76875 0.12187 0.125
19 0.66094 0.65469 0.12188 0.12813
19 0.60625 0.53438 0.11875 0.125
19 0.52188 0.32344 0.1 0.12812
19 0.17188 0.57344 0.1125 0.12812
19 0.02344 0.025 0.04688 0.05
19 0.03281 0.10938 0.06562 0.11875
19 0.04688 0.22969 0.0875 0.12188
19 0.0875 0.34375 0.0875 0.11875
19 0.02188 0.4625 0.04375 0.09375
19 0.11875 0.45625 0.0875 0.1125
19 0.05 0.58125 0.1 0.1375
