48 0.18125 0.32188 0.125 0.10625
48 0.03906 0.59531 0.07812 0.07812
5 0.68281 0.8625 0.04688 0.0375
5 0.6125 0.81719 0.04375 0.03437
5 0.64844 0.81094 0.03438 0.03438
5 0.78125 0.93594 0.05625 0.04063
48 0.79219 0.75156 0.09063 0.07188
5 0.10781 0.06094 0.05312 0.04062
5 0.26406 0.02656 0.04687 0.03437
48 0.34062 0.17344 0.11875 0.09687
5 0.35469 0.13594 0.04063 0.03438
48 0.09375 0.39375 0.1875 0.15
48 0.0625 0.50156 0.1125 0.09063
48 0.025 0.44688 0.05 0.125
48 0.14844 0.01562 0.10312 0.03125
48 0.28438 0.24688 0.175 0.15
48 0.44219 0.09687 0.12812 0.10625
48 0.01719 0.1125 0.03438 0.15
48 0.18281 0.71719 0.12813 0.11562
48 0.01875 0.99375 0.0375 0.0125
48 0.97188 0.78438 0.05625 0.2
48 0.88438 0.92344 0.23125 0.15312
48 0.94375 0.96562 0.1125 0.06875
48 0.85938 0.56406 0.28125 0.21562
48 0.05781 0.03125 0.11562 0.0625
48 0.60781 0.96875 0.19063 0.0625
48 0.56094 0.03594 0.10313 0.07187
