48 0.18438 0.25312 0.2 0.09375
48 0.00156 0.30156 0.00312 0.07812
48 0.06719 0.325 0.13438 0.075
48 0.50938 0.29688 0.09375 0.06875
48 0.79375 0.28594 0.18125 0.15312
48 0.96719 0.96719 0.06563 0.06563
48 0.825 0.92031 0.18125 0.09688
48 0.76094 0.62031 0.22813 0.15937
48 0.82344 0.46719 0.04063 0.05938
48 0.49375 0.50313 0.15625 0.13125
48 0.18125 0.52188 0.24375 0.1375
48 0.01094 0.9125 0.02188 0.175
48 0.22656 0.92656 0.20312 0.07812
48 0.52188 0.91094 0.21875 0.17812
48 0.40938 0.68438 0.0875 0.04375
