48 0.16562 0.31719 0.1375 0.17188
48 0.47656 0.22969 0.12187 0.14062
48 0.30625 0.05938 0.1125 0.11875
48 0.07031 0.73594 0.10938 0.17812
48 0.75625 0.56406 0.125 0.14062
48 0.40156 0.04219 0.12812 0.08438
48 0.30938 0.82344 0.13125 0.14062
48 0.91406 0.65781 0.10938 0.14062
48 0.83281 0.11094 0.10313 0.17188
48 0.03281 0.08594 0.06562 0.15313
48 0.80469 0.69844 0.11563 0.14687
48 0.30625 0.4125 0.1125 0.15625
48 0.48281 0.64062 0.11563 0.125
48 0.02031 0.49531 0.04062 0.15313
48 0.67656 0.58906 0.09687 0.12188
48 0.5 0.02656 0.125 0.05312
48 0.37344 0.24062 0.12812 0.18125
48 0.67031 0.175 0.12813 0.1625
48 0.61563 0.74375 0.11875 0.1375
48 0.875 0.27969 0.10625 0.14688
48 0.18281 0.71562 0.10938 0.125
48 0.26719 0.69062 0.12812 0.1625
48 0.975 0.64375 0.05 0.15625
48 0.08125 0.33438 0.1 0.15625
48 0.04531 0.9125 0.09062 0.175
48 0.05625 0.00156 0.1125 0.00312
48 0.41094 0.40625 0.11562 0.175
48 0.19531 0.07656 0.12187 0.15313
48 0.57031 0.2 0.12813 0.16875
48 0.93438 0.17969 0.13125 0.27812
48 0.12656 0.88125 0.11562 0.175
48 0.76562 0.14531 0.11875 0.15312
48 0.2125 0.43906 0.1 0.13437
48 0.36094 0.65938 0.11563 0.15
48 0.51094 0.37031 0.10938 0.14687
48 0.96406 0.50781 0.07188 0.14688
48 0.51562 0.95938 0.3875 0.08125
48 0.27031 0.28281 0.12187 0.16562
48 0.22031 0.84844 0.10312 0.12812
48 0.11094 0.48594 0.12188 0.16562
48 0.79531 0.29375 0.11562 0.15625
48 0.01562 0.34375 0.03125 0.1375
48 0.59844 0.34219 0.10313 0.15313
48 0.58125 0.6125 0.13125 0.1625
48 0.6875 0.31094 0.1125 0.12812
48 0.87812 0.52812 0.125 0.15
48 0.71094 0.71875 0.10938 0.1375
48 0.82969 0.89844 0.34062 0.20312
48 0.00781 0.01875 0.01562 0.0375
48 0.10781 0.075 0.11562 0.15
48 0.51562 0.77188 0.11875 0.15
48 0.41875 0.79844 0.125 0.15312
