48 0.70469 0.91875 0.25938 0.1625
48 0.69688 0.84062 0.2 0.15
48 0.53125 0.77188 0.26875 0.18125
48 0.21875 0.76094 0.4375 0.47812
48 0.00156 0.57656 0.00312 0.24687
5 0.44375 0.95781 0.05 0.03437
5 0.6125 0.95469 0.04375 0.02812
8 0.83438 0.92813 0.0375 0.05625
5 0.93594 0.93125 0.03438 0.05
5 0.9875 0.78281 0.025 0.04063
5 0.55469 0.87344 0.04062 0.05312
5 0.52188 0.86406 0.0375 0.04063
5 0.61719 0.92656 0.04062 0.02813
5 0.60312 0.97656 0.0375 0.02812
5 0.59375 0.99531 0.03125 0.00938
57 0.57812 0.00938 0.075 0.01875
57 0.66562 0.00625 0.06875 0.0125
57 0.65156 0.02188 0.07188 0.04375
56 0.63125 0.06406 0.075 0.06562
56 0.75781 0.0625 0.15938 0.125
56 0.8625 0.09531 0.09375 0.10312
56 0.91719 0.13438 0.09063 0.11875
56 0.96719 0.15937 0.06563 0.13125
