48 0.39844 0.46562 0.13438 0.0875
48 0.95469 0.04062 0.09062 0.08125
48 0.07344 0.35 0.05313 0.06875
48 0.16406 0.29375 0.12188 0.075
48 0.19531 0.38906 0.12187 0.07812
48 0.32656 0.34219 0.13437 0.09687
48 0.32031 0.24375 0.04063 0.075
48 0.35156 0.25156 0.07188 0.04062
48 0.35469 0.27656 0.06562 0.02187
48 0.38125 0.22031 0.125 0.07187
48 0.45312 0.22656 0.04375 0.06563
48 0.49219 0.23438 0.05937 0.0625
48 0.42031 0.26562 0.09063 0.0375
48 0.47812 0.27031 0.05 0.02187
48 0.52344 0.26094 0.04688 0.05312
48 0.39844 0.28438 0.03438 0.01875
48 0.55781 0.2 0.04688 0.0625
48 0.57969 0.17031 0.03438 0.02813
48 0.3 0.44219 0.075 0.05938
48 0.52031 0.47344 0.04687 0.05938
48 0.32344 0.62969 0.02813 0.04063
48 0.34219 0.63125 0.02813 0.05
48 0.38438 0.6375 0.0625 0.05
48 0.47031 0.65781 0.04062 0.03438
48 0.54844 0.65781 0.07812 0.08437
48 0.62813 0.66094 0.125 0.07188
48 0.34062 0.69062 0.08125 0.04375
48 0.32031 0.72656 0.09688 0.06563
48 0.38906 0.74688 0.09063 0.06875
48 0.5375 0.72812 0.06875 0.03125
48 0.41719 0.80313 0.05938 0.05625
48 0.45625 0.81719 0.0625 0.09063
48 0.51719 0.825 0.10312 0.1
50 0.31094 0.78594 0.15937 0.07812
50 0.25 0.72344 0.0625 0.07188
48 0.02656 0.85156 0.05312 0.09062
48 0.06719 0.96562 0.05312 0.06875
48 0.15313 0.90625 0.175 0.13125
48 0.05156 0.88594 0.03438 0.05938
48 0.07187 0.89688 0.03125 0.08125
48 0.23594 0.85156 0.06562 0.05313
5 0.35312 0.99375 0.0625 0.0125
48 0.31875 0.89219 0.0875 0.07188
48 0.39062 0.91406 0.0875 0.10938
48 0.33906 0.94062 0.05938 0.0375
48 0.29844 0.93438 0.04062 0.03125
48 0.33438 0.96562 0.14375 0.0625
48 0.45781 0.98281 0.12188 0.03438
48 0.49375 0.94844 0.15 0.10313
48 0.45 0.73438 0.0625 0.0625
48 0.99688 0.32344 0.00625 0.09063
48 0.97656 0.3625 0.04688 0.05
48 0.9875 0.525 0.025 0.05
48 0.94844 0.525 0.06562 0.05
48 0.96562 0.59531 0.06875 0.11562
