48 0.80938 0.90469 0.38125 0.19063
48 0.05 0.36094 0.1 0.72188
5 0.1 0.00781 0.075 0.01562
5 0.1 0.02969 0.075 0.02188
5 0.26406 0.00781 0.07187 0.01562
5 0.27031 0.02812 0.07188 0.025
5 0.26719 0.04844 0.05938 0.01562
5 0.34688 0.00625 0.05625 0.0125
5 0.35 0.02656 0.0625 0.01563
5 0.34688 0.04844 0.06875 0.02188
5 0.42969 0.12812 0.03438 0.05
5 0.35156 0.075 0.07188 0.01875
5 0.22656 0.22812 0.07812 0.01875
5 0.21875 0.25 0.08125 0.025
5 0.21875 0.275 0.0625 0.01875
5 0.22031 0.29844 0.07187 0.02188
5 0.23281 0.325 0.07812 0.01875
5 0.22344 0.35156 0.06562 0.02187
5 0.39375 0.37656 0.03125 0.04688
5 0.05938 0.47344 0.05625 0.01562
5 0.06562 0.45469 0.075 0.01562
5 0.06094 0.27656 0.06562 0.01562
5 0.05781 0.25156 0.07187 0.02188
5 0.05625 0.35469 0.06875 0.02187
5 0.05469 0.50156 0.07187 0.02187
5 0.17344 0.80938 0.07187 0.025
5 0.25 0.81094 0.06875 0.02812
5 0.06719 0.74062 0.05938 0.04375
5 0.125 0.7375 0.05 0.04375
5 0.16875 0.74062 0.05 0.05
5 0.25312 0.73281 0.05 0.04688
5 0.29375 0.73438 0.0375 0.0375
5 0.3375 0.73125 0.05 0.05
5 0.05 0.65469 0.075 0.02187
5 0.05469 0.62813 0.07187 0.03125
5 0.05469 0.60156 0.07812 0.02188
5 0.05156 0.575 0.07187 0.03125
5 0.05 0.55 0.06875 0.03125
5 0.35625 0.62187 0.0625 0.03125
48 0.56406 0.51719 0.21562 0.19063
9 0.11875 0.49062 0.0375 0.05625
5 0.05469 0.31406 0.05938 0.02188
5 0.38594 0.31562 0.02813 0.0375
5 0.54375 0.40625 0.08125 0.01875
5 0.54062 0.37656 0.08125 0.02188
5 0.54375 0.35312 0.06875 0.025
5 0.54375 0.32969 0.08125 0.01562
5 0.53906 0.30312 0.07187 0.01875
5 0.54375 0.27656 0.08125 0.02187
5 0.5375 0.25312 0.08125 0.01875
5 0.53906 0.22656 0.07812 0.01562
5 0.54219 0.2 0.08437 0.025
5 0.53594 0.17188 0.07812 0.03125
5 0.5375 0.14688 0.075 0.01875
5 0.63281 0.39844 0.08438 0.02812
5 0.63906 0.37031 0.07188 0.02187
5 0.63906 0.35 0.07188 0.025
5 0.63594 0.32344 0.08437 0.02813
5 0.63906 0.3 0.07812 0.025
5 0.63281 0.27187 0.08438 0.025
5 0.63594 0.22812 0.07188 0.03125
5 0.63437 0.19531 0.06875 0.02187
5 0.63125 0.16875 0.06875 0.025
5 0.62969 0.14844 0.05938 0.01562
5 0.53438 0.12344 0.075 0.02187
5 0.63594 0.12188 0.08437 0.03125
5 0.53281 0.10312 0.06563 0.025
5 0.63125 0.09844 0.09375 0.01562
5 0.53438 0.07656 0.06875 0.02812
5 0.63281 0.07187 0.07812 0.025
5 0.54219 0.05 0.07188 0.01875
5 0.62656 0.04688 0.06563 0.025
5 0.53906 0.025 0.07187 0.025
5 0.62813 0.02188 0.05625 0.01875
5 0.5375 0.00625 0.06875 0.0125
5 0.62813 0.00469 0.06875 0.00938
5 0.77656 0.46875 0.03437 0.05
5 0.81719 0.47031 0.03437 0.04688
5 0.86719 0.46719 0.03438 0.05313
5 0.97812 0.46719 0.04375 0.05938
5 0.54219 0.75625 0.06562 0.01875
5 0.53125 0.72656 0.075 0.02188
5 0.52812 0.69687 0.08125 0.025
5 0.53438 0.65156 0.08125 0.02813
5 0.79531 0.57812 0.03438 0.05625
5 0.8625 0.575 0.04375 0.0375
5 0.97344 0.52188 0.05312 0.03125
5 0.90625 0.57188 0.03125 0.05
5 0.81406 0.35 0.07188 0.025
5 0.90938 0.18125 0.075 0.03125
5 0.90625 0.22188 0.075 0.03125
5 0.9 0.32188 0.06875 0.03125
5 0.82188 0.24844 0.075 0.02813
5 0.81719 0.20156 0.07812 0.02813
5 0.82187 0.17344 0.0875 0.02188
5 0.82344 0.14844 0.07188 0.02187
5 0.81562 0.125 0.08125 0.025
5 0.89844 0.12344 0.07187 0.02187
5 0.80781 0.1 0.06562 0.025
5 0.89531 0.10156 0.08437 0.02813
5 0.80469 0.07031 0.06563 0.02188
5 0.89375 0.07187 0.0875 0.025
5 0.81094 0.04531 0.07812 0.02188
5 0.8 0.025 0.0875 0.025
5 0.80938 0.00469 0.075 0.00938
5 0.9 0.00469 0.08125 0.00938
5 0.89844 0.01875 0.08438 0.025
5 0.90156 0.04531 0.09063 0.02188
5 0.21719 0.57656 0.07187 0.02187
5 0.21875 0.50156 0.0625 0.02187
5 0.36094 0.96719 0.04062 0.04063
5 0.31875 0.95781 0.0375 0.04688
5 0.42344 0.97969 0.03437 0.04063
5 0.46719 0.97188 0.05313 0.04375
5 0.50938 0.96562 0.04375 0.05
5 0.54375 0.95 0.05625 0.04375
5 0.57656 0.93125 0.04688 0.0375
5 0.62031 0.925 0.04688 0.04375
5 0.66094 0.91719 0.05312 0.04688
5 0.69688 0.89375 0.0625 0.04375
5 0.7375 0.88125 0.05625 0.05
5 0.775 0.87188 0.0625 0.04375
5 0.80156 0.85 0.06562 0.05
5 0.8375 0.83906 0.0625 0.04688
5 0.86875 0.825 0.0625 0.04375
5 0.50781 0.82187 0.07812 0.0375
5 0.59688 0.8125 0.075 0.0375
5 0.27656 0.95469 0.04688 0.05312
5 0.06875 0.81406 0.06875 0.03438
53 0.05156 0.64844 0.10312 0.21562
5 0.05625 0.37344 0.06875 0.03437
5 0.07187 0.225 0.05625 0.03125
5 0.05313 0.33594 0.05625 0.02187
5 0.06406 0.40312 0.07188 0.03125
5 0.0625 0.42812 0.08125 0.03125
5 0.05781 0.52344 0.07187 0.02812
53 0.0625 0.37187 0.08125 0.33125
5 0.22344 0.39531 0.05937 0.02813
5 0.22344 0.36875 0.07188 0.025
5 0.21094 0.19688 0.05312 0.03125
5 0.20625 0.175 0.04375 0.025
5 0.22188 0.1 0.04375 0.025
5 0.21562 0.125 0.05625 0.01875
5 0.21094 0.14688 0.04688 0.03125
53 0.22813 0.24844 0.09375 0.32812
5 0.20156 0.525 0.05938 0.025
53 0.21406 0.54062 0.09063 0.1125
5 0.29219 0.64531 0.08437 0.04063
53 0.09531 0.03438 0.09687 0.06875
5 0.09687 0.05469 0.075 0.03437
53 0.30781 0.04688 0.17812 0.09375
5 0.81562 0.29375 0.075 0.025
5 0.81406 0.32656 0.08437 0.03437
5 0.89844 0.35 0.06563 0.0375
53 0.70312 0.1625 0.59375 0.325
53 0.57969 0.37031 0.20312 0.10313
53 0.875 0.46719 0.25 0.28438
53 0.3875 0.95156 0.30625 0.09688
53 0.81719 0.85469 0.17812 0.10313
53 0.63125 0.92344 0.1875 0.12187
53 0.34062 0.68906 0.46875 0.16563
53 0.22031 0.50937 0.09063 0.19375
5 0.30625 0.91562 0.01875 0.025
48 0.34531 0.925 0.04688 0.025
