9 0.74531 0.025 0.04063 0.0375
9 0.48125 0.02344 0.03125 0.04688
9 0.51094 0.02031 0.02813 0.04062
48 0.09531 0.71562 0.19062 0.4875
5 0.12812 0.60781 0.04375 0.04688
5 0.14375 0.51406 0.03125 0.03437
5 0.04688 0.49219 0.03125 0.03438
48 0.32656 0.71094 0.25938 0.24063
48 0.45156 0.62813 0.20312 0.2375
48 0.29688 0.52344 0.26875 0.20938
48 0.23906 0.43438 0.27812 0.18125
48 0.17656 0.32969 0.26562 0.15313
48 0.12344 0.26406 0.24688 0.15937
9 0.02188 0.40156 0.04375 0.10938
48 0.73281 0.58125 0.53438 0.39375
48 0.70469 0.27344 0.45312 0.46562
48 0.41875 0.29531 0.34375 0.43437
48 0.90156 0.225 0.19688 0.45
48 0.99844 0.1125 0.00313 0.225
