48 0.24375 0.00156 0.1125 0.00312
48 0.11562 0.04531 0.13125 0.09062
48 0.175 0.2 0.10625 0.11875
48 0.07656 0.17031 0.09688 0.13438
48 0.20781 0.12969 0.10938 0.09688
48 0.41719 0.14219 0.19688 0.28438
48 0.5125 0.00312 0.08125 0.00625
48 0.58438 0.275 0.125 0.15
48 0.85 0.25312 0.20625 0.1875
48 0.94219 0.05312 0.11562 0.10625
5 0.29688 0.17656 0.03125 0.04062
5 0.30625 0.13281 0.025 0.04063
5 0.72656 0.30469 0.02188 0.04063
5 0.5625 0.42812 0.05625 0.025
9 0.39375 0.39688 0.075 0.0375
9 0.30937 0.38594 0.08125 0.04063
9 0.9875 0.23594 0.025 0.09687
9 0.99844 0.14219 0.00313 0.09062
48 0.01094 0.42188 0.02188 0.08125
48 0.05938 0.475 0.11875 0.2
48 0.17812 0.43281 0.1625 0.09687
48 0.27812 0.55469 0.1375 0.14688
48 0.37188 0.58438 0.11875 0.13125
48 0.16875 0.60938 0.075 0.0625
48 0.09219 0.64219 0.08438 0.09062
48 0.09375 0.73906 0.075 0.08437
48 0.21875 0.77812 0.1125 0.06875
48 0.3375 0.76562 0.13125 0.14375
48 0.00156 0.81562 0.00312 0.1
48 0.08125 0.84062 0.15 0.09375
48 0.03906 0.98281 0.07812 0.03438
48 0.27187 0.98125 0.1125 0.0375
48 0.45938 0.88594 0.125 0.08437
48 0.29063 0.83594 0.05625 0.04688
48 0.55781 0.83906 0.08437 0.06562
48 0.47656 0.63125 0.14062 0.19375
48 0.59531 0.60938 0.14687 0.16875
48 0.75156 0.69844 0.31563 0.40312
48 0.90469 0.73438 0.19063 0.4125
48 0.67031 0.94844 0.24687 0.10313
48 0.37969 0.97031 0.17188 0.05937
48 0.49844 0.95 0.17188 0.1
48 0.8625 0.95938 0.15 0.08125
48 0.95625 0.95938 0.0875 0.08125
