48 0.87344 0.07031 0.25313 0.14062
48 0.07969 0.53125 0.15937 0.19375
48 0.0125 0.66406 0.025 0.22188
5 0.00156 0.13438 0.00312 0.03125
5 0.15937 0.17344 0.025 0.04062
5 0.47656 0.22188 0.02812 0.05
5 0.50313 0.21875 0.03125 0.05625
48 0.14844 0.2875 0.29688 0.35
11 0.85 0.72031 0.0625 0.10938
48 0.30781 0.81406 0.27187 0.37187
48 0.50938 0.83906 0.28125 0.32188
48 0.01875 0.95 0.0375 0.0625
48 0.85312 0.94375 0.275 0.1125
5 0.47344 0.65312 0.02813 0.0375
48 0.94844 0.99062 0.10313 0.01875
5 0.51562 0.65625 0.05 0.03125
48 0.00469 0.94219 0.00938 0.11562
48 0.65938 0.86875 0.31875 0.2625
