8 0.12344 0.62344 0.07187 0.07812
52 0.0375 0.60312 0.075 0.79375
5 0.275 0.39844 0.0625 0.03438
5 0.28594 0.37656 0.05938 0.03437
5 0.30625 0.33906 0.05625 0.02813
5 0.31406 0.31719 0.05313 0.02813
5 0.33125 0.30156 0.05 0.02813
5 0.3375 0.27344 0.0625 0.02812
5 0.35469 0.25781 0.05312 0.02812
5 0.36875 0.23906 0.05625 0.02812
5 0.38594 0.19844 0.04688 0.02188
5 0.39375 0.17969 0.05625 0.02813
48 0.74375 0.38125 0.5125 0.40625
48 0.54688 0.68594 0.90625 0.62813
53 0.34062 0.29844 0.175 0.28438
