48 0.63125 0.97656 0.1 0.04688
48 0.8625 0.84062 0.14375 0.10625
48 0.90156 0.24062 0.19688 0.25
48 0.47812 0.09844 0.3375 0.19688
48 0.85625 0.0125 0.1 0.025
48 0.69219 0.18281 0.18438 0.08438
48 0.6625 0.28125 0.15 0.1
48 0.01562 0.60625 0.03125 0.36875
48 0.91406 0.68281 0.17188 0.23438
48 0.75781 0.53594 0.38437 0.32188
48 0.57656 0.37969 0.29063 0.23438
48 0.40625 0.25 0.3875 0.325
48 0.25 0.36406 0.36875 0.31562
48 0.66562 0.66406 0.39375 0.33438
5 0.05312 0.30625 0.04375 0.0375
5 0.06719 0.28906 0.04688 0.04063
5 0.08906 0.26719 0.04688 0.03437
5 0.10781 0.24844 0.04062 0.03437
5 0.13438 0.23438 0.04375 0.0375
48 0.2125 0.52656 0.425 0.42188
48 0.19062 0.84219 0.38125 0.31563
48 0.0625 0.74688 0.125 0.23125
48 0.06719 0.62031 0.13438 0.11562
48 0.05 0.02344 0.1 0.04688
53 0.08125 0.27187 0.1625 0.11875
