5 0.56094 0.99688 0.07188 0.00625
5 0.55937 0.98281 0.075 0.03438
5 0.55156 0.95938 0.07812 0.0375
5 0.54531 0.93438 0.06563 0.03125
5 0.42969 0.9625 0.07188 0.0375
5 0.43125 0.98594 0.075 0.02812
5 0.26875 0.92969 0.0375 0.05313
5 0.25469 0.86719 0.04688 0.05313
5 0.21562 0.2125 0.0625 0.04375
9 0.23594 0.26094 0.07813 0.02813
5 0.10312 0.27656 0.06875 0.03437
5 0.09375 0.24688 0.0875 0.03125
5 0.14687 0.4625 0.0375 0.0625
48 0.85781 0.59688 0.12813 0.0625
48 0.07344 0.61562 0.14688 0.44375
48 0.92344 0.77031 0.15312 0.22813
5 0.17656 0.5625 0.04688 0.0625
48 0.12188 0.90938 0.24375 0.18125
5 0.25156 0.30469 0.07813 0.03438
5 0.09531 0.22344 0.06562 0.02188
