34 0.25625 0.72031 0.5125 0.55312
34 0.80938 0.76094 0.2375 0.47812
50 0.34375 0.74688 0.6875 0.50625
48 0.95 0.07031 0.1 0.14062
48 0.87031 0.07031 0.10313 0.14062
48 0.75469 0.07969 0.16563 0.15937
48 0.62656 0.07656 0.14062 0.15313
48 0.50156 0.07344 0.20937 0.14688
48 0.04688 0.13438 0.09375 0.26875
5 0.15 0.22969 0.03125 0.03438
5 0.2625 0.12188 0.0375 0.03125
5 0.25469 0.08125 0.04063 0.0375
38 0.65312 0.39844 0.0875 0.12187
43 0.41094 0.48594 0.07812 0.07812
43 0.36406 0.53125 0.09687 0.05625
11 0.31563 0.1 0.1125 0.09375
