48 0.1375 0.69219 0.275 0.29688
5 0.73125 0.99375 0.03125 0.0125
5 0.78906 0.99219 0.02188 0.01562
5 0.81875 0.99531 0.03125 0.00938
5 0.89375 0.95156 0.025 0.04063
5 0.91875 0.95312 0.025 0.05
5 0.95156 0.95312 0.02812 0.04375
5 0.8625 0.94219 0.025 0.04688
5 0.75937 0.92969 0.025 0.05313
5 0.79219 0.93281 0.03437 0.05312
53 0.83906 0.94844 0.32188 0.10313
48 0.67031 0.80312 0.65938 0.39375
48 0.725 0.1875 0.55 0.375
5 0.80469 0.62656 0.05313 0.02812
5 0.25 0.61875 0.01875 0.0375
5 0.27969 0.64062 0.02813 0.05
5 0.86562 0.62969 0.04375 0.02813
