48 0.02812 0.06719 0.05625 0.13438
48 0.65312 0.82187 0.175 0.1625
48 0.12656 0.74062 0.25312 0.125
48 0.10469 0.38594 0.20938 0.35312
11 0.44375 0.21406 0.06875 0.14062
11 0.48594 0.20781 0.05312 0.14688
11 0.58281 0.19375 0.06562 0.16875
11 0.63594 0.20781 0.05938 0.14062
11 0.68281 0.19531 0.08437 0.19062
11 0.74688 0.20781 0.075 0.14062
11 0.98125 0.17812 0.0375 0.15
11 0.99688 0.16719 0.00625 0.14688
5 0.97344 0.65469 0.04688 0.02187
5 0.97188 0.67656 0.05625 0.01562
5 0.96562 0.69844 0.05625 0.02187
5 0.96406 0.72031 0.05938 0.02187
5 0.98594 0.83906 0.02812 0.04063
5 0.98281 0.63281 0.03438 0.02188
5 0.97188 0.61562 0.05625 0.01875
53 0.975 0.67344 0.05 0.13438
5 0.6375 0.7375 0.0625 0.01875
