48 0.43438 0.10938 0.825 0.21875
48 0.01406 0.05156 0.02812 0.10312
5 0.18594 0.26094 0.07812 0.04062
5 0.66094 0.30625 0.07188 0.0375
9 0.98906 0.325 0.02187 0.05
8 0.38594 0.15 0.10938 0.0375
5 0.02344 0.35938 0.04688 0.025
5 0.20156 0.39844 0.07812 0.03438
5 0.30625 0.43438 0.075 0.03125
5 0.60469 0.39219 0.05938 0.03437
6 0.48438 0.475 0.125 0.025
5 0.81875 0.42656 0.06875 0.04063
5 0.85312 0.45938 0.0625 0.03125
5 0.73438 0.97656 0.0875 0.04688
5 0.98125 0.875 0.0375 0.0375
9 0.35469 0.23281 0.27187 0.04687
