5 0.88281 0.85469 0.07812 0.02813
48 0.32812 0.94375 0.55 0.1125
6 0.96875 0.725 0.0625 0.05625
5 0.80938 0.74375 0.0375 0.04375
5 0.75312 0.64688 0.0625 0.0375
5 0.7 0.61562 0.0625 0.04375
5 0.63906 0.58125 0.07188 0.04375
5 0.55312 0.52969 0.05 0.04063
5 0.49531 0.50313 0.05938 0.04375
5 0.25313 0.62656 0.04375 0.04688
48 0.44531 0.76406 0.44063 0.17812
48 0.09844 0.7625 0.19688 0.21875
5 0.16719 0.32812 0.05937 0.05
5 0.22188 0.35781 0.0625 0.05313
5 0.28125 0.39062 0.0625 0.05
48 0.10625 0.41094 0.2125 0.19062
48 0.38125 0.54375 0.3875 0.24375
48 0.58281 0.64531 0.24688 0.14062
48 0.04375 0.50625 0.0875 0.11875
48 0.11719 0.08125 0.23438 0.1625
48 0.76406 0.52188 0.20937 0.14375
48 0.62344 0.4 0.31562 0.16875
48 0.88125 0.5625 0.2375 0.16875
48 0.9375 0.66875 0.125 0.25625
