5 0.01875 0.16875 0.0375 0.025
48 0.04375 0.57188 0.0875 0.30625
5 0.01094 0.13281 0.02188 0.02813
48 0.14219 0.78594 0.28438 0.42812
5 0.50938 0.99844 0.04375 0.00313
5 0.49688 0.97188 0.0375 0.01875
5 0.4875 0.93438 0.0375 0.01875
5 0.49062 0.95312 0.03125 0.01875
5 0.48125 0.91562 0.0375 0.025
5 0.47656 0.89375 0.04063 0.03125
5 0.47031 0.87969 0.03437 0.02813
5 0.46875 0.85938 0.0375 0.025
5 0.46094 0.8375 0.03438 0.01875
5 0.44375 0.79844 0.0375 0.02187
5 0.4375 0.77969 0.0375 0.01562
5 0.40625 0.78438 0.03125 0.04375
5 0.43438 0.76094 0.0375 0.02187
5 0.43281 0.86875 0.02187 0.03125
5 0.42656 0.74062 0.04063 0.01875
5 0.38906 0.72188 0.02813 0.0375
5 0.425 0.72188 0.03125 0.01875
5 0.41094 0.6875 0.04063 0.01875
5 0.40469 0.66562 0.04062 0.01875
5 0.36875 0.675 0.03125 0.0375
5 0.39375 0.64844 0.0375 0.01562
5 0.35625 0.54219 0.0375 0.02187
5 0.34688 0.51719 0.0375 0.02187
5 0.29219 0.4625 0.02813 0.0375
5 0.31719 0.41562 0.04063 0.025
5 0.24844 0.375 0.04062 0.0375
5 0.28281 0.30781 0.04062 0.02187
5 0.175 0.39531 0.025 0.04063
5 0.14844 0.48594 0.02813 0.01562
5 0.1375 0.45 0.0375 0.01875
5 0.09531 0.38281 0.04688 0.01562
5 0.05938 0.4 0.03125 0.025
8 0.03594 0.24531 0.04062 0.01562
5 0.03906 0.29063 0.03438 0.01875
5 0.03125 0.3125 0.03125 0.01875
5 0.19219 0.05156 0.04062 0.02188
5 0.02344 0.1875 0.03438 0.025
5 0.03438 0.20312 0.0375 0.03125
48 0.95938 0.31562 0.08125 0.31875
5 0.10625 0.39844 0.0375 0.02812
5 0.11719 0.4125 0.04063 0.03125
5 0.12344 0.42969 0.05938 0.04063
5 0.13438 0.47031 0.05 0.03437
5 0.1875 0.68438 0.04375 0.03125
5 0.1875 0.70156 0.04375 0.02812
5 0.21719 0.68594 0.02813 0.04063
5 0.19219 0.74531 0.04688 0.03437
5 0.21094 0.78125 0.04688 0.03125
5 0.22031 0.8 0.04688 0.03125
5 0.23281 0.85 0.04687 0.03125
5 0.2375 0.87188 0.05 0.03125
5 0.24688 0.89219 0.04375 0.03438
5 0.24844 0.91719 0.05313 0.03437
5 0.29844 0.97344 0.02813 0.04063
5 0.30625 0.99375 0.05 0.0125
5 0.14687 0.31719 0.025 0.03437
8 0.12969 0.35156 0.04688 0.05312
5 0.34531 0.62031 0.03437 0.04688
5 0.41406 0.70781 0.04688 0.02813
5 0.45312 0.81719 0.05 0.02813
5 0.36875 0.57812 0.05625 0.04375
5 0.4 0.6 0.05 0.03125
53 0.38594 0.66094 0.14687 0.22187
53 0.44688 0.85 0.13125 0.19375
53 0.50938 0.96719 0.11875 0.06563
