48 0.0875 0.99375 0.13125 0.0125
48 0.17344 0.93594 0.16562 0.12813
48 0.10156 0.85781 0.15937 0.15312
48 0.02656 0.95469 0.05312 0.09062
5 0.01875 0.66562 0.0375 0.025
48 0.08906 0.43281 0.17812 0.14063
48 0.20312 0.48906 0.15 0.14062
48 0.58281 0.01406 0.12812 0.02812
48 0.41875 0.01562 0.1875 0.03125
48 0.44062 0.64062 0.225 0.16875
48 0.5875 0.56094 0.125 0.10313
48 0.32812 0.52031 0.1375 0.10937
48 0.2625 0.60625 0.1125 0.06875
48 0.52344 0.38125 0.10938 0.09375
48 0.13281 0.17969 0.26562 0.35938
48 0.175 0.24375 0.35 0.34375
48 0.225 0.31719 0.45 0.35938
48 0.6875 0.45938 0.125 0.10625
48 0.6125 0.40938 0.13125 0.10625
48 0.45938 0.275 0.1 0.0875
48 0.52969 0.23125 0.12187 0.0875
48 0.74062 0.37031 0.1375 0.10938
48 0.79062 0.30312 0.23125 0.1875
48 0.90156 0.25938 0.09687 0.0875
48 0.66094 0.075 0.12812 0.09375
48 0.96562 0.2 0.06875 0.1
48 0.98125 0.09219 0.0375 0.14688
48 0.75937 0.025 0.1 0.05
6 0.35 0.99375 0.05625 0.0125
48 0.77969 0.84531 0.38438 0.30937
48 0.95312 0.93438 0.09375 0.13125
48 0.94219 0.76875 0.11562 0.44375
48 0.04688 0.81094 0.09375 0.12813
