5 0.40312 0.64531 0.05625 0.02187
48 0.88906 0.78281 0.15938 0.19063
48 0.57031 0.81562 0.17188 0.24375
48 0.79688 0.28906 0.175 0.22813
48 0.67812 0.51719 0.175 0.23438
48 0.99375 0.2125 0.0125 0.1625
48 0.00469 0.82656 0.00938 0.27187
48 0.59062 0.9625 0.15625 0.075
48 0.4125 0.82812 0.175 0.20625
48 0.27187 0.30469 0.1375 0.22188
48 0.10625 0.97656 0.1625 0.04688
48 0.54531 0.54219 0.14688 0.19062
48 0.08906 0.81875 0.15938 0.275
48 0.98594 0.80938 0.02812 0.2875
48 0.42188 0.96094 0.16875 0.07812
48 0.53125 0.30625 0.15 0.24375
48 0.12656 0.54844 0.13438 0.21562
48 0.73125 0.97656 0.18125 0.04688
48 0.725 0.81719 0.175 0.25938
48 0.3875 0.30469 0.14375 0.24062
48 0.9875 0.96562 0.025 0.06875
48 0.25469 0.97031 0.18438 0.05937
48 0.03125 0.32656 0.0625 0.26562
48 0.90625 0.95469 0.16875 0.09062
48 0.13125 0.31562 0.15 0.2375
48 0.03281 0.55 0.06562 0.18125
48 0.39844 0.54844 0.14062 0.20312
