48 0.00625 0.43125 0.0125 0.075
48 0.04688 0.44219 0.0875 0.07812
48 0.07031 0.58125 0.14062 0.1125
48 0.11562 0.45312 0.05625 0.06875
48 0.16094 0.46406 0.05313 0.07813
48 0.16562 0.60469 0.075 0.09687
48 0.21094 0.61875 0.07188 0.1
48 0.22969 0.47812 0.08437 0.08125
48 0.56406 0.54688 0.10313 0.0875
48 0.65469 0.56563 0.09688 0.075
48 0.725 0.57031 0.0625 0.07187
48 0.76094 0.58281 0.04688 0.06562
48 0.80625 0.58438 0.075 0.0625
48 0.27656 0.61719 0.09063 0.07812
48 0.34062 0.63594 0.075 0.08437
48 0.3875 0.64062 0.05625 0.06875
48 0.43281 0.64219 0.07188 0.06563
48 0.475 0.65 0.05625 0.075
48 0.52344 0.66719 0.08438 0.07812
48 0.68125 0.70312 0.06875 0.08125
48 0.72812 0.71406 0.08125 0.09063
48 0.77969 0.72031 0.08437 0.07812
48 0.82812 0.725 0.075 0.075
48 0.91875 0.60781 0.1625 0.08437
5 0.97969 0.37031 0.04063 0.05312
5 0.61562 0.39219 0.075 0.04062
9 0.58906 0.29844 0.10313 0.03437
48 0.93906 0.74063 0.12187 0.06875
