48 0.02031 0.25938 0.04062 0.2125
48 0.11875 0.04531 0.2375 0.09062
48 0.04531 0.13906 0.09062 0.17812
48 0.39062 0.35156 0.175 0.17188
48 0.64688 0.65312 0.16875 0.16875
48 0.43438 0.97344 0.09375 0.05312
48 0.32969 0.41719 0.24062 0.17812
48 0.80781 0.14062 0.12812 0.13125
48 0.91875 0.01094 0.1625 0.02188
48 0.16562 0.65156 0.33125 0.26562
48 0.96719 0.74375 0.06563 0.18125
48 0.42188 0.26562 0.2 0.1625
48 0.94688 0.48594 0.10625 0.18438
48 0.78125 0.30469 0.21875 0.15938
48 0.63438 0.9375 0.175 0.125
48 0.01875 0.75 0.0375 0.15
48 0.33281 0.03438 0.15937 0.06875
48 0.63125 0.02188 0.14375 0.04375
48 0.24688 0.25938 0.2 0.13125
48 0.92188 0.20781 0.15625 0.16563
48 0.03125 0.66406 0.0625 0.16562
48 0.47188 0.17188 0.28125 0.25625
48 0.33906 0.95781 0.15313 0.08437
48 0.62187 0.42812 0.2125 0.225
48 0.725 0.51562 0.14375 0.13125
48 0.27344 0.4875 0.27187 0.24375
48 0.95156 0.85781 0.09688 0.16563
48 0.91094 0.08906 0.17812 0.17812
48 0.1375 0.39844 0.20625 0.15312
48 0.42031 0.02188 0.12812 0.04375
48 0.96875 0.39219 0.0625 0.17813
48 0.7625 0.21719 0.2125 0.15937
48 0.05 0.96562 0.1 0.06875
48 0.09062 0.8375 0.18125 0.1625
48 0.12031 0.74844 0.22188 0.17188
48 0.73125 0.69219 0.14375 0.15937
48 0.78281 0.58281 0.14687 0.16563
48 0.90469 0.73125 0.19063 0.3125
48 0.18125 0.32656 0.1875 0.15313
48 0.54219 0.06562 0.25312 0.13125
48 0.55 0.93125 0.23125 0.1375
48 0.80469 0.97188 0.25313 0.05625
48 0.82031 0.72344 0.17813 0.20312
48 0.07344 0.925 0.14688 0.15
48 0.30156 0.9875 0.17812 0.025
48 0.77969 0.46406 0.19688 0.19688
48 0.875 0.52656 0.125 0.11562
48 0.25156 0.19531 0.20938 0.14687
48 0.26562 0.10156 0.10625 0.10312
48 0.70469 0.5875 0.14687 0.125
48 0.93125 0.56875 0.1375 0.15625
48 0.04688 0.57656 0.09375 0.16563
48 0.5375 0.60312 0.1875 0.1875
48 0.42031 0.85625 0.21562 0.2625
48 0.9125 0.31875 0.15 0.1375
48 0.3375 0.14062 0.125 0.14375
48 0.99219 0.30469 0.01562 0.19062
48 0.00156 0.83594 0.00312 0.14062
5 0.13594 0.1125 0.04687 0.04375
5 0.82188 0.00312 0.05 0.00625
14 0.30781 0.75156 0.06562 0.10313
5 0.71094 0.02656 0.05937 0.05312
5 0.64219 0.12031 0.05312 0.05938
5 0.48438 0.75312 0.075 0.075
5 0.25781 0.83906 0.05937 0.05938
5 0.07187 0.5125 0.06875 0.075
5 0.41406 0.56406 0.02812 0.05312
