48 0.04219 0.1375 0.08438 0.2125
0 0.39531 0.7875 0.11562 0.09375
5 0.3125 0.49375 0.0375 0.04375
48 0.69531 0.35625 0.11563 0.09375
48 0.10469 0.00156 0.20938 0.00312
48 0.92656 0.95156 0.14687 0.09688
5 0.22188 0.90312 0.0375 0.025
8 0.33594 0.32969 0.05312 0.06562
5 0.42188 0.23438 0.0375 0.05
5 0.02188 0.65 0.0375 0.0375
8 0.25469 0.48125 0.04063 0.05
5 0.26094 0.52188 0.03438 0.0375
5 0.39688 0.97344 0.04375 0.02813
5 0.36875 0.9875 0.04375 0.025
6 0.16094 0.72812 0.06563 0.06875
10 0.55 0.02188 0.0875 0.04375
5 0.2625 0.92969 0.03125 0.02188
5 0.38281 0.26406 0.03438 0.04062
5 0.19062 0.33281 0.0375 0.04063
5 0.04688 0.88594 0.03125 0.04688
5 0.44688 0.99219 0.04375 0.01562
5 0.38438 0.30469 0.03125 0.04688
5 0.46406 0.16406 0.02813 0.03437
8 0.46406 0.20469 0.05312 0.05938
5 0.13281 0.38438 0.03437 0.04375
5 0.21719 0.55 0.02813 0.0375
5 0.21719 0.59688 0.04062 0.04375
5 0.3 0.4 0.0375 0.04375
5 0.30625 0.91562 0.0375 0.03125
5 0.35 0.36562 0.0375 0.0375
5 0.35156 0.94219 0.04063 0.02813
5 0.25625 0.89219 0.04375 0.03438
5 0.32656 0.96094 0.04688 0.02812
10 0.50625 0.07344 0.06875 0.09062
