9 0.15156 0.82031 0.09062 0.02188
5 0.30625 0.83438 0.0375 0.01875
5 0.4 0.84688 0.0375 0.01875
5 0.56719 0.60938 0.02813 0.0375
48 0.97188 0.74688 0.05625 0.2125
48 0.85 0.51562 0.08125 0.0875
48 0.83906 0.58594 0.09687 0.09062
48 0.75938 0.94531 0.075 0.06563
5 0.95469 0.30156 0.04063 0.02187
48 0.075 0.59531 0.15 0.10938
5 0.55312 0.73906 0.01875 0.04688
5 0.09219 0.82187 0.04063 0.025
48 0.38438 0.95781 0.2 0.08437
48 0.87344 0.19375 0.16563 0.19375
48 0.79062 0.75156 0.125 0.15938
5 0.60469 0.01875 0.03437 0.0375
48 0.24688 0.71719 0.16875 0.12813
48 0.71406 0.22969 0.10938 0.09063
48 0.71094 0.59375 0.19063 0.1
48 0.99531 0.95938 0.00938 0.08125
48 0.46094 0.44844 0.21562 0.12188
5 0.84531 0.29531 0.05937 0.01562
48 0.82187 0.4 0.11875 0.1
48 0.43438 0.65625 0.2 0.10625
48 0.65938 0.9125 0.18125 0.0875
5 0.52188 0.94375 0.0375 0.04375
48 0.28125 0.36562 0.15 0.1375
48 0.6875 0.37813 0.0625 0.10625
48 0.74062 0.38125 0.03125 0.11875
48 0.47656 0.35156 0.16562 0.09062
48 0.12812 0.92812 0.10625 0.14375
48 0.94062 0.00469 0.11875 0.00938
48 0.7375 0.49375 0.225 0.1125
48 0.6625 0.99531 0.21875 0.00938
48 0.30312 0.16094 0.1375 0.14062
48 0.74688 0.1 0.16875 0.1375
48 0.48438 0.04844 0.175 0.09062
48 0.08125 0.00469 0.11875 0.00938
48 0.87969 0.94375 0.19688 0.1125
48 0.09375 0.39375 0.1875 0.25625
5 0.00469 0.97656 0.00938 0.04062
48 0.94531 0.41562 0.10938 0.1125
48 0.81719 0.00469 0.11562 0.00938
48 0.06562 0.70312 0.13125 0.11875
48 0.99688 0.21094 0.00625 0.19688
48 0.90781 0.75625 0.09688 0.15625
48 0.47656 0.17812 0.19687 0.15
48 0.13125 0.17031 0.20625 0.11562
48 0.32031 0.04844 0.09688 0.09688
5 0.59688 0.12344 0.01875 0.02813
5 0.6 0.16719 0.01875 0.02188
48 0.40312 0.89688 0.15625 0.04375
48 0.0125 0.125 0.025 0.13125
48 0.2375 0.85781 0.13125 0.08437
5 0.59375 0.22656 0.01875 0.03437
