48 0.9125 0.225 0.175 0.18125
48 0.84375 0.13438 0.1625 0.18125
48 0.71406 0.02969 0.14687 0.05938
48 0.29844 0.07344 0.20938 0.14688
48 0.55 0.04219 0.3875 0.08438
48 0.68594 0.10469 0.41562 0.20938
48 0.09688 0.18125 0.1625 0.1875
48 0.69062 0.75938 0.21875 0.1375
48 0.85938 0.79219 0.175 0.12812
48 0.90469 0.91719 0.06563 0.14062
48 0.71719 0.90781 0.09062 0.13438
48 0.63437 0.89844 0.1 0.16562
48 0.39688 0.75938 0.24375 0.21875
48 0.33438 0.61719 0.16875 0.15312
48 0.65312 0.39688 0.2 0.1375
48 0.37344 0.44375 0.15313 0.1375
48 0.51094 0.35156 0.09063 0.10313
48 0.33438 0.1875 0.075 0.075
48 0.84531 0.39062 0.18437 0.15625
48 0.79688 0.45938 0.16875 0.125
48 0.9875 0.425 0.025 0.0875
48 0.95469 0.49688 0.09062 0.1375
48 0.92969 0.42656 0.14062 0.20312
48 0.875 0.57031 0.14375 0.12813
48 0.80781 0.64219 0.22187 0.14687
48 0.5125 0.67812 0.175 0.15625
48 0.63594 0.69844 0.05312 0.05938
48 0.5875 0.75312 0.10625 0.09375
48 0.46562 0.85469 0.15625 0.14687
48 0.51719 0.8875 0.07812 0.05625
48 0.47031 0.91719 0.09688 0.08437
48 0.56406 0.83594 0.11562 0.05313
48 0.825 0.30312 0.08125 0.06875
48 0.975 0.68594 0.05 0.13438
48 0.38281 0.81094 0.12187 0.10938
48 0.99531 0.76406 0.00938 0.10313
48 0.10938 0.45312 0.19375 0.14375
48 0.18125 0.79688 0.1625 0.14375
48 0.79688 0.94531 0.075 0.05313
48 0.26875 0.45469 0.10625 0.09688
48 0.30625 0.375 0.125 0.1125
48 0.47344 0.19531 0.14687 0.12187
48 0.21562 0.49219 0.1125 0.09062
48 0.14219 0.30781 0.14062 0.14687
48 0.63906 0.49219 0.14687 0.14062
48 0.70469 0.32031 0.14687 0.10938
48 0.13906 0.52656 0.13438 0.07188
48 0.48281 0.57031 0.12187 0.09688
48 0.94688 0.60469 0.10625 0.17812
48 0.10625 0.85156 0.14375 0.13437
48 0.33906 0.5375 0.10938 0.1
48 0.075 0.34219 0.1375 0.10938
48 0.475 0.21406 0.1375 0.13438
48 0.225 0.35625 0.15 0.13125
5 0.875 0.3375 0.04375 0.025
48 0.87188 0.75156 0.20625 0.09688
48 0.4 0.60938 0.125 0.1
48 0.64688 0.24219 0.125 0.08437
48 0.9625 0.87812 0.075 0.1625
48 0.2 0.575 0.125 0.10625
