11 0.59844 0.07969 0.05938 0.09062
11 0.6125 0.15469 0.05 0.09688
11 0.4125 0.2 0.04375 0.08125
11 0.40156 0.28281 0.04688 0.09687
11 0.5 0.25625 0.0375 0.1125
11 0.64688 0.24219 0.04375 0.10313
11 0.69062 0.21562 0.05 0.1125
11 0.66562 0.22344 0.05 0.09687
11 0.9625 0.12656 0.075 0.10312
11 0.57187 0.22344 0.0875 0.04062
11 0.5375 0.16406 0.08125 0.04063
11 0.57969 0.25156 0.08437 0.04062
11 0.59219 0.30625 0.07188 0.0375
11 0.58125 0.27812 0.08125 0.0375
11 0.76719 0.22031 0.05937 0.03437
11 0.63906 0.39062 0.09688 0.05625
11 0.77969 0.08438 0.07188 0.04375
11 0.55156 0.09219 0.09063 0.04063
11 0.78594 0.24219 0.08437 0.04063
48 0.83438 0.12656 0.18125 0.12812
48 0.88125 0.21562 0.10625 0.14375
48 0.96719 0.21406 0.06563 0.06563
48 0.98438 0.32188 0.03125 0.06875
48 0.29219 0.00469 0.07812 0.00938
48 0.21875 0.01094 0.075 0.02188
48 0.15781 0.1 0.12188 0.0875
48 0.12656 0.04375 0.14688 0.08125
48 0.09375 0.02656 0.1875 0.05312
48 0.25781 0.43281 0.08437 0.07812
48 0.37969 0.44219 0.05938 0.07188
48 0.16094 0.53594 0.15312 0.11562
48 0.24688 0.50625 0.04375 0.05
48 0.04219 0.58906 0.08438 0.10938
48 0.73281 0.45 0.09062 0.09375
48 0.775 0.51094 0.0625 0.08437
48 0.83906 0.40469 0.14687 0.12188
48 0.69062 0.57656 0.09375 0.14062
48 0.77656 0.64844 0.17812 0.12187
48 0.82969 0.71875 0.08437 0.06875
48 0.58438 0.61719 0.1125 0.15938
48 0.48438 0.57344 0.1875 0.19062
48 0.6 0.77031 0.1 0.14062
48 0.34375 0.62187 0.0625 0.0875
48 0.22969 0.7125 0.06563 0.10625
48 0.06719 0.69531 0.12813 0.08438
48 0.18281 0.64844 0.17188 0.09062
48 0.09687 0.79844 0.15625 0.17812
48 0.2625 0.78438 0.09375 0.06875
48 0.1875 0.88125 0.23125 0.1875
48 0.2625 0.95938 0.10625 0.08125
48 0.01562 0.90469 0.03125 0.07812
48 0.38594 0.93438 0.14062 0.0875
48 0.65781 0.92656 0.15312 0.14687
48 0.99531 0.8 0.00938 0.1
9 0.99062 0.13125 0.01875 0.09375
9 0.99062 0.09688 0.01875 0.1
9 0.62813 0.06094 0.03125 0.07812
9 0.65625 0.05938 0.03125 0.08125
9 0.58594 0.01094 0.08438 0.02188
9 0.50313 0.01562 0.09375 0.03125
9 0.52188 0.0625 0.10625 0.05
9 0.47656 0.19219 0.03438 0.05937
9 0.55625 0.19688 0.0875 0.0375
9 0.64531 0.14531 0.04063 0.08438
9 0.67188 0.13906 0.0375 0.08438
9 0.59219 0.33125 0.07812 0.0375
9 0.62344 0.36719 0.09062 0.04688
9 0.66406 0.32812 0.04688 0.06875
9 0.85469 0.03906 0.07812 0.05938
9 0.40625 0.62656 0.0375 0.06563
9 0.79219 0.3 0.07188 0.04375
48 0.37656 0.20625 0.04688 0.075
48 0.76406 0.02969 0.08437 0.05312
48 0.42656 0.1125 0.09687 0.09375
48 0.02656 0.07656 0.05312 0.09062
48 0.51406 0.38281 0.07188 0.10938
48 0.64531 0.46719 0.10313 0.09687
48 0.42969 0.43438 0.04063 0.0625
48 0.08281 0.17812 0.04688 0.08125
48 0.13281 0.98125 0.05312 0.0375
48 0.49844 0.96875 0.09062 0.0625
48 0.42656 0.9875 0.07812 0.025
48 0.29375 0.99844 0.13125 0.00313
57 0.04219 0.975 0.02812 0.05
48 0.29219 0.49531 0.09063 0.07813
