5 0.71875 0.09219 0.05625 0.02812
5 0.75156 0.10938 0.04063 0.01875
5 0.76562 0.15937 0.025 0.05
5 0.75781 0.26094 0.02812 0.04688
5 0.67188 0.35 0.025 0.04375
5 0.70469 0.03281 0.04063 0.02188
48 0.99844 0.98125 0.00313 0.0375
48 0.97969 0.8625 0.04063 0.1375
48 0.89375 0.87969 0.125 0.15313
48 0.68438 0.94219 0.225 0.11562
48 0.63125 0.50938 0.18125 0.1375
48 0.57969 0.4375 0.10313 0.06875
48 0.67031 0.18438 0.14062 0.125
48 0.55937 0.21406 0.0625 0.04688
48 0.55937 0.0625 0.1125 0.125
48 0.42031 0.0625 0.10312 0.125
48 0.35 0.06406 0.0625 0.04687
48 0.35781 0.02188 0.05313 0.04375
48 0.47031 0.39062 0.05938 0.05
48 0.05312 0.03906 0.10625 0.07812
5 0.72812 0.26719 0.05625 0.02813
5 0.67188 0.30781 0.0375 0.02187
5 0.64219 0.28281 0.02812 0.04688
5 0.69375 0.10938 0.05 0.025
5 0.77188 0.30469 0.025 0.04688
5 0.70938 0.35625 0.04375 0.0375
5 0.725 0.32344 0.04375 0.02813
5 0.73125 0.29688 0.05 0.025
