48 0.00469 0.01562 0.00938 0.03125
48 0.05938 0.71406 0.11875 0.14687
48 0.34844 0.0625 0.17188 0.125
48 0.04375 0.59844 0.0875 0.14687
48 0.00938 0.48281 0.01875 0.14062
48 0.16875 0.23281 0.2125 0.25312
48 0.30312 0.16562 0.15625 0.1125
48 0.02188 0.06875 0.04375 0.1375
48 0.42344 0.56719 0.19687 0.14687
48 0.12031 0.75781 0.24062 0.48438
48 0.56719 0.90781 0.06562 0.06563
59 0.64062 0.5875 0.13125 0.05625
48 0.07812 0.0625 0.1 0.125
48 0.0625 0.24062 0.125 0.225
48 0.40625 0.14688 0.09375 0.06875
48 0.40312 0.20625 0.08125 0.05
5 0.73438 0.51875 0.01875 0.03125
5 0.67656 0.14062 0.04688 0.03125
48 0.54062 0.1125 0.24375 0.225
48 0.61719 0.37031 0.23438 0.33438
5 0.71406 0.41719 0.02187 0.04063
5 0.70469 0.25156 0.04063 0.03437
48 0.79375 0.88594 0.35 0.22813
5 0.7 0.19531 0.04375 0.03437
48 0.75156 0.725 0.35938 0.23125
5 0.84531 0.16562 0.03438 0.04375
5 0.65625 0.03594 0.05 0.03438
