5 0.01094 0.25 0.02188 0.0375
5 0.10312 0.32969 0.0375 0.04688
5 0.08438 0.39219 0.0375 0.04688
5 0.06719 0.45469 0.04062 0.04688
5 0.05312 0.51562 0.0375 0.04375
9 0.03125 0.59219 0.05 0.05312
5 0.02188 0.64531 0.0375 0.04063
5 0.12188 0.22813 0.06875 0.025
5 0.11719 0.20156 0.07188 0.02813
5 0.12344 0.175 0.06562 0.025
5 0.13281 0.14844 0.05938 0.02187
5 0.14375 0.12031 0.06875 0.02188
6 0.00781 0.1 0.01562 0.05
5 0.14844 0.09062 0.06562 0.025
5 0.01719 0.04531 0.03438 0.04688
5 0.15469 0.06562 0.06562 0.025
5 0.02656 0.00625 0.04062 0.0125
5 0.15937 0.03281 0.0625 0.02812
5 0.17812 0.0125 0.0625 0.025
5 0.00312 0.15781 0.00625 0.04688
48 0.48594 0.31094 0.21562 0.17187
5 0.61563 0.27187 0.06875 0.025
5 0.6125 0.22813 0.06875 0.025
5 0.6 0.19375 0.06875 0.03125
5 0.43594 0.10625 0.04688 0.04375
5 0.51562 0.1 0.06875 0.025
9 0.54844 0.01875 0.07188 0.0375
5 0.57031 0.04844 0.06563 0.04063
5 0.59688 0.02812 0.0625 0.0375
5 0.82969 0.07031 0.04688 0.04688
5 0.78594 0.11406 0.04688 0.04688
48 0.86875 0.18906 0.2625 0.13437
48 0.90156 0.09375 0.19688 0.1875
5 0.00469 0.71406 0.00938 0.04063
5 0.55 0.48594 0.05625 0.04062
9 0.30312 0.52656 0.0375 0.05938
5 0.35 0.53594 0.0625 0.02187
5 0.35625 0.42656 0.075 0.02187
5 0.35469 0.40469 0.07188 0.02188
5 0.34844 0.31094 0.03437 0.04062
5 0.36406 0.45781 0.07188 0.02813
5 0.9875 0.97031 0.025 0.04688
5 0.98438 0.92188 0.03125 0.04375
5 0.475 0.87656 0.0625 0.02812
5 0.63906 0.87344 0.07188 0.02812
9 0.17656 0.96406 0.07812 0.03437
5 0.25312 0.96875 0.06875 0.025
5 0.72812 0.86562 0.06875 0.01875
5 0.9625 0.7125 0.0375 0.05
5 0.97344 0.76875 0.03437 0.0375
5 0.94844 0.53438 0.03437 0.04375
48 0.875 0.61094 0.11875 0.06563
48 0.87344 0.54844 0.11562 0.07188
48 0.75469 0.55313 0.12188 0.06875
48 0.75469 0.62031 0.14062 0.06562
48 0.61094 0.56094 0.17812 0.07812
48 0.63437 0.625 0.11875 0.0625
48 0.50937 0.62656 0.13125 0.05937
48 0.45312 0.55313 0.15 0.11875
48 0.475 0.20469 0.18125 0.04688
48 0.49375 0.14687 0.20625 0.0875
5 0.64688 0.01719 0.0625 0.03438
5 0.75312 0.1625 0.0625 0.05
48 0.67969 0.075 0.17813 0.09375
5 0.65 0.48438 0.06875 0.04375
5 0.7125 0.4875 0.06875 0.0375
5 0.77344 0.48438 0.05937 0.04375
5 0.35469 0.38281 0.07188 0.02812
5 0.3625 0.34844 0.03125 0.04063
48 0.95312 0.34062 0.09375 0.08125
48 0.45 0.44375 0.11875 0.10625
48 0.7125 0.41875 0.41875 0.075
48 0.74375 0.34844 0.34375 0.08437
5 0.97188 0.80469 0.03125 0.03438
48 0.51562 0.76562 0.1125 0.08125
5 0.50781 0.68906 0.06563 0.02812
48 0.61406 0.75625 0.09687 0.08125
48 0.71562 0.75 0.11875 0.075
48 0.79844 0.74688 0.06563 0.075
48 0.85312 0.74531 0.05625 0.07188
48 0.91719 0.74219 0.07812 0.07812
48 0.85781 0.82031 0.05937 0.07812
48 0.92344 0.81875 0.09062 0.08125
48 0.35469 0.84688 0.12812 0.10625
48 0.4125 0.72812 0.13125 0.1375
48 0.47812 0.83281 0.11875 0.07188
48 0.68281 0.82812 0.30938 0.08125
48 0.37031 0.95 0.14062 0.1
48 0.475 0.9625 0.0875 0.075
48 0.54219 0.95938 0.07188 0.08125
48 0.60625 0.95781 0.06875 0.08437
48 0.67344 0.95781 0.07812 0.08437
48 0.77812 0.95469 0.125 0.07812
48 0.80156 0.99688 0.11562 0.00625
48 0.91562 0.99531 0.1375 0.00938
48 0.94375 0.94844 0.075 0.08437
48 0.86875 0.95 0.075 0.08125
48 0.39219 0.32031 0.78438 0.64062
48 0.38281 0.04688 0.37187 0.09375
48 0.72344 0.03906 0.12812 0.07187
48 0.75 0.02188 0.10625 0.04375
48 0.77344 0.00781 0.12187 0.01562
48 0.16406 0.44844 0.19062 0.27187
48 0.21562 0.25156 0.15625 0.12812
48 0.09531 0.79219 0.19062 0.41562
