48 0.95625 0.20312 0.0875 0.10625
48 0.99375 0.24062 0.0125 0.1
48 0.92969 0.15156 0.10938 0.10937
53 0.07812 0.95938 0.15625 0.08125
5 0.39531 0.99688 0.04063 0.00625
5 0.01562 0.97656 0.025 0.04688
10 0.06562 0.78281 0.10625 0.08437
5 0.43125 0.9625 0.04375 0.03125
5 0.57188 0.98594 0.05 0.02812
4 0.21719 0.94062 0.05313 0.03125
5 0.41562 0.54062 0.03125 0.05625
5 0.06406 0.97812 0.02188 0.04375
5 0.32188 0.51875 0.03125 0.0625
48 0.84375 0.90938 0.1 0.0875
5 0.03438 0.59219 0.05625 0.03438
5 0.09062 0.98281 0.025 0.03438
4 0.26562 0.98125 0.05625 0.0375
5 0.36875 0.525 0.025 0.0625
4 0.11406 0.99375 0.02188 0.0125
5 0.00156 0.97656 0.00312 0.04688
