48 0.26875 0.02969 0.43125 0.05938
48 0.78594 0.03125 0.42812 0.0625
48 0.00938 0.04844 0.01875 0.09688
48 0.19062 0.52031 0.2625 0.91562
8 0.08125 0.99219 0.0625 0.01562
10 0.90312 0.99844 0.075 0.00313
9 0.07969 0.94531 0.04687 0.07187
5 0.05938 0.61406 0.025 0.04688
5 0.55156 0.29531 0.03437 0.04688
11 0.05938 0.67656 0.0375 0.07188
11 0.01094 0.73906 0.02188 0.07812
5 0.0125 0.34688 0.025 0.05
5 0.49062 0.07031 0.03125 0.05938
53 0.71094 0.96719 0.57812 0.06563
48 0.89844 0.50625 0.20312 0.90625
48 0.69844 0.50781 0.22813 0.90312
48 0.39375 0.51094 0.275 0.91562
48 0.00312 0.52344 0.00625 0.89688
