48 0.14531 0.575 0.29063 0.48125
48 0.18125 0.15469 0.3625 0.22812
5 0.01094 0.20781 0.02188 0.02188
5 0.05625 0.27656 0.04375 0.02187
5 0.22969 0.23906 0.04688 0.02188
5 0.22344 0.27656 0.04688 0.02187
5 0.22969 0.29531 0.04688 0.02813
5 0.17031 0.22031 0.03437 0.02188
5 0.96719 0.35625 0.04063 0.01875
5 0.60938 0.05625 0.0375 0.025
5 0.60781 0.03594 0.02812 0.02188
5 0.60312 0.07812 0.04375 0.025
48 0.79375 0.44531 0.40625 0.29688
48 0.70469 0.72344 0.40312 0.27187
5 0.85625 0.84219 0.01875 0.02812
5 0.82969 0.84688 0.02187 0.03125
48 0.40625 0.49219 0.3 0.54688
