48 0.25469 0.42344 0.08438 0.09063
48 0.20469 0.46719 0.07187 0.06562
48 0.13906 0.51875 0.10312 0.08125
48 0.21094 0.37969 0.07188 0.05938
48 0.68438 0.3375 0.05 0.05
48 0.6125 0.39219 0.0625 0.06562
48 0.50469 0.46094 0.09063 0.08438
48 0.425 0.50938 0.075 0.0625
48 0.36719 0.55781 0.05937 0.07188
48 0.2875 0.60156 0.125 0.11563
48 0.20781 0.65469 0.06563 0.07812
48 0.19375 0.5375 0.05 0.05625
48 0.35625 0.24688 0.09375 0.0625
48 0.34219 0.30469 0.09063 0.08437
48 0.36875 0.19844 0.1 0.06563
48 0.26719 0.19062 0.09687 0.075
48 0.23594 0.14688 0.05313 0.05
48 0.22188 0.32031 0.09375 0.06563
48 0.48281 0.0125 0.10313 0.025
48 0.87344 0.00469 0.14687 0.00938
48 0.97031 0.03125 0.05937 0.0625
48 0.6625 0.27344 0.09375 0.07812
48 0.6125 0.0625 0.23125 0.125
48 0.09062 0.21719 0.1 0.06562
48 0.27656 0.25625 0.10312 0.09375
48 0.29219 0.3375 0.08437 0.09375
