5 0.97656 0.28906 0.04062 0.05312
9 0.70938 0.17969 0.05625 0.05938
9 0.88125 0.22656 0.06875 0.09062
5 0.89844 0.2625 0.06563 0.05
9 0.75781 0.2 0.05937 0.0625
9 0.79375 0.20938 0.05625 0.075
9 0.82656 0.22031 0.05312 0.06562
9 0.65781 0.18125 0.05937 0.0625
58 0.02969 0.15156 0.05938 0.07812
48 0.65 0.93906 0.4375 0.12187
48 0.89375 0.89062 0.2125 0.21875
48 0.92812 0.62813 0.14375 0.16875
48 0.76094 0.70312 0.18438 0.1625
48 0.31875 0.34688 0.55 0.4
48 0.0625 0.18281 0.125 0.17188
48 0.28594 0.01719 0.13438 0.03438
48 0.04844 0.38594 0.09688 0.22813
48 0.11094 0.87031 0.22188 0.25938
48 0.97344 0.69688 0.05312 0.1375
48 0.47031 0.73594 0.62813 0.50937
48 0.51562 0.86406 0.4125 0.27187
5 0.20469 0.80625 0.05313 0.03125
5 0.37812 0.52344 0.06875 0.04062
5 0.25625 0.77188 0.04375 0.04375
5 0.12188 0.49219 0.05 0.02812
5 0.29063 0.74688 0.05 0.0375
5 0.31875 0.48438 0.04375 0.03125
5 0.17969 0.36719 0.04688 0.03438
5 0.31406 0.72188 0.04688 0.0375
5 0.40156 0.64219 0.05312 0.03438
5 0.07969 0.40625 0.05938 0.04375
5 0.17656 0.54062 0.04688 0.03125
5 0.29844 0.45781 0.04688 0.04063
5 0.06875 0.58594 0.04375 0.03438
5 0.22969 0.79375 0.05938 0.0375
5 0.04844 0.5625 0.05312 0.04375
5 0.01406 0.48594 0.02812 0.04062
5 0.25312 0.59844 0.05 0.04063
5 0.15 0.5125 0.05625 0.04375
5 0.14844 0.85312 0.04688 0.04375
5 0.05 0.82344 0.05 0.04063
5 0.02188 0.79844 0.04375 0.04063
5 0.24688 0.41094 0.04375 0.04063
5 0.22031 0.40312 0.05938 0.05
5 0.3625 0.68125 0.04375 0.03125
5 0.03281 0.67344 0.05938 0.03438
5 0.225 0.57969 0.04375 0.03438
5 0.3375 0.50313 0.05625 0.0375
5 0.37812 0.6625 0.05625 0.0375
