5 0.1125 0.0875 0.0375 0.05
5 0.15313 0.10625 0.0375 0.05625
5 0.65 0.35312 0.075 0.03125
5 0.07969 0.47188 0.03438 0.05
5 0.99844 0.62969 0.00313 0.05312
5 0.99531 0.325 0.00938 0.05625
48 0.08281 0.92656 0.12187 0.05938
48 0.17344 0.98281 0.17188 0.03438
48 0.33594 0.99531 0.10313 0.00938
48 0.15625 0.81406 0.175 0.15938
48 0.90312 0.68594 0.19375 0.13438
48 0.65312 0.86875 0.11875 0.06875
48 0.72969 0.83281 0.14687 0.14062
48 0.75469 0.53281 0.14062 0.10938
48 0.21562 0.50156 0.25625 0.29688
48 0.57812 0.58281 0.2125 0.17187
48 0.69531 0.62813 0.09688 0.14375
48 0.59219 0.98125 0.09688 0.0375
48 0.74219 0.05938 0.15938 0.11875
48 0.60781 0.23594 0.18437 0.12812
48 0.51562 0.06562 0.125 0.06875
48 0.03125 0.00938 0.0625 0.01875
48 0.0125 0.13906 0.025 0.07812
48 0.04375 0.06562 0.0875 0.10625
48 0.6375 0.02812 0.1375 0.05625
48 0.49219 0.20781 0.12187 0.14688
48 0.32188 0.06875 0.15625 0.125
48 0.28281 0.17812 0.15937 0.15625
48 0.42656 0.18125 0.05938 0.08125
48 0.86406 0.14531 0.21563 0.29063
48 0.97188 0.125 0.05625 0.10625
48 0.98281 0.05156 0.03438 0.07812
48 0.95938 0.22344 0.08125 0.10938
48 0.82656 0.31562 0.17812 0.11875
48 0.73438 0.26719 0.04375 0.05313
