48 0.9375 0.98438 0.125 0.03125
48 0.18281 0.95469 0.27187 0.09062
48 0.20469 0.43437 0.40938 0.6875
48 0.86406 0.54062 0.27187 0.53125
5 0.5375 0.00312 0.03125 0.00625
5 0.63281 0.00312 0.03438 0.00625
5 0.54375 0.09687 0.0375 0.04375
5 0.17656 0.00469 0.07187 0.00938
5 0.68125 0.01562 0.03125 0.03125
5 0.71875 0.02031 0.0375 0.04062
5 0.75781 0.02031 0.03438 0.04062
5 0.80312 0.02031 0.03125 0.04062
5 0.84219 0.025 0.04063 0.05
5 0.88438 0.02344 0.04375 0.04688
5 0.925 0.02188 0.0375 0.04375
5 0.96562 0.02344 0.0375 0.04688
5 0.87031 0.07187 0.05938 0.025
5 0.24844 0.77656 0.07812 0.02187
5 0.2375 0.81094 0.0875 0.02187
5 0.24688 0.84844 0.08125 0.02187
5 0.24375 0.87031 0.06875 0.02813
9 0.55469 0.975 0.04688 0.05
5 0.12812 0.74531 0.0375 0.02813
5 0.40156 0.6875 0.04063 0.05625
5 0.59688 0.12031 0.0375 0.04687
5 0.99219 0.13125 0.01562 0.04375
5 0.97188 0.12812 0.0375 0.04375
5 0.92656 0.12188 0.04688 0.04375
5 0.88281 0.11719 0.04688 0.04063
5 0.84844 0.12031 0.03437 0.03438
5 0.80938 0.125 0.0375 0.04375
5 0.76719 0.12344 0.04063 0.04062
5 0.69062 0.12031 0.04375 0.04687
53 0.60469 0.09219 0.79062 0.18438
12 0.0375 0.86406 0.075 0.05938
