48 0.74219 0.97188 0.29062 0.05625
5 0.9875 0.27812 0.025 0.04375
48 0.85781 0.90781 0.28438 0.18437
48 0.00625 0.99062 0.0125 0.01875
53 0.97031 0.38906 0.05937 0.46562
48 0.675 0.4125 0.65 0.825
48 0.13125 0.60469 0.2625 0.27187
48 0.24219 0.9625 0.19062 0.075
48 0.28125 0.7125 0.2375 0.2
48 0.05781 0.48281 0.11562 0.25938
48 0.00156 0.77344 0.00312 0.24063
48 0.09688 0.02812 0.19375 0.05625
48 0.85312 0.81094 0.1875 0.20312
48 0.58125 0.92344 0.2375 0.15312
48 0.58125 0.60156 0.275 0.19687
48 0.71094 0.71562 0.22812 0.225
48 0.39062 0.025 0.225 0.05
48 0.11875 0.25 0.2375 0.23125
48 0.425 0.85938 0.25625 0.24375
48 0.37656 0.48125 0.22812 0.2125
48 0.14687 0.92031 0.21875 0.15938
48 0.05469 0.87188 0.10938 0.2125
48 0.01875 0.12344 0.0375 0.19062
48 0.26406 0.11094 0.28438 0.22188
