39 0.99688 0.93125 0.00625 0.01875
39 0.96562 0.93281 0.04375 0.02187
39 0.91562 0.93281 0.05 0.01562
5 0.9875 0.13438 0.025 0.01875
5 0.90781 0.21875 0.04688 0.01875
5 0.96719 0.19375 0.05312 0.0125
5 0.96094 0.15469 0.04062 0.01562
5 0.94531 0.2375 0.04688 0.01875
5 0.99375 0.21094 0.0125 0.02187
5 0.96719 0.21562 0.04688 0.01875
8 0.97188 0.27187 0.04375 0.025
5 0.97344 0.29063 0.04688 0.0125
8 0.99844 0.28281 0.00313 0.02188
39 0.95 0.33906 0.09375 0.01562
5 0.97812 0.30781 0.04375 0.02187
12 0.98438 0.35781 0.03125 0.03437
12 0.92969 0.36562 0.05937 0.025
5 0.76875 0.525 0.0375 0.01875
5 0.73594 0.54844 0.02812 0.01562
5 0.74531 0.56406 0.02813 0.01562
5 0.74375 0.57812 0.03125 0.01875
5 0.74844 0.59688 0.04063 0.01875
5 0.80781 0.52031 0.03437 0.01562
5 0.775 0.54219 0.04375 0.01562
5 0.77969 0.55781 0.04688 0.01562
5 0.77969 0.57188 0.04063 0.01875
5 0.78594 0.58906 0.04063 0.01562
5 0.84531 0.51406 0.02812 0.01562
5 0.81406 0.53906 0.02812 0.01562
5 0.81875 0.55469 0.0375 0.01562
5 0.81875 0.56875 0.03125 0.0125
5 0.82188 0.58906 0.03125 0.02187
5 0.88125 0.50938 0.03125 0.01875
5 0.85 0.53125 0.04375 0.01875
5 0.85312 0.55156 0.03125 0.01562
5 0.85469 0.56563 0.04063 0.0125
5 0.85312 0.58594 0.0375 0.01562
5 0.925 0.50469 0.04375 0.02187
5 0.89375 0.52812 0.0375 0.01875
5 0.87969 0.54531 0.02813 0.02187
5 0.9 0.56094 0.04375 0.01562
5 0.89531 0.57969 0.04063 0.02187
5 0.95938 0.50938 0.0375 0.01875
5 0.96562 0.525 0.03125 0.01875
5 0.92188 0.54219 0.0375 0.01562
5 0.92813 0.52812 0.0375 0.01875
5 0.92813 0.55937 0.0375 0.0125
5 0.93594 0.57656 0.04063 0.01562
5 0.99062 0.50625 0.01875 0.0125
5 0.99219 0.525 0.01562 0.0125
5 0.95938 0.54219 0.03125 0.01562
5 0.96094 0.56094 0.02188 0.01562
5 0.98125 0.57656 0.0375 0.01562
5 0.99062 0.54375 0.01875 0.0125
5 0.98594 0.55937 0.02812 0.0125
5 0.98438 0.94844 0.03125 0.02187
5 0.94219 0.94844 0.03437 0.02187
5 0.89844 0.95156 0.04688 0.02187
5 0.85156 0.94687 0.04688 0.025
5 0.84531 0.9125 0.04063 0.0125
5 0.8875 0.9125 0.03125 0.0125
5 0.93281 0.91406 0.03437 0.01562
5 0.97344 0.9125 0.03437 0.0125
5 0.99688 0.9125 0.00625 0.0125
5 0.99688 0.88125 0.00625 0.01875
5 0.96875 0.87656 0.04375 0.02187
5 0.93125 0.87812 0.04375 0.01875
5 0.88281 0.87812 0.04688 0.01875
5 0.83125 0.87812 0.04375 0.01875
14 0.84219 0.89219 0.04688 0.02187
10 0.88594 0.89531 0.04063 0.01562
39 0.92969 0.89844 0.04688 0.01562
10 0.975 0.89844 0.0375 0.02188
10 0.99844 0.89531 0.00313 0.01562
10 0.99844 0.85938 0.00313 0.01875
10 0.925 0.85938 0.0375 0.01875
10 0.88906 0.85938 0.04063 0.0125
10 0.84844 0.85938 0.04063 0.01875
10 0.98594 0.84375 0.02812 0.01875
39 0.84844 0.84688 0.05312 0.01875
39 0.9375 0.84375 0.04375 0.0125
39 0.89531 0.84688 0.04063 0.01875
5 0.99844 0.82188 0.00313 0.01875
5 0.83281 0.82812 0.04063 0.01875
5 0.82344 0.80469 0.03437 0.01562
5 0.875 0.80625 0.0375 0.01875
5 0.93125 0.80469 0.0375 0.01562
9 0.98438 0.80625 0.03125 0.01875
9 0.97969 0.78125 0.04063 0.01875
9 0.92812 0.78594 0.04375 0.02187
9 0.875 0.78438 0.0375 0.01875
9 0.82031 0.78594 0.04062 0.02187
7 0.92344 0.7625 0.04688 0.01875
7 0.87344 0.76562 0.04688 0.01875
9 0.82188 0.76875 0.04375 0.0125
9 0.975 0.76094 0.05 0.02187
5 0.98281 0.23125 0.03438 0.01875
4 0.96406 0.175 0.04688 0.025
5 0.99375 0.17031 0.0125 0.02188
5 0.99062 0.15 0.01875 0.025
5 0.98594 0.24844 0.02812 0.02188
5 0.95 0.25469 0.05 0.02812
5 0.99688 0.26562 0.00625 0.01875
41 0.74531 0.425 0.08437 0.025
5 0.875 0.82656 0.04375 0.02187
5 0.92656 0.82656 0.05312 0.02187
