48 0.44219 0.99844 0.20937 0.00313
48 0.35312 0.96875 0.2 0.0625
48 0.25469 0.93906 0.19688 0.12187
48 0.14844 0.91875 0.19688 0.1625
48 0.05625 0.97031 0.1125 0.05937
48 0.075 0.86406 0.15 0.15937
48 0.00938 0.94375 0.01875 0.1125
48 0.02656 0.79844 0.05312 0.16563
5 0.93906 0.99062 0.04688 0.01875
5 0.89062 0.96719 0.0375 0.04063
5 0.85625 0.99062 0.04375 0.01875
5 0.80156 0.97031 0.04063 0.03438
5 0.77188 0.89844 0.04375 0.04062
5 0.70781 0.90781 0.04688 0.04063
5 0.73438 0.93125 0.0375 0.0375
5 0.69062 0.95156 0.05 0.02187
5 0.74219 0.97656 0.04062 0.02812
5 0.65 0.87969 0.04375 0.04063
5 0.69531 0.84062 0.04688 0.04375
5 0.66562 0.8125 0.0375 0.0375
5 0.63125 0.85469 0.04375 0.04063
5 0.59062 0.85938 0.0375 0.0375
5 0.56875 0.8 0.05 0.025
5 0.54375 0.82187 0.05 0.0375
5 0.6 0.76094 0.04375 0.02813
5 0.51562 0.84531 0.05 0.03438
5 0.425 0.71875 0.05 0.0375
5 0.40781 0.7375 0.05313 0.03125
5 0.39219 0.75625 0.05938 0.0375
5 0.42188 0.65469 0.05 0.04063
6 0.38125 0.65156 0.0625 0.05312
5 0.33594 0.69531 0.04063 0.04062
5 0.37656 0.69375 0.04688 0.04375
5 0.2125 0.55469 0.05 0.04062
5 0.16719 0.59688 0.04062 0.04375
5 0.19062 0.8375 0.0375 0.03125
5 0.16719 0.81875 0.04062 0.03125
5 0.12656 0.79375 0.04688 0.04375
5 0.09687 0.77969 0.05 0.04063
5 0.06875 0.70156 0.04375 0.03438
5 0.01094 0.65312 0.02188 0.0375
5 0.09375 0.52188 0.05 0.05
5 0.00781 0.46094 0.01562 0.04063
5 0.00156 0.43125 0.00312 0.04375
11 0.1375 0.53125 0.10625 0.1
48 0.12188 0.27812 0.24375 0.26875
48 0.40312 0.30938 0.18125 0.125
48 0.25156 0.325 0.15937 0.1375
48 0.18438 0.40469 0.19375 0.14688
48 0.3125 0.425 0.25 0.225
48 0.40781 0.47812 0.25313 0.2375
48 0.57656 0.42656 0.14687 0.09063
48 0.50156 0.5375 0.25937 0.23125
48 0.65312 0.61719 0.34375 0.29062
5 0.975 0.56563 0.05 0.05625
48 0.89219 0.58438 0.15312 0.125
48 0.8 0.70781 0.25 0.24062
48 0.97031 0.65625 0.05937 0.075
48 0.88438 0.76875 0.23125 0.2375
48 0.93906 0.82031 0.12187 0.22188
48 0.97344 0.87812 0.05312 0.24375
48 0.64844 0.04688 0.25313 0.09375
48 0.83281 0.11562 0.24688 0.2
48 0.66094 0.20781 0.67812 0.41562
5 0.69844 0.97812 0.04063 0.025
5 0.62187 0.90625 0.05 0.04375
5 0.48281 0.71094 0.03437 0.05313
5 0.20625 0.11406 0.0625 0.04062
