5 0.5375 0.79375 0.08125 0.04375
48 0.06562 0.825 0.1 0.10625
48 0.08438 0.49062 0.15625 0.09375
48 0.64375 0.68281 0.1 0.08437
48 0.08594 0.97188 0.17188 0.05625
48 0.2875 0.5875 0.14375 0.13125
5 0.25625 0.68125 0.04375 0.03125
48 0.85 0.45469 0.175 0.15938
48 0.72812 0.22031 0.19375 0.11562
48 0.70312 0.04219 0.15625 0.08438
48 0.88906 0.58438 0.07812 0.1375
48 0.92344 0.15156 0.15312 0.10312
5 0.52188 0.50781 0.03125 0.05313
5 0.0125 0.09375 0.025 0.05625
48 0.71094 0.98906 0.12187 0.02187
48 0.93438 0.32344 0.13125 0.13438
5 0.57969 0.00469 0.02812 0.00938
48 0.29219 0.86875 0.20937 0.16875
48 0.04844 0.88437 0.09688 0.0875
48 0.3875 0.59688 0.0875 0.13125
48 0.40625 0.15781 0.18125 0.11562
48 0.81406 0.04219 0.10938 0.08438
48 0.23125 0.35625 0.11875 0.0625
5 0.25469 0.67813 0.04063 0.025
5 0.55625 0.18125 0.0375 0.0625
48 0.525 0.9125 0.15625 0.175
48 0.42031 0.87031 0.08438 0.15313
48 0.18438 0.52344 0.1125 0.08438
48 0.34062 0.48906 0.2 0.10937
48 0.63438 0.95625 0.125 0.0875
48 0.64062 0.57344 0.09375 0.12188
5 0.05312 0.10312 0.04375 0.05625
48 0.36406 0.00156 0.09687 0.00312
48 0.65156 0.37031 0.04688 0.04063
48 0.88906 0.05156 0.09062 0.10312
48 0.16562 0.05469 0.175 0.06562
48 0.65 0.42188 0.10625 0.075
48 0.93594 0.00469 0.12813 0.00938
48 0.80625 0.925 0.125 0.1125
48 0.34531 0.35156 0.16562 0.16563
48 0.21562 0.29844 0.13125 0.07187
48 0.74062 0.63281 0.16875 0.20312
48 0.22031 0.43281 0.10938 0.10938
48 0.15469 0.1375 0.12812 0.1125
48 0.37344 0.96875 0.11563 0.0625
48 0.16094 0.84062 0.11562 0.09375
48 0.4625 0.56406 0.08125 0.19687
48 0.35938 0.23125 0.1625 0.11875
48 0.70781 0.39062 0.07812 0.075
48 0.16719 0.60938 0.13438 0.1
5 0.05469 0.14688 0.04062 0.04375
48 0.24688 0.975 0.13125 0.05
48 0.95938 0.44219 0.08125 0.10938
48 0.73281 0.44219 0.07188 0.05938
48 0.66406 0.88438 0.17188 0.1125
48 0.95 0.5625 0.1 0.16875
48 0.92969 0.99062 0.14062 0.01875
48 0.00938 0.79062 0.01875 0.1125
48 0.13125 0.40312 0.175 0.08125
48 0.12188 0.225 0.125 0.10625
48 0.49687 0.15469 0.08125 0.09063
48 0.84844 0.66875 0.14687 0.24375
48 0.64219 0.49219 0.09688 0.09062
48 0.83438 0.3 0.11875 0.14375
6 0.30781 0.75625 0.07812 0.03125
48 0.93125 0.95 0.1375 0.1
48 0.47344 0.01719 0.16563 0.03438
48 0.96562 0.2375 0.06875 0.125
48 0.71094 0.11875 0.17813 0.1125
48 0.80625 0.98125 0.125 0.0375
48 0.94688 0.70625 0.10625 0.175
48 0.75781 0.50625 0.15312 0.09375
48 0.81406 0.12812 0.11562 0.10625
48 0.98125 0.00625 0.0375 0.0125
48 0.44844 0.42188 0.14063 0.06875
48 0.25156 0.12812 0.16562 0.1
48 0.38594 0.07031 0.27812 0.12812
48 0.95469 0.05781 0.09062 0.09688
48 0.45781 0.34062 0.14062 0.1125
48 0.22031 0.22344 0.17812 0.10938
48 0.89219 0.22344 0.10313 0.10313
48 0.08125 0.58906 0.14375 0.05312
48 0.69219 0.30312 0.22187 0.1125
