48 0.01406 0.02812 0.02812 0.05625
48 0.88281 0.45625 0.15938 0.10625
48 0.29531 0.41875 0.13438 0.19375
48 0.07344 0.02969 0.14688 0.05938
48 0.96406 0.78438 0.07188 0.13125
5 0.73906 0.34531 0.04063 0.00937
48 0.91719 0.54531 0.10938 0.07812
48 0.84375 0.37812 0.05 0.025
48 0.53125 0.47031 0.16875 0.19687
5 0.35625 0.29688 0.05 0.03125
48 0.15313 0.40469 0.1625 0.17813
48 0.65 0.06719 0.10625 0.13438
48 0.64375 0.73281 0.1125 0.23438
48 0.99688 0.09375 0.00625 0.1875
48 0.03594 0.36875 0.07187 0.0875
48 0.03594 0.61719 0.07187 0.23438
48 0.98438 0.50781 0.03125 0.18437
48 0.35156 0.66562 0.11562 0.20625
48 0.5 0.05938 0.14375 0.11875
48 0.875 0.73906 0.14375 0.24062
48 0.25156 0.04219 0.18438 0.08438
48 0.40781 0.45312 0.12188 0.18125
48 0.51562 0.64062 0.175 0.09375
48 0.75625 0.73281 0.13125 0.24062
48 0.2375 0.60469 0.13125 0.08437
49 0.76719 0.08438 0.19063 0.125
48 0.0375 0.4625 0.075 0.06875
48 0.9375 0.075 0.125 0.15
48 0.48281 0.72812 0.19688 0.1375
5 0.98906 0.6875 0.02187 0.0375
48 0.67031 0.47656 0.15938 0.19687
9 0.61875 0.88906 0.0625 0.02812
5 0.35781 0.09844 0.02188 0.04688
5 0.17031 0.19688 0.05313 0.025
5 0.69375 0.25313 0.05625 0.0125
5 0.37344 0.97656 0.05313 0.02812
5 0.40781 0.91562 0.05313 0.03125
5 0.99844 0.89062 0.00313 0.05
5 0.70938 0.94375 0.075 0.025
5 0.47344 0.82344 0.03437 0.03437
5 0.62969 0.19062 0.05312 0.01875
5 0.125 0.84688 0.0625 0.025
5 0.07187 0.83438 0.03125 0.03125
5 0.21719 0.2 0.05313 0.01875
5 0.26094 0.875 0.04688 0.01875
5 0.29375 0.14375 0.04375 0.025
5 0.76094 0.26406 0.05312 0.02813
5 0.9375 0.2125 0.05625 0.025
6 0.37188 0.86406 0.06875 0.02813
5 0.60156 0.9875 0.05313 0.01875
5 0.24219 0.99531 0.07812 0.00938
5 0.99688 0.29219 0.00625 0.02187
5 0.79688 0.90469 0.05625 0.02812
5 0.85156 0.95781 0.05313 0.03437
5 0.09687 0.19062 0.0625 0.025
5 0.45156 0.21875 0.05938 0.01875
5 0.00781 0.94844 0.01562 0.02813
5 0.8125 0.2125 0.0625 0.025
5 0.28906 0.20781 0.05937 0.02812
5 0.00156 0.74531 0.00312 0.03437
5 0.97031 0.34062 0.05312 0.025
5 0.51875 0.81406 0.04375 0.03438
5 0.17656 0.13594 0.05313 0.02812
5 0.06562 0.93125 0.06875 0.0375
5 0.525 0.88281 0.05625 0.02812
5 0.70312 0.19375 0.08125 0.03125
