5 0.38438 0.00312 0.04375 0.00625
5 0.39062 0.01562 0.0375 0.01875
5 0.40156 0.06719 0.04063 0.02188
5 0.41094 0.12031 0.04063 0.02188
5 0.41562 0.1375 0.0375 0.01875
5 0.41719 0.15313 0.04688 0.01875
5 0.42188 0.16875 0.04375 0.01875
5 0.43281 0.20781 0.04063 0.01562
5 0.43594 0.22344 0.04688 0.02188
5 0.43906 0.24062 0.04062 0.01875
5 0.44375 0.25625 0.04375 0.01875
5 0.44688 0.27344 0.0375 0.01562
5 0.45 0.29219 0.04375 0.02187
5 0.45469 0.30937 0.04062 0.01875
5 0.45938 0.32656 0.0375 0.01562
5 0.46094 0.34531 0.04688 0.02188
5 0.46719 0.36406 0.04062 0.02187
5 0.47031 0.38281 0.04688 0.02187
5 0.47812 0.4 0.04375 0.01875
5 0.47812 0.41562 0.04375 0.01875
5 0.48125 0.43594 0.04375 0.02188
5 0.48438 0.45156 0.04375 0.01562
5 0.49219 0.47031 0.04688 0.01562
5 0.49531 0.4875 0.04688 0.01875
5 0.5 0.50313 0.04375 0.01875
5 0.49844 0.52031 0.04688 0.02187
5 0.50625 0.54062 0.0375 0.01875
5 0.51094 0.55625 0.04063 0.01875
5 0.52031 0.57344 0.04063 0.02187
5 0.52344 0.60938 0.03438 0.01875
8 0.52188 0.59062 0.0375 0.01875
5 0.52812 0.62813 0.05 0.0125
5 0.52812 0.64375 0.04375 0.01875
5 0.5375 0.66406 0.0375 0.01562
5 0.54062 0.67812 0.0375 0.01875
5 0.54062 0.69531 0.04375 0.01562
5 0.54688 0.71406 0.0375 0.01562
5 0.55156 0.73125 0.04063 0.01875
5 0.55781 0.75 0.04063 0.01875
5 0.55937 0.76719 0.04375 0.02187
5 0.5625 0.78594 0.0375 0.01562
5 0.56406 0.80156 0.04063 0.02187
5 0.57344 0.82344 0.04063 0.02187
5 0.57656 0.84219 0.04063 0.01562
5 0.58125 0.85625 0.0375 0.01875
5 0.58125 0.875 0.0375 0.025
5 0.58594 0.89375 0.04688 0.01875
5 0.59062 0.90781 0.05 0.02187
5 0.59531 0.92656 0.04063 0.02187
5 0.6 0.94688 0.04375 0.01875
5 0.48438 0.01094 0.0375 0.02188
5 0.49062 0.03438 0.0375 0.01875
5 0.49844 0.06875 0.04688 0.025
5 0.54062 0.02812 0.04375 0.01875
5 0.54375 0.04531 0.0375 0.02188
5 0.54375 0.05938 0.05 0.01875
5 0.54688 0.07812 0.05 0.025
5 0.55313 0.09375 0.0375 0.0125
5 0.55781 0.10938 0.03437 0.01875
5 0.55937 0.12812 0.0375 0.01875
5 0.50469 0.11719 0.04687 0.02187
5 0.425 0.18906 0.0375 0.02188
5 0.50625 0.1375 0.05 0.025
5 0.5625 0.14688 0.04375 0.01875
5 0.52188 0.17188 0.04375 0.025
5 0.56563 0.16406 0.04375 0.02187
5 0.575 0.17969 0.04375 0.02187
5 0.57812 0.19844 0.0375 0.02188
5 0.53125 0.20625 0.04375 0.01875
5 0.52812 0.22656 0.04375 0.02187
5 0.58125 0.21562 0.04375 0.01875
5 0.53594 0.24219 0.04063 0.02187
5 0.58125 0.23438 0.04375 0.01875
5 0.58594 0.25 0.04688 0.01875
5 0.54062 0.25938 0.04375 0.01875
5 0.58594 0.26719 0.04688 0.02188
5 0.55 0.27812 0.0375 0.01875
5 0.55312 0.29219 0.05 0.01562
5 0.59688 0.28906 0.0375 0.01562
5 0.55312 0.31094 0.04375 0.02188
5 0.59531 0.30469 0.04688 0.02187
5 0.60469 0.325 0.05312 0.01875
5 0.55469 0.32969 0.04062 0.01562
5 0.55937 0.34844 0.0375 0.01562
5 0.60781 0.34219 0.04688 0.01562
5 0.6125 0.35938 0.04375 0.01875
5 0.5625 0.36562 0.04375 0.01875
5 0.57031 0.38594 0.04062 0.01562
5 0.6125 0.37656 0.04375 0.01562
5 0.61719 0.39375 0.04062 0.025
5 0.57188 0.40156 0.05 0.02187
5 0.57656 0.42031 0.04688 0.02188
5 0.625 0.4125 0.0375 0.01875
5 0.57812 0.4375 0.05 0.025
5 0.5875 0.45469 0.04375 0.01562
5 0.62656 0.43125 0.04063 0.025
5 0.63125 0.45 0.05 0.01875
5 0.59062 0.47344 0.04375 0.02187
5 0.63281 0.46719 0.04062 0.01562
5 0.59531 0.49219 0.03438 0.02188
5 0.63906 0.48438 0.04063 0.01875
5 0.6 0.50938 0.0375 0.01875
5 0.64531 0.5 0.05312 0.025
5 0.65 0.51562 0.04375 0.01875
5 0.60312 0.54219 0.04375 0.02187
5 0.65469 0.53438 0.04063 0.025
5 0.60781 0.5625 0.04063 0.01875
5 0.65938 0.55469 0.05 0.02188
5 0.61406 0.58281 0.04688 0.02187
5 0.66406 0.57188 0.04062 0.01875
5 0.66719 0.58906 0.04688 0.01562
5 0.67188 0.60312 0.04375 0.01875
5 0.625 0.61406 0.04375 0.01562
5 0.62187 0.62813 0.04375 0.0125
5 0.67656 0.62187 0.04688 0.025
5 0.62344 0.64688 0.04688 0.01875
5 0.62969 0.66406 0.04063 0.01562
5 0.63594 0.68281 0.04063 0.01562
5 0.68125 0.67344 0.04375 0.02187
5 0.63906 0.69687 0.04688 0.025
5 0.6875 0.69062 0.0375 0.01875
5 0.64219 0.71562 0.05312 0.01875
5 0.6875 0.71094 0.04375 0.01562
5 0.69375 0.72812 0.05 0.01875
5 0.65156 0.73594 0.04063 0.02187
5 0.65312 0.75156 0.05 0.01562
5 0.7 0.75938 0.04375 0.01875
5 0.65469 0.77188 0.04688 0.01875
5 0.66094 0.79219 0.03437 0.02187
5 0.70625 0.77969 0.0375 0.02812
5 0.7125 0.8 0.04375 0.01875
5 0.66562 0.81094 0.0375 0.02187
5 0.66875 0.82344 0.04375 0.02187
5 0.71562 0.81719 0.04375 0.02187
5 0.72344 0.83438 0.04063 0.01875
5 0.67188 0.84219 0.0375 0.01562
5 0.72656 0.85156 0.04688 0.02812
5 0.66875 0.85781 0.04375 0.02187
5 0.67344 0.87812 0.04688 0.01875
5 0.78438 0.00625 0.04375 0.0125
5 0.7875 0.01719 0.05 0.02188
5 0.7875 0.03594 0.04375 0.02188
5 0.79531 0.05781 0.04063 0.01562
5 0.81094 0.07344 0.04063 0.01562
5 0.79688 0.08906 0.0375 0.01562
5 0.80469 0.10781 0.04688 0.02187
5 0.8125 0.125 0.04375 0.01875
5 0.81562 0.14375 0.04375 0.01875
5 0.82187 0.1625 0.0375 0.01875
5 0.83125 0.17812 0.04375 0.025
5 0.83281 0.19688 0.04688 0.025
5 0.83594 0.21562 0.04062 0.01875
5 0.84688 0.22812 0.04375 0.01875
5 0.84844 0.24688 0.04063 0.01875
5 0.84844 0.26719 0.04688 0.01562
5 0.85156 0.28438 0.04062 0.01875
5 0.85 0.30156 0.05 0.02187
5 0.85625 0.32031 0.04375 0.02187
5 0.63906 0.00781 0.04063 0.01562
5 0.63594 0.02344 0.04063 0.02188
5 0.67656 0.00469 0.04063 0.00938
5 0.68438 0.01875 0.04375 0.01875
5 0.6875 0.03906 0.04375 0.02188
5 0.64062 0.04375 0.04375 0.01875
5 0.69062 0.05469 0.05 0.02188
5 0.65 0.07969 0.0375 0.01562
5 0.70156 0.07031 0.04063 0.02188
5 0.70312 0.0875 0.05 0.01875
5 0.65469 0.09844 0.03438 0.02188
5 0.71094 0.10469 0.04062 0.02188
5 0.65625 0.11406 0.04375 0.01562
5 0.70938 0.12188 0.04375 0.01875
5 0.66406 0.13281 0.04688 0.02187
5 0.7125 0.14375 0.04375 0.01875
5 0.71562 0.16094 0.0375 0.01562
5 0.67188 0.16406 0.04375 0.02187
5 0.72188 0.175 0.0375 0.01875
5 0.67344 0.18281 0.04063 0.02188
5 0.72031 0.19531 0.04063 0.01562
5 0.67188 0.20312 0.0375 0.025
5 0.72969 0.20938 0.04063 0.01875
5 0.72656 0.22656 0.03438 0.02187
5 0.68594 0.23594 0.04063 0.01562
5 0.73438 0.24531 0.05 0.01562
5 0.69062 0.25312 0.04375 0.01875
5 0.69687 0.27344 0.0375 0.01562
5 0.73594 0.26406 0.04688 0.02813
5 0.7 0.28906 0.05 0.02187
5 0.74375 0.28125 0.0375 0.01875
5 0.74531 0.29844 0.05312 0.02188
5 0.7 0.30625 0.04375 0.01875
5 0.75312 0.31719 0.05 0.02187
5 0.70156 0.325 0.04688 0.01875
5 0.71406 0.34062 0.04688 0.01875
5 0.75937 0.33594 0.05625 0.01562
5 0.7625 0.35156 0.05 0.02187
5 0.71875 0.37656 0.04375 0.02188
5 0.7625 0.37031 0.04375 0.01562
5 0.72344 0.39688 0.04688 0.01875
5 0.76875 0.38906 0.04375 0.02188
5 0.77188 0.40625 0.05 0.01875
5 0.725 0.41406 0.04375 0.01562
5 0.73125 0.43125 0.04375 0.01875
5 0.78125 0.42656 0.04375 0.01562
5 0.78125 0.44063 0.05 0.01875
5 0.73438 0.45 0.04375 0.01875
5 0.7375 0.46406 0.0375 0.02187
5 0.78281 0.45781 0.04688 0.02187
5 0.7875 0.47656 0.04375 0.01562
5 0.74219 0.48594 0.03438 0.02188
5 0.74688 0.50469 0.0375 0.01562
5 0.79375 0.49375 0.05 0.01875
5 0.75312 0.52031 0.0375 0.01562
5 0.80156 0.51406 0.05312 0.02187
5 0.76094 0.55313 0.04688 0.025
5 0.80312 0.52812 0.04375 0.01875
5 0.80781 0.54531 0.03437 0.02187
5 0.8125 0.56406 0.04375 0.02187
5 0.77031 0.58594 0.04688 0.02188
5 0.81562 0.58281 0.05 0.01562
5 0.82344 0.59844 0.04063 0.01562
5 0.77344 0.60469 0.05313 0.02187
5 0.82656 0.61406 0.04063 0.02187
5 0.82812 0.63438 0.04375 0.01875
5 0.77656 0.625 0.05312 0.025
5 0.77969 0.64375 0.04688 0.01875
5 0.83438 0.65156 0.04375 0.01562
5 0.78594 0.65938 0.05312 0.01875
5 0.83438 0.66875 0.04375 0.025
5 0.78438 0.67656 0.05 0.02187
5 0.79219 0.69375 0.04063 0.01875
5 0.84844 0.71875 0.04063 0.025
5 0.84219 0.68906 0.04688 0.02187
5 0.79062 0.70938 0.04375 0.01875
5 0.79688 0.72812 0.04375 0.01875
5 0.85312 0.73906 0.0375 0.02187
5 0.80625 0.74531 0.05 0.02813
5 0.86563 0.775 0.0375 0.025
5 0.80938 0.76406 0.04375 0.01562
5 0.81562 0.78281 0.0375 0.02187
5 0.86406 0.79375 0.04688 0.01875
5 0.81719 0.80625 0.04688 0.01875
5 0.86719 0.80938 0.05313 0.025
5 0.82656 0.82188 0.04688 0.01875
5 0.87188 0.82969 0.05 0.02187
5 0.82656 0.83906 0.04688 0.01562
5 0.87969 0.84844 0.04688 0.02187
5 0.83125 0.85469 0.04375 0.01562
5 0.90938 0.54531 0.04375 0.02187
5 0.91719 0.56875 0.04688 0.025
5 0.91719 0.58438 0.04688 0.01875
5 0.92344 0.60156 0.04063 0.01562
5 0.92656 0.61562 0.05312 0.01875
5 0.94375 0.63438 0.04375 0.01875
5 0.95156 0.65156 0.04063 0.01562
5 0.95781 0.66875 0.04063 0.01875
5 0.95156 0.6875 0.04063 0.01875
5 0.94688 0.70469 0.04375 0.01562
5 0.95469 0.72344 0.03438 0.02187
5 0.95625 0.73906 0.05 0.02187
5 0.96875 0.75781 0.05 0.02188
5 0.97188 0.775 0.05 0.025
5 0.97031 0.79688 0.03438 0.01875
5 0.96406 0.81406 0.04063 0.01562
5 0.75469 0.99062 0.04688 0.01875
5 0.70156 0.96406 0.04688 0.01562
5 0.75312 0.975 0.05 0.01875
5 0.7 0.98281 0.05 0.02187
5 0.84844 0.94219 0.04063 0.02187
5 0.85312 0.96094 0.04375 0.01562
5 0.86094 0.97656 0.04688 0.02188
5 0.86094 0.99375 0.04688 0.0125
5 0.90156 0.93594 0.04063 0.02187
5 0.90469 0.95156 0.04063 0.01562
5 0.90781 0.96875 0.04688 0.01875
5 0.91719 0.99688 0.04688 0.00625
5 0.99375 0.99844 0.0125 0.00313
6 0.99219 0.92188 0.01562 0.05625
