53 0.15469 0.93281 0.30938 0.12188
48 0.67031 0.14844 0.49062 0.29688
48 0.31094 0.99375 0.20312 0.0125
48 0.97188 0.52344 0.05625 0.35938
48 0.93594 0.68281 0.12813 0.12812
5 0.99688 0.44688 0.00625 0.04375
5 0.9875 0.45938 0.025 0.0375
5 0.97969 0.47656 0.02813 0.03438
5 0.95938 0.4875 0.04375 0.05
5 0.95156 0.49844 0.04063 0.03437
5 0.71562 0.47812 0.0375 0.03125
5 0.75312 0.49531 0.05625 0.03437
5 0.27344 0.90625 0.02187 0.04375
5 0.29844 0.90469 0.02188 0.04063
9 0.6625 0.25625 0.0625 0.0625
5 0.91406 0.37188 0.04688 0.0375
5 0.94062 0.3625 0.0375 0.0375
5 0.94531 0.12812 0.04062 0.04375
5 0.70938 0.20781 0.04375 0.04062
5 0.71875 0.23438 0.04375 0.0375
5 0.92969 0.58125 0.02812 0.03125
48 0.91094 0.25781 0.17812 0.22188
5 0.87812 0.62344 0.03125 0.02812
