48 0.35156 0.03594 0.09688 0.07187
5 0.625 0.05 0.025 0.05625
48 0.48281 0.04375 0.14062 0.0875
48 0.8125 0.03594 0.175 0.07187
48 0.73594 0.00781 0.06563 0.01562
5 0.2 0.09063 0.025 0.04375
5 0.2 0.32656 0.025 0.05313
48 0.81562 0.12344 0.175 0.09688
48 0.80938 0.22656 0.175 0.10938
48 0.4625 0.14219 0.0875 0.11562
48 0.31094 0.15625 0.20312 0.13125
48 0.47969 0.275 0.12188 0.11875
48 0.35469 0.28125 0.11562 0.11875
4 0.66562 0.19688 0.025 0.05625
48 0.80938 0.33281 0.1875 0.10313
48 0.35781 0.39531 0.11563 0.09063
48 0.50781 0.41406 0.19063 0.12813
5 0.28125 0.52812 0.04375 0.025
48 0.80469 0.44062 0.17813 0.09375
48 0.79688 0.54062 0.2 0.1
48 0.47812 0.54844 0.1375 0.12813
48 0.33125 0.55937 0.15 0.14375
48 0.30156 0.65781 0.07188 0.05937
48 0.79688 0.64688 0.16875 0.10625
48 0.80156 0.75625 0.15937 0.10625
48 0.69688 0.79062 0.05 0.04375
48 0.46406 0.68125 0.10938 0.11875
6 0.18594 0.76875 0.02188 0.06875
48 0.475 0.81875 0.125 0.1375
48 0.35312 0.8125 0.10625 0.125
48 0.25156 0.81875 0.09063 0.13125
48 0.79844 0.85625 0.16563 0.1
48 0.82031 0.95625 0.12187 0.0875
48 0.725 0.96562 0.06875 0.06875
48 0.46406 0.94219 0.11562 0.11562
48 0.35 0.94062 0.10625 0.11875
48 0.26719 0.925 0.07813 0.075
48 0.04688 0.96562 0.05 0.0625
48 0.04844 0.91875 0.04687 0.05
48 0.10156 0.93281 0.05938 0.07188
48 0.06875 0.83906 0.09375 0.09063
48 0.04531 0.64219 0.07812 0.05312
