48 0.00469 0.82969 0.00938 0.08437
48 0.53125 0.54219 0.125 0.12812
48 0.05469 0.34375 0.10938 0.11875
48 0.02812 0.51406 0.05625 0.09687
48 0.08125 0.44531 0.15625 0.15312
48 0.22188 0.35156 0.175 0.22188
48 0.07656 0.67344 0.15313 0.15938
48 0.26875 0.65938 0.225 0.25
48 0.0875 0.78125 0.175 0.10625
48 0.38906 0.54531 0.17813 0.10938
48 0.6875 0.6875 0.14375 0.19375
48 0.66562 0.54375 0.1625 0.125
5 0.3375 0.88594 0.0625 0.04063
5 0.37031 0.92656 0.03437 0.02187
5 0.37188 0.9625 0.03125 0.03125
5 0.24219 0.91875 0.02812 0.01875
5 0.47969 0.93906 0.02187 0.04688
5 0.45312 0.94062 0.01875 0.0375
5 0.50469 0.93906 0.02813 0.04688
5 0.52656 0.93438 0.01562 0.03125
9 0.4125 0.875 0.0875 0.03125
5 0.47969 0.73125 0.02813 0.01875
48 0.6875 0.81406 0.1 0.19688
48 0.9375 0.45 0.125 0.125
48 0.97031 0.3 0.05937 0.14375
48 0.925 0.0375 0.15 0.075
48 0.70625 0.04531 0.125 0.09062
5 0.58438 0.78281 0.04375 0.02812
5 0.56406 0.74063 0.04063 0.025
48 0.89844 0.76406 0.20312 0.08437
48 0.24531 0.20312 0.16562 0.1375
48 0.99375 0.90312 0.0125 0.16875
48 0.78438 0.98438 0.10625 0.03125
48 0.61875 0.025 0.1125 0.05
48 0.96719 0.07969 0.06563 0.13438
48 0.85781 0.60312 0.16563 0.2
48 0.08906 0.93906 0.15938 0.12187
48 0.79531 0.04219 0.12813 0.08438
48 0.20312 0.10312 0.1625 0.125
48 0.82656 0.14219 0.12187 0.10938
