48 0.90156 0.78594 0.19688 0.42812
48 0.36562 0.79688 0.73125 0.40625
48 0.0875 0.95625 0.175 0.0875
48 0.8625 0.52656 0.275 0.48438
48 0.93906 0.86719 0.12187 0.26562
48 0.03438 0.43281 0.0625 0.09063
48 0.02656 0.52969 0.05312 0.10938
48 0.27187 0.43125 0.1125 0.10625
48 0.3875 0.4 0.10625 0.09375
48 0.12812 0.44531 0.13125 0.11563
48 0.39844 0.26562 0.10938 0.0875
48 0.10625 0.12812 0.13125 0.1
48 0.64219 0.1875 0.11562 0.13125
48 0.29688 0.29219 0.1 0.11562
48 0.04688 0.32344 0.09375 0.11562
48 0.00469 0.01094 0.00938 0.02188
48 0.00312 0.16719 0.00625 0.15313
48 0.45781 0.15156 0.09687 0.09062
48 0.76719 0.01719 0.10313 0.03438
48 0.12812 0.00469 0.1625 0.00938
48 0.1375 0.04531 0.175 0.09062
48 0.26094 0.04531 0.08437 0.09062
48 0.00938 0.14062 0.01875 0.2625
48 0.175 0.29531 0.15 0.12188
48 0.24688 0.15469 0.33125 0.22812
48 0.53281 0.04375 0.33438 0.0875
48 0.76719 0.00156 0.10938 0.00312
48 0.91562 0.04062 0.16875 0.08125
48 0.93281 0.1 0.13438 0.13125
48 0.1125 0.51875 0.1375 0.08125
9 0.96094 0.71562 0.01562 0.025
9 0.98281 0.70469 0.02187 0.02812
