48 0.7125 0.80313 0.175 0.15
48 0.47344 0.72969 0.07812 0.08437
48 0.91719 0.78125 0.16563 0.13125
5 0.71406 0.88281 0.02187 0.03438
5 0.73438 0.89375 0.025 0.0375
5 0.75625 0.90312 0.03125 0.0375
5 0.77656 0.90781 0.03437 0.04063
53 0.74375 0.90312 0.1375 0.06875
5 0.51875 0.80156 0.03125 0.02813
48 0.57344 0.73594 0.13438 0.14687
5 0.50313 0.79062 0.03125 0.025
5 0.52812 0.825 0.03125 0.01875
5 0.54219 0.84219 0.04063 0.03438
5 0.42031 0.80312 0.03437 0.03125
5 0.76875 0.97969 0.0375 0.02187
5 0.80312 0.98906 0.03125 0.02187
5 0.52812 0.90625 0.0375 0.01875
5 0.8 0.91406 0.01875 0.03438
5 0.82187 0.92188 0.025 0.03125
5 0.84219 0.92812 0.02187 0.03125
5 0.83125 0.99531 0.03125 0.00938
5 0.36719 0.7875 0.02187 0.025
5 0.38125 0.78594 0.01875 0.02813
5 0.40312 0.79688 0.01875 0.025
5 0.18281 0.67656 0.04688 0.03437
5 0.21094 0.6375 0.03437 0.03125
5 0.30625 0.77344 0.025 0.02188
48 0.58438 0.24219 0.225 0.19062
48 0.61094 0.98906 0.32187 0.02187
48 0.9125 0.5 0.175 0.4
48 0.825 0.61094 0.16875 0.15312
48 0.87656 0.09844 0.24687 0.19688
48 0.40781 0.40469 0.39062 0.42188
48 0.32656 0.93594 0.38438 0.12813
48 0.96562 0.05312 0.06875 0.10625
48 0.7 0.70469 0.2375 0.20312
48 0.19688 0.48594 0.275 0.40938
