5 0.14531 0.05156 0.05313 0.02813
5 0.14219 0.07812 0.05313 0.025
5 0.12031 0.21094 0.04687 0.02813
5 0.18281 0.21875 0.05313 0.025
5 0.17969 0.1875 0.05938 0.0375
5 0.17969 0.16563 0.04688 0.025
5 0.18906 0.1375 0.05313 0.03125
5 0.18906 0.10938 0.05313 0.03125
5 0.19375 0.08438 0.04375 0.025
5 0.20312 0.0375 0.05 0.025
5 0.20625 0.01094 0.05625 0.02188
5 0.32188 0.10312 0.05 0.025
5 0.31875 0.12969 0.05625 0.02812
5 0.30156 0.23594 0.05938 0.02813
5 0.30312 0.21094 0.05625 0.02813
5 0.29531 0.28594 0.06562 0.03437
5 0.3375 0.32188 0.05625 0.03125
5 0.33594 0.34531 0.05312 0.02813
5 0.35312 0.22031 0.05 0.02813
5 0.36094 0.19844 0.05313 0.02812
5 0.31094 0.18125 0.05313 0.03125
5 0.375 0.12656 0.05625 0.02812
5 0.37969 0.09531 0.05312 0.02187
5 0.38438 0.07344 0.05 0.02812
5 0.32656 0.05156 0.05313 0.02188
5 0.33438 0.025 0.0625 0.03125
5 0.38906 0.02344 0.05938 0.02188
5 0.39375 0.00625 0.04375 0.0125
5 0.33906 0.00625 0.05312 0.0125
5 0.38594 0.04844 0.05312 0.03438
5 0.15937 0.31875 0.05 0.03125
5 0.15625 0.34531 0.05 0.02813
5 0.34688 0.27187 0.05 0.03125
5 0.35312 0.24375 0.05 0.03125
5 0.33281 0.36875 0.05312 0.03125
5 0.19688 0.06406 0.05 0.03438
5 0.3125 0.15625 0.05 0.0375
5 0.99531 0.3125 0.00938 0.05
5 0.99844 0.27031 0.00313 0.04688
5 0.99531 0.12969 0.00938 0.04062
5 0.99219 0.17344 0.01562 0.04688
5 0.98906 0.22031 0.02187 0.05313
5 0.98438 0.26562 0.03125 0.04375
5 0.97969 0.30781 0.03437 0.05312
5 0.97812 0.12812 0.03125 0.05
5 0.97188 0.17656 0.03125 0.05313
5 0.96406 0.21562 0.02813 0.04375
5 0.95938 0.25938 0.03125 0.05
5 0.95312 0.30469 0.025 0.05312
5 0.92969 0.25469 0.02812 0.05313
5 0.93906 0.20938 0.02812 0.04375
5 0.91094 0.20312 0.02813 0.04375
5 0.90625 0.24688 0.025 0.05
5 0.89844 0.28906 0.02188 0.04688
5 0.89375 0.33281 0.025 0.04063
5 0.87344 0.29219 0.02812 0.04688
5 0.88281 0.24688 0.02188 0.05
5 0.88437 0.20469 0.025 0.03437
5 0.89219 0.1625 0.02812 0.04375
5 0.89844 0.12031 0.02812 0.04687
5 0.85781 0.19844 0.02187 0.05313
5 0.85156 0.24375 0.02812 0.04375
5 0.84375 0.2875 0.025 0.05
5 0.83594 0.32812 0.02812 0.05
5 0.81094 0.32656 0.02812 0.04688
5 0.81719 0.27969 0.02813 0.04688
5 0.82344 0.23594 0.03437 0.04688
5 0.82969 0.19688 0.02812 0.05
5 0.83906 0.15469 0.02813 0.04688
5 0.84531 0.10312 0.03438 0.05625
5 0.80469 0.19531 0.02812 0.05312
5 0.75938 0.31875 0.03125 0.05
5 0.76562 0.275 0.03125 0.04375
5 0.77188 0.22812 0.025 0.05625
5 0.77656 0.18906 0.02813 0.04688
5 0.78594 0.14062 0.02813 0.04375
5 0.79219 0.1 0.02813 0.05
5 0.74844 0.225 0.02812 0.05625
5 0.75156 0.18281 0.02812 0.04688
5 0.75781 0.13906 0.02812 0.05312
5 0.76406 0.09063 0.02812 0.05
5 0.7375 0.08594 0.025 0.04688
5 0.73438 0.13594 0.03125 0.05313
5 0.72656 0.18125 0.02812 0.04375
5 0.72344 0.225 0.02813 0.04375
5 0.71562 0.27031 0.03125 0.04688
5 0.70625 0.31719 0.03125 0.05312
5 0.71406 0.08281 0.02187 0.05312
5 0.70781 0.12812 0.02813 0.04375
5 0.7 0.17344 0.03125 0.05313
5 0.69531 0.21406 0.03438 0.04688
5 0.6875 0.26406 0.03125 0.05313
5 0.66406 0.22031 0.02812 0.04688
5 0.63906 0.21562 0.03438 0.05
5 0.64531 0.17031 0.02813 0.05313
5 0.675 0.18125 0.03125 0.05
5 0.68281 0.12969 0.03437 0.05313
6 0.1375 0.5375 0.11875 0.05625
5 0.05156 0.09219 0.02813 0.02812
5 0.48438 0.02188 0.05 0.04375
5 0.49219 0.0125 0.05313 0.025
5 0.56406 0.00156 0.05312 0.00312
5 0.55625 0.01406 0.05625 0.02812
5 0.55625 0.03438 0.05625 0.03125
5 0.55 0.05781 0.05625 0.02812
5 0.54531 0.08125 0.05312 0.03125
5 0.54062 0.10469 0.04375 0.02812
5 0.53594 0.13125 0.05312 0.03125
5 0.53438 0.15781 0.05625 0.02813
5 0.52969 0.17969 0.05312 0.02813
5 0.52812 0.20625 0.05 0.03125
5 0.525 0.22812 0.05 0.03125
5 0.52031 0.25312 0.05312 0.03125
5 0.51406 0.27969 0.05313 0.03437
5 0.51094 0.30469 0.04688 0.03438
5 0.50625 0.32656 0.05 0.02813
5 0.50313 0.35 0.05 0.03125
5 0.62031 0.14375 0.02813 0.05625
5 0.68438 0.08281 0.03125 0.05312
5 0.42969 0.35781 0.04688 0.04062
5 0.4375 0.33594 0.0375 0.03438
5 0.44219 0.31562 0.05312 0.0375
5 0.44375 0.29063 0.05 0.0375
5 0.45469 0.23906 0.05313 0.04688
5 0.45469 0.2125 0.05313 0.0375
5 0.46562 0.19062 0.05 0.04375
5 0.48125 0.06875 0.05 0.04375
5 0.47344 0.08906 0.04063 0.03438
5 0.47656 0.11875 0.04688 0.0375
5 0.47656 0.14219 0.04688 0.03437
53 0.31719 0.20469 0.60938 0.40938
5 0.60469 0.00156 0.02187 0.00312
53 0.80938 0.21406 0.38125 0.42812
5 0.94219 0.65938 0.05312 0.03125
48 0.51562 0.97031 0.6375 0.05937
53 0.95781 0.975 0.08437 0.05
5 0.44688 0.26406 0.04375 0.04062
