5 0.61563 0.00156 0.06875 0.00312
5 0.67031 0.15156 0.06563 0.05313
5 0.725 0.11719 0.06875 0.04688
5 0.76406 0.1 0.06563 0.05625
48 0.07812 0.35781 0.15625 0.71562
9 0.1625 0.83281 0.08125 0.08437
48 0.90781 0.24375 0.18437 0.3375
48 0.72188 0.4 0.55625 0.3
48 0.23906 0.12031 0.25312 0.24062
48 0.275 0.21719 0.34375 0.25312
48 0.39062 0.32656 0.3125 0.25312
5 0.5125 0.54688 0.06875 0.05
5 0.56719 0.58438 0.06562 0.04375
48 0.07812 0.08281 0.15625 0.16562
48 0.93438 0.82812 0.13125 0.34375
48 0.60156 0.9375 0.79688 0.125
5 0.72188 0.00781 0.075 0.01562
5 0.63438 0.15313 0.04375 0.03125
