5 0.44531 0.98438 0.05312 0.03125
5 0.31875 0.97969 0.04375 0.02813
48 0.41406 0.01406 0.11562 0.02812
48 0.46406 0.44219 0.10938 0.15937
48 0.52812 0.99219 0.09375 0.01562
48 0.60312 0.98281 0.1 0.03438
48 0.75 0.9875 0.09375 0.025
48 0.99688 0.94062 0.00625 0.11875
48 0.06562 0.03438 0.13125 0.06875
48 0.0625 0.10156 0.125 0.09687
48 0.05625 0.17812 0.1125 0.1125
48 0.04531 0.26094 0.09062 0.09688
48 0.05469 0.33594 0.10938 0.10313
48 0.04531 0.42188 0.09062 0.1
48 0.05156 0.53125 0.10312 0.15625
48 0.23594 0.14062 0.11562 0.15
48 0.23594 0.03594 0.13437 0.07187
48 0.33281 0.11562 0.09687 0.16875
48 0.41406 0.11562 0.10313 0.1625
48 0.49375 0.00469 0.1 0.00938
48 0.47656 0.09219 0.07812 0.15313
48 0.53281 0.0875 0.09063 0.15625
48 0.59219 0.07812 0.10313 0.15625
48 0.65625 0.07031 0.08125 0.14062
48 0.70938 0.06719 0.08125 0.13438
48 0.775 0.05938 0.075 0.11875
48 0.82969 0.05312 0.07812 0.10625
48 0.89219 0.04531 0.07812 0.09062
48 0.95469 0.04062 0.09062 0.08125
48 0.99375 0.02656 0.0125 0.05312
48 0.26094 0.33125 0.20312 0.1875
50 0.32656 0.84062 0.19688 0.15625
48 0.26875 0.49062 0.1875 0.14375
48 0.95938 0.5625 0.08125 0.14375
48 0.89375 0.57344 0.1125 0.14687
48 0.8125 0.58594 0.1125 0.15312
48 0.73594 0.6 0.10313 0.15
48 0.65156 0.61094 0.10313 0.14062
48 0.56719 0.62031 0.09687 0.14687
48 0.49531 0.625 0.09687 0.11875
48 0.40938 0.6625 0.13125 0.16875
48 0.31562 0.68594 0.13125 0.16563
48 0.22031 0.72031 0.10938 0.12813
48 0.11094 0.73125 0.14062 0.15
48 0.04688 0.77969 0.09375 0.15938
48 0.00469 0.97031 0.00938 0.05937
48 0.0375 0.91406 0.075 0.17188
48 0.06875 0.84219 0.08125 0.08437
48 0.08281 0.92969 0.08438 0.12187
48 0.1375 0.8875 0.1 0.19375
48 0.18438 0.81406 0.08125 0.10313
48 0.2 0.89062 0.075 0.08125
48 0.20781 0.93594 0.07187 0.07188
48 0.49219 0.75781 0.15938 0.09688
48 0.53906 0.84688 0.22812 0.15
48 0.58438 0.75 0.0875 0.13125
48 0.65312 0.79219 0.10625 0.22813
48 0.71562 0.79531 0.09375 0.17188
48 0.77344 0.77031 0.10938 0.22813
48 0.82812 0.75156 0.10625 0.22813
48 0.88594 0.74219 0.10938 0.21562
48 0.94844 0.72969 0.10313 0.20937
48 0.975 0.71719 0.05 0.21562
48 0.82031 0.95781 0.12187 0.08437
48 0.89531 0.95312 0.11562 0.09375
48 0.95781 0.94844 0.08437 0.10313
48 0.67656 0.97344 0.10938 0.05312
48 0.45625 0.99531 0.1125 0.00938
48 0.37656 0.32188 0.07812 0.1125
48 0.43594 0.3 0.09063 0.15
48 0.49531 0.28906 0.08437 0.15938
48 0.58438 0.28438 0.15625 0.1625
48 0.67344 0.25938 0.09688 0.1875
48 0.73438 0.25156 0.0875 0.16562
48 0.79062 0.23281 0.09375 0.17187
48 0.84531 0.22969 0.09062 0.16562
5 0.76875 0.14844 0.05 0.02813
48 0.9125 0.22031 0.09375 0.17188
48 0.96406 0.20312 0.07188 0.15625
48 0.99219 0.19375 0.01562 0.15625
48 0.53906 0.37969 0.07187 0.04063
48 0.54844 0.43125 0.07812 0.06875
48 0.55469 0.48281 0.07812 0.05313
48 0.625 0.3625 0.0625 0.05625
48 0.61875 0.42344 0.075 0.06562
48 0.63594 0.47031 0.09063 0.05313
48 0.70312 0.39375 0.08125 0.1
48 0.71562 0.46094 0.06875 0.04063
48 0.76875 0.34219 0.08125 0.04062
48 0.78125 0.39062 0.075 0.075
48 0.79062 0.44531 0.08125 0.04063
48 0.85469 0.375 0.06562 0.0625
48 0.86563 0.43594 0.06875 0.05313
48 0.90625 0.35938 0.0625 0.075
48 0.96094 0.40938 0.07812 0.04375
48 0.96875 0.3375 0.0625 0.10625
48 0.99844 0.34375 0.00313 0.06875
48 0.99844 0.29219 0.00313 0.04688
48 0.33281 0.01406 0.09687 0.02812
