48 0.07187 0.44375 0.14375 0.2125
48 0.05312 0.84375 0.10625 0.20625
48 0.06719 0.9625 0.13438 0.075
48 0.05156 0.22188 0.10312 0.1625
48 0.30469 0.91875 0.15312 0.1625
48 0.00781 0.4625 0.01562 0.2125
48 0.09687 0.61875 0.15625 0.16875
48 0.16094 0.83281 0.14688 0.19688
48 0.22656 0.57656 0.17812 0.19688
48 0.17812 0.96094 0.15 0.07812
48 0.01406 0.62969 0.02812 0.16563
48 0.10938 0.07031 0.16875 0.14062
48 0.0375 0.09844 0.075 0.19688
5 0.02188 0.32656 0.04375 0.02188
5 0.99844 0.16094 0.00313 0.03438
48 0.75781 0.94219 0.15938 0.11562
48 0.80312 0.62656 0.39375 0.44063
48 0.78906 0.35469 0.42188 0.22812
5 0.54531 0.4625 0.04063 0.05625
5 0.55312 0.50781 0.03125 0.04062
5 0.62656 0.9625 0.02187 0.04375
5 0.50313 0.23594 0.03125 0.04688
48 0.9375 0.12031 0.125 0.09688
48 0.83125 0.06562 0.1125 0.11875
48 0.35625 0.15 0.05625 0.125
48 0.29375 0.125 0.0875 0.05625
48 0.17031 0.20781 0.05938 0.07187
48 0.28281 0.03438 0.10938 0.06875
48 0.29063 0.19219 0.09375 0.07187
5 0.40781 0.11562 0.03437 0.0625
5 0.31094 0.23438 0.06562 0.03125
5 0.52344 0.33281 0.04062 0.05312
5 0.51094 0.28438 0.04063 0.05625
51 0.07812 0.07812 0.15625 0.15625
5 0.425 0.16719 0.0375 0.05313
5 0.31875 0.2875 0.0625 0.03125
5 0.56094 0.60156 0.05312 0.06563
5 0.44063 0.31094 0.05 0.04688
5 0.54219 0.94687 0.05312 0.06875
5 0.52812 0.39844 0.05625 0.05312
5 0.97656 0.01562 0.04688 0.03125
5 0.53594 0.89844 0.04688 0.05937
5 0.475 0.51094 0.05625 0.07188
5 0.57656 0.6875 0.03438 0.04375
5 0.575 0.84219 0.0375 0.06563
5 0.45781 0.41562 0.03437 0.05625
5 0.47188 0.46875 0.05625 0.05
5 0.55469 0.54688 0.05937 0.05625
5 0.16562 0.25156 0.08125 0.05313
5 0.51406 0.75312 0.04688 0.05
5 0.59531 0.75469 0.03438 0.05938
5 0.52969 0.83594 0.04688 0.05313
5 0.62187 0.90469 0.04375 0.06563
5 0.49375 0.17656 0.0375 0.04062
5 0.50625 0.68906 0.0375 0.05312
5 0.60312 0.80156 0.03125 0.04063
5 0.23594 0.24844 0.05313 0.03437
5 0.61719 0.85469 0.04062 0.05938
