5 0.27812 0.92656 0.04375 0.04063
5 0.23594 0.72344 0.05313 0.05312
5 0.45 0.99688 0.05 0.00625
8 0.13438 0.76406 0.05 0.04063
5 0.18125 0.74219 0.04375 0.04688
5 0.44219 0.47344 0.05312 0.05312
5 0.53906 0.59062 0.04688 0.05
8 0.525 0.54375 0.04375 0.0625
5 0.48281 0.50625 0.04688 0.04375
5 0.49844 0.52656 0.04063 0.04063
5 0.05938 0.12656 0.0375 0.03437
48 0.45156 0.15937 0.12812 0.1375
48 0.27187 0.24062 0.2625 0.2125
48 0.04688 0.07344 0.09375 0.14688
48 0.73438 0.00156 0.24375 0.00312
48 0.00312 0.01094 0.00625 0.02188
48 0.98438 0.32188 0.03125 0.20625
48 0.91094 0.84531 0.17812 0.20312
48 0.57031 0.975 0.18437 0.05
48 0.0125 0.78438 0.025 0.20625
48 0.11562 0.93125 0.1875 0.1375
48 0.25312 0.98594 0.2375 0.02812
48 0.03594 0.99219 0.07187 0.01562
5 0.88906 0.20937 0.05937 0.06875
48 0.72969 0.92031 0.29688 0.15938
