56 0.20937 0.81719 0.1875 0.22813
56 0.30938 0.75938 0.18125 0.21875
56 0.40938 0.70781 0.175 0.19688
56 0.51875 0.64688 0.18125 0.2
56 0.62969 0.62031 0.16563 0.22187
56 0.43281 0.95781 0.16563 0.08437
56 0.5375 0.93281 0.175 0.13438
56 0.65156 0.91719 0.15937 0.16563
56 0.85625 0.81719 0.1625 0.22187
56 0.94062 0.77344 0.11875 0.20938
56 0.99219 0.71719 0.01562 0.22188
56 0.84062 0.49688 0.175 0.2125
56 0.92812 0.45 0.14375 0.21875
56 0.9875 0.38906 0.025 0.22813
56 0.08281 0.62344 0.16562 0.17812
56 0.19844 0.58906 0.17812 0.19062
56 0.31719 0.51562 0.18438 0.2125
56 0.425 0.4625 0.1875 0.2
56 0.52188 0.4125 0.175 0.2125
56 0.63594 0.36094 0.17188 0.21562
56 0.72969 0.30625 0.18438 0.21875
56 0.84062 0.24531 0.14375 0.19062
56 0.08125 0.33125 0.1625 0.21875
56 0.20156 0.275 0.19688 0.2375
56 0.3 0.20938 0.1875 0.20625
56 0.40312 0.16094 0.18125 0.22188
56 0.51406 0.11719 0.19688 0.22188
56 0.62031 0.08438 0.19062 0.16875
56 0.73438 0.0625 0.1375 0.125
11 0.1125 0.02656 0.16875 0.05312
38 0.85938 0.05469 0.20625 0.10938
38 0.93125 0.1625 0.1375 0.30625
38 0.74688 0.56406 0.1875 0.29062
38 0.74375 0.84219 0.2 0.30312
