5 0.05 0.37188 0.05 0.03125
5 0.10625 0.40625 0.05625 0.0375
5 0.05312 0.9 0.04375 0.03125
5 0.20312 0.74688 0.05 0.03125
5 0.3 0.95469 0.05 0.04063
5 0.38438 0.61406 0.05 0.03437
5 0.46562 0.66562 0.0375 0.0375
5 0.52031 0.58906 0.04063 0.03437
5 0.64375 0.70781 0.04375 0.04063
5 0.61562 0.6 0.04375 0.03125
5 0.70312 0.525 0.05 0.03125
5 0.79219 0.55781 0.04063 0.02813
5 0.99688 0.57031 0.00625 0.04062
5 0.9125 0.41719 0.05 0.03437
5 0.67188 0.72344 0.04375 0.04688
48 0.18594 0.25781 0.18438 0.10938
10 0.79531 0.04062 0.07188 0.06875
10 0.76719 0.05156 0.06563 0.05938
10 0.73594 0.07031 0.07188 0.05938
10 0.74531 0.00469 0.07188 0.00938
10 0.72031 0.01719 0.08437 0.03438
10 0.67812 0.01562 0.09375 0.03125
10 0.66406 0.03281 0.10938 0.05938
10 0.54375 0.00938 0.03125 0.01875
10 0.60469 0.01875 0.04063 0.0375
48 0.37812 0.03906 0.6 0.07812
