48 0.29844 0.10469 0.36562 0.20938
48 0.70625 0.95625 0.3125 0.0875
48 0.72344 0.64062 0.10938 0.1125
48 0.7875 0.60312 0.1 0.08125
48 0.60781 0.23125 0.09688 0.13125
48 0.64688 0.35938 0.1 0.2125
48 0.72344 0.87812 0.24688 0.2125
5 0.84531 0.87344 0.03438 0.02812
11 0.95938 0.58906 0.06875 0.17812
48 0.96719 0.23125 0.06563 0.05625
52 0.74844 0.075 0.50313 0.15
48 0.04219 0.37656 0.08438 0.75312
48 0.34688 0.63125 0.69375 0.7375
48 0.03438 0.87656 0.06875 0.24687
48 0.37344 0.925 0.26562 0.15
48 0.20312 0.98438 0.25625 0.03125
9 0.1625 0.21094 0.05625 0.09062
11 0.20781 0.17031 0.07812 0.14687
11 0.25469 0.15469 0.07812 0.12812
5 0.92812 0.64688 0.01875 0.05625
