48 0.62969 0.74219 0.12812 0.09688
48 0.76562 0.78906 0.1125 0.09688
48 0.87031 0.49688 0.08437 0.1
48 0.6875 0.53594 0.125 0.15313
48 0.82969 0.71094 0.05312 0.05313
48 0.70781 0.64688 0.16563 0.13125
48 0.99844 0.53906 0.00313 0.36562
48 0.12344 0.0125 0.24688 0.025
48 0.33438 0.07031 0.325 0.14062
48 0.97344 0.00625 0.05312 0.0125
48 0.9625 0.08906 0.075 0.17812
5 0.55156 0.22188 0.04688 0.0375
48 0.67812 0.08438 0.2375 0.16875
48 0.79531 0.12812 0.11562 0.11875
5 0.44844 0.2875 0.02813 0.04375
48 0.53906 0.31719 0.18437 0.17812
48 0.68594 0.28906 0.23438 0.30312
48 0.38438 0.48906 0.09375 0.11562
48 0.31875 0.60625 0.1125 0.1125
5 0.18438 0.67656 0.03125 0.05312
16 0.9375 0.51562 0.05625 0.11875
