48 0.94688 0.7875 0.10625 0.1125
48 0.66875 0.68906 0.1875 0.19063
48 0.2 0.26719 0.1625 0.16562
48 0.95312 0.64375 0.09375 0.175
48 0.98906 0.80781 0.02187 0.07188
48 0.04688 0.73281 0.09375 0.07812
48 0.87188 0.69844 0.0875 0.26562
48 0.99375 0.74219 0.0125 0.04688
48 0.77344 0.8625 0.11563 0.125
48 0.18906 0.39688 0.14063 0.13125
48 0.40781 0.57344 0.10312 0.11562
48 0.35938 0.91094 0.1625 0.11562
48 0.0625 0.96562 0.04375 0.06875
48 0.51406 0.81562 0.05313 0.0625
48 0.60781 0.83906 0.09688 0.09063
48 0.86406 0.85938 0.05938 0.05625
48 0.9625 0.975 0.075 0.04375
48 0.92969 0.90938 0.09688 0.125
48 0.37812 0.69219 0.1 0.09687
48 0.19375 0.76562 0.03125 0.0625
48 0.04688 0.66406 0.09375 0.06563
48 0.05625 0.59531 0.1125 0.09062
48 0.65312 0.10156 0.075 0.05312
48 0.79531 0.65 0.08437 0.1875
48 0.16875 0.48594 0.13125 0.09688
48 0.49844 0.675 0.06562 0.06875
