5 0.89844 0.6125 0.02188 0.0375
5 0.56406 0.77344 0.02187 0.03438
5 0.28594 0.41875 0.02813 0.0375
5 0.34062 0.44219 0.025 0.02813
5 0.33125 0.47031 0.025 0.02813
48 0.15 0.99844 0.0625 0.00313
48 0.05 0.62656 0.1 0.11562
48 0.1625 0.46094 0.1125 0.12813
5 0.3 0.52188 0.03125 0.0375
48 0.25938 0.99844 0.075 0.00313
48 0.03438 0.77812 0.05625 0.06875
48 0.04844 0.35938 0.08438 0.06875
48 0.00469 0.28281 0.00938 0.06562
48 0.25781 0.97969 0.07188 0.04063
48 0.19531 0.97969 0.07188 0.04063
48 0.13906 0.96719 0.05312 0.05312
48 0.12344 0.90625 0.02187 0.0375
48 0.075 0.48438 0.08125 0.20625
48 0.25 0.29688 0.20625 0.2125
48 0.71719 0.15469 0.26562 0.30938
5 0.6125 0.6625 0.025 0.0375
5 0.63594 0.66719 0.02187 0.04063
5 0.65312 0.67344 0.01875 0.03438
5 0.59688 0.65 0.03125 0.0375
5 0.60156 0.79531 0.04062 0.02187
51 0.64844 0.80781 0.19687 0.25312
5 0.65625 0.92031 0.04375 0.02812
5 0.71875 0.89531 0.05 0.03437
8 0.325 0.52656 0.025 0.03437
5 0.2625 0.41406 0.025 0.04063
5 0.42344 0.56563 0.01562 0.03125
48 0.05 0.94844 0.0875 0.10313
48 0.14375 0.58125 0.08125 0.15625
48 0.01094 0.19688 0.02188 0.125
5 0.88281 0.73594 0.02188 0.02187
5 0.56875 0.86875 0.0375 0.01875
48 0.3125 0.75 0.29375 0.44375
5 0.57656 0.72344 0.03438 0.04688
5 0.22344 0.47188 0.02812 0.025
48 0.025 0.71719 0.05 0.09688
48 0.05156 0.85625 0.10312 0.13125
48 0.72812 0.52188 0.24375 0.19375
48 0.01094 0.94844 0.02188 0.10313
5 0.22969 0.63594 0.02812 0.03437
5 0.25781 0.5875 0.01562 0.03125
5 0.24219 0.61094 0.02187 0.04063
48 0.50469 0.4625 0.28438 0.20625
48 0.03594 0.2 0.07187 0.1375
5 0.20156 0.72969 0.03437 0.04688
48 0.06094 0.28125 0.12188 0.11875
5 0.225 0.67344 0.025 0.02812
5 0.19219 0.775 0.02188 0.03125
