48 0.74688 0.09375 0.19375 0.16875
48 0.58281 0.08438 0.03437 0.05625
5 0.82812 0.30625 0.025 0.04375
5 0.79688 0.28281 0.01875 0.04688
5 0.77656 0.2875 0.02187 0.05625
5 0.74844 0.35938 0.04688 0.025
5 0.74688 0.3875 0.05 0.025
5 0.75 0.41875 0.05 0.025
5 0.69062 0.44063 0.025 0.05
5 0.74844 0.32031 0.02187 0.04688
5 0.72656 0.32344 0.02188 0.04688
5 0.7375 0.27344 0.025 0.05312
5 0.70469 0.27187 0.02187 0.04375
5 0.70312 0.32188 0.025 0.05
5 0.70312 0.37188 0.025 0.05625
5 0.65 0.33281 0.0375 0.02187
5 0.67656 0.33125 0.02187 0.0375
5 0.64531 0.35625 0.05312 0.025
5 0.65781 0.39062 0.02812 0.05
5 0.6625 0.43281 0.025 0.04688
5 0.64062 0.3875 0.01875 0.04375
5 0.63906 0.43438 0.02187 0.05625
48 0.53125 0.30625 0.13125 0.08125
56 0.09687 0.38281 0.15625 0.25313
5 0.03438 0.80469 0.01875 0.04062
5 0.54844 0.22344 0.02812 0.02188
5 0.54688 0.20469 0.0375 0.02188
57 0.08438 0.92188 0.075 0.04375
57 0.07656 0.96562 0.07812 0.0375
56 0.78125 0.61094 0.175 0.50313
5 0.54688 0.24219 0.025 0.01562
