48 0.3125 0.65938 0.15625 0.11875
48 0.35625 0.59375 0.14375 0.125
48 0.20156 0.53906 0.19688 0.15312
13 0.01094 0.32969 0.02188 0.08438
48 0.18281 0.10469 0.36562 0.20938
48 0.57344 0.325 0.10313 0.0875
13 0.53438 0.43594 0.2125 0.17813
48 0.71875 0.54531 0.075 0.06563
48 0.77812 0.43125 0.13125 0.13125
48 0.59844 0.56406 0.10938 0.12187
48 0.6375 0.57969 0.11875 0.10938
48 0.99219 0.17969 0.01562 0.11562
48 0.87031 0.94375 0.25938 0.1125
48 0.94688 0.92031 0.10625 0.15938
48 0.99688 0.85781 0.00625 0.28438
48 0.94375 0.58438 0.1125 0.2
48 0.88906 0.7 0.22188 0.1875
5 0.38438 0.53281 0.05 0.03438
5 0.41094 0.50156 0.04688 0.04062
48 0.25 0.27031 0.5 0.52188
5 0.17656 0.73594 0.06563 0.04688
