48 0.44844 0.99219 0.17188 0.01562
48 0.65156 0.70312 0.12812 0.11875
48 0.49219 0.8375 0.10312 0.11875
48 0.77188 0.49062 0.125 0.10625
48 0.82344 0.43438 0.13438 0.1
48 0.94375 0.22344 0.1125 0.17812
48 0.63594 0.53281 0.13438 0.10938
48 0.6125 0.60938 0.11875 0.1
48 0.74531 0.57656 0.12812 0.10313
5 0.61406 0.44219 0.02187 0.02813
5 0.52969 0.76875 0.04063 0.025
5 0.54531 0.74531 0.04063 0.03437
5 0.52344 0.78438 0.04062 0.03125
5 0.42344 0.8125 0.03437 0.01875
5 0.36562 0.85781 0.03125 0.01562
5 0.375 0.90312 0.03125 0.0125
5 0.57188 0.68906 0.05 0.03438
48 0.53281 0.91562 0.27812 0.16875
48 0.77344 0.90469 0.27188 0.19063
5 0.5375 0.54219 0.025 0.02187
48 0.00469 0.15 0.00938 0.23125
48 0.875 0.8125 0.2375 0.24375
48 0.06094 0.29063 0.12188 0.31875
48 0.03281 0.03906 0.06562 0.07812
5 0.57344 0.66094 0.05312 0.03437
5 0.7625 0.1875 0.03125 0.01875
5 0.38281 0.66406 0.02187 0.04062
