5 0.11875 0.00781 0.03125 0.01562
5 0.14688 0.06719 0.03125 0.04062
5 0.17344 0.10938 0.04062 0.04375
5 0.20938 0.29531 0.0625 0.02813
5 0.18281 0.53281 0.04688 0.02812
5 0.01562 0.60469 0.03125 0.02813
5 0.01719 0.31875 0.03438 0.01875
5 0.19375 0.25156 0.025 0.02813
5 0.41562 0.18438 0.04375 0.01875
5 0.49531 0.1375 0.05312 0.03125
5 0.64219 0.1625 0.04688 0.025
5 0.56719 0.16094 0.04063 0.02188
5 0.56563 0.1125 0.05625 0.03125
5 0.8875 0.06562 0.05 0.03125
5 0.60781 0.44688 0.05937 0.03125
5 0.50156 0.48281 0.05938 0.03437
48 0.27656 0.09844 0.41562 0.19688
