56 0.41562 0.05469 0.83125 0.10938
48 0.56875 0.43281 0.26875 0.14063
5 0.3125 0.97656 0.0625 0.04062
5 0.13438 0.92656 0.05625 0.04063
5 0.27344 0.76719 0.06563 0.04063
48 0.7875 0.51719 0.16875 0.07812
11 0.83125 0.80156 0.1875 0.11562
5 0.14844 0.08281 0.05312 0.02812
5 0.1875 0.20156 0.04375 0.04062
5 0.50156 0.22031 0.03438 0.05938
5 0.02188 0.8 0.04375 0.05625
5 0.17344 0.15781 0.06562 0.04062
5 0.11406 0.875 0.05937 0.05
5 0.15156 0.01875 0.05313 0.01875
5 0.475 0.23281 0.0375 0.07187
5 0.19844 0.22344 0.05937 0.04062
5 0.18906 0.68281 0.05938 0.05312
5 0.63594 0.31875 0.02813 0.04375
5 0.625 0.93281 0.05625 0.04063
5 0.19688 0.87656 0.06875 0.04688
5 0.15 0.04688 0.05625 0.025
5 0.27969 0.20937 0.04062 0.025
5 0.55312 0.33438 0.03125 0.05
5 0.6625 0.25469 0.05 0.02812
5 0.48906 0.8375 0.06562 0.0375
5 0.09844 0.75469 0.04688 0.03437
5 0.64062 0.14844 0.03125 0.05938
5 0.73438 0.99219 0.05 0.01562
5 0.45 0.06094 0.03125 0.04688
5 0.45156 0.25156 0.04688 0.05313
5 0.58281 0.975 0.06562 0.0375
5 0.425 0.26094 0.04375 0.04688
5 0.40156 0.06875 0.03437 0.04375
5 0.18594 0.98594 0.05313 0.02812
