5 0.46875 0.18594 0.04375 0.04062
5 0.57031 0.10625 0.04688 0.0375
5 0.55469 0.26094 0.04688 0.04062
5 0.2875 0.30469 0.04375 0.03438
5 0.03906 0.3375 0.05313 0.03125
5 0.33594 0.57656 0.03438 0.04688
5 0.49844 0.8125 0.03437 0.0375
5 0.45 0.62344 0.03125 0.04688
5 0.72344 0.79375 0.03437 0.03125
5 0.7375 0.81562 0.04375 0.025
5 0.6 0.77969 0.05 0.02812
5 0.56094 0.70156 0.05937 0.02812
5 0.54062 0.66094 0.04375 0.03437
5 0.39531 0.70156 0.02187 0.02812
5 0.5375 0.81875 0.03125 0.04375
5 0.40938 0.73906 0.03125 0.04063
5 0.42656 0.77969 0.02813 0.04063
5 0.45938 0.84531 0.025 0.03438
5 0.47969 0.68594 0.03437 0.04688
5 0.49687 0.725 0.03125 0.05
5 0.5125 0.76406 0.03125 0.03438
5 0.5625 0.86406 0.03125 0.04688
5 0.58438 0.91094 0.03125 0.04063
5 0.50781 0.94844 0.02812 0.04688
5 0.48594 0.90469 0.03438 0.04063
5 0.62031 0.82344 0.04688 0.03437
5 0.57812 0.44375 0.03125 0.05
5 0.49062 0.47188 0.0375 0.04375
53 0.51719 0.46719 0.13437 0.09062
5 0.75469 0.86406 0.04063 0.02187
5 0.74062 0.84219 0.04375 0.02812
53 0.60469 0.71875 0.12188 0.225
53 0.71562 0.82656 0.11875 0.12187
48 0.6375 0.86406 0.0625 0.05938
48 0.65156 0.90469 0.07188 0.05312
48 0.84688 0.62656 0.30625 0.47812
48 0.82656 0.94219 0.34688 0.11562
48 0.84219 0.17031 0.17812 0.12188
