5 0.0125 0.04688 0.025 0.05
48 0.225 0.02188 0.13125 0.04375
48 0.41406 0.01875 0.09062 0.0375
48 0.475 0.02031 0.0375 0.04062
48 0.18125 0.10781 0.18125 0.14062
48 0.16562 0.24844 0.15 0.10312
48 0.28281 0.24375 0.09063 0.1375
48 0.40469 0.05469 0.05938 0.02813
48 0.43437 0.10469 0.10625 0.07187
48 0.525 0.09531 0.06875 0.10938
48 0.54688 0.23438 0.1125 0.15625
48 0.42969 0.26875 0.12813 0.09375
48 0.45938 0.17812 0.05625 0.0875
5 0.30625 0.40781 0.05 0.02188
5 0.25 0.40938 0.0625 0.025
48 0.63281 0.00781 0.04688 0.01562
48 0.66562 0.04844 0.1125 0.07812
48 0.51875 0.02344 0.05 0.04062
48 0.98281 0.16562 0.03438 0.03125
48 0.97656 0.23281 0.04688 0.10312
48 0.89844 0.10312 0.10938 0.20625
48 0.78438 0.11406 0.11875 0.07813
48 0.77188 0.21094 0.1 0.12187
48 0.675 0.2 0.10625 0.16875
48 0.62344 0.2875 0.03438 0.05625
48 0.36094 0.16094 0.04062 0.03438
48 0.89844 0.2875 0.11563 0.04375
48 0.18594 0.47969 0.10938 0.08437
48 0.27969 0.50625 0.09687 0.1125
48 0.425 0.51875 0.1125 0.11875
48 0.53594 0.51406 0.11562 0.11563
48 0.63281 0.50469 0.07187 0.10937
48 0.16406 0.59531 0.14687 0.11562
48 0.28125 0.575 0.0875 0.03125
48 0.34844 0.62656 0.05312 0.07812
48 0.16406 0.68906 0.15313 0.06563
48 0.17188 0.73906 0.09375 0.02813
48 0.25156 0.74219 0.07813 0.04688
48 0.15937 0.78438 0.14375 0.0625
48 0.27656 0.7875 0.09688 0.05625
48 0.19688 0.85156 0.10625 0.06563
48 0.26406 0.85469 0.04062 0.06562
48 0.19375 0.95312 0.2 0.09375
48 0.33594 0.94844 0.07812 0.07812
48 0.53125 0.9 0.05625 0.075
48 0.69687 0.86719 0.05625 0.10938
48 0.77969 0.91875 0.12187 0.1
48 0.55781 0.98438 0.07812 0.03125
48 0.65469 0.99688 0.11562 0.00625
48 0.78594 0.9875 0.09687 0.025
48 0.975 0.98906 0.05 0.02187
48 0.76719 0.54531 0.09062 0.17813
48 0.82188 0.54062 0.04375 0.1125
48 0.88594 0.52031 0.08437 0.12188
48 0.94687 0.52188 0.0375 0.11875
48 0.98281 0.51875 0.03438 0.11875
48 0.97656 0.62031 0.04688 0.07812
