5 0.24531 0.89688 0.06563 0.03125
48 0.04375 0.95 0.0875 0.1
48 0.14375 0.9625 0.10625 0.075
48 0.2375 0.98125 0.15 0.0375
48 0.35625 0.98125 0.15625 0.0375
48 0.46094 0.99844 0.13437 0.00313
48 0.20625 0.69688 0.1375 0.1375
48 0.14688 0.41094 0.16875 0.11562
48 0.16719 0.20938 0.20312 0.13125
48 0.73281 0.49219 0.13438 0.09062
48 0.96875 0.88125 0.0625 0.1125
48 0.59375 0.08906 0.1375 0.14688
48 0.70938 0.09375 0.1375 0.16875
48 0.81562 0.15156 0.16875 0.20312
48 0.98594 0.18594 0.02812 0.17187
48 0.47969 0.05 0.13438 0.1
48 0.86406 0.58438 0.14687 0.15
48 0.22031 0.325 0.26562 0.13125
48 0.40781 0.37031 0.13437 0.09687
48 0.31719 0.72344 0.11562 0.15313
5 0.02344 0.34375 0.04688 0.03125
48 0.19531 0.1125 0.12813 0.11875
48 0.30625 0.1375 0.075 0.11875
48 0.50469 0.45469 0.12188 0.08438
48 0.75625 0.28438 0.09375 0.13125
48 0.80313 0.77344 0.13125 0.21562
48 0.36875 0.03906 0.14375 0.07812
48 0.28281 0.00469 0.11562 0.00938
48 0.21719 0.03438 0.14062 0.06875
48 0.93594 0.17031 0.12813 0.14062
48 0.95156 0.46094 0.07812 0.12813
48 0.98125 0.29688 0.0375 0.06875
48 0.72812 0.66406 0.09375 0.07812
48 0.67188 0.79844 0.15 0.19688
48 0.54844 0.77656 0.15313 0.12812
48 0.44844 0.73438 0.11562 0.15
48 0.47656 0.64688 0.10938 0.05625
48 0.075 0.71562 0.15 0.10625
48 0.03125 0.65 0.0625 0.05625
48 0.09219 0.59062 0.17812 0.11875
48 0.11719 0.49062 0.16563 0.10625
48 0.37031 0.46719 0.14687 0.09062
48 0.91562 0.7625 0.11875 0.10625
