48 0.22188 0.99062 0.44375 0.01875
48 0.12656 0.83125 0.25312 0.3375
48 0.575 0.58594 0.1625 0.32187
48 0.41875 0.64062 0.28125 0.3
48 0.25 0.69375 0.18125 0.2875
48 0.6125 0.08438 0.25 0.16875
48 0.07969 0.18281 0.15937 0.36562
48 0.00312 0.025 0.00625 0.05
48 0.41719 0.21875 0.30938 0.2375
48 0.27188 0.11562 0.475 0.23125
9 0.6625 0.58594 0.05 0.09062
9 0.78906 0.82656 0.08438 0.14062
13 0.87344 0.92813 0.04063 0.0875
9 0.42188 0.8625 0.04375 0.03125
9 0.52812 0.80625 0.04375 0.03125
5 0.58125 0.77969 0.03125 0.02187
9 0.70938 0.43281 0.075 0.15937
9 0.69062 0.22656 0.0625 0.04063
5 0.5625 0.31562 0.03125 0.025
48 0.48906 0.90781 0.49688 0.18437
48 0.91406 0.66719 0.17188 0.27813
48 0.86406 0.53125 0.17188 0.16875
48 0.77188 0.85781 0.4125 0.28438
10 0.89688 0.82344 0.09375 0.08437
10 0.67812 0.55625 0.08125 0.175
10 0.91875 0.99844 0.05625 0.00313
