48 0.72188 0.49688 0.0625 0.04375
48 0.61719 0.45 0.05313 0.06875
48 0.97656 0.60938 0.04688 0.3125
48 0.72969 0.96562 0.07188 0.06875
48 0.58281 0.97656 0.08437 0.04688
48 0.63594 0.77812 0.07812 0.03125
48 0.75469 0.58906 0.03437 0.02813
48 0.75156 0.61719 0.04063 0.03438
48 0.72188 0.56094 0.05 0.05312
48 0.54062 0.57187 0.075 0.05625
48 0.57031 0.68281 0.12813 0.10938
48 0.60625 0.73906 0.04375 0.04688
48 0.325 0.36406 0.0875 0.07812
48 0.06562 0.86563 0.075 0.0375
48 0.00625 0.7875 0.0125 0.04375
48 0.00625 0.70469 0.0125 0.05937
48 0.02031 0.54219 0.03437 0.04063
48 0.66562 0.94531 0.11875 0.10938
48 0.93438 0.40156 0.09375 0.05312
48 0.62969 0.23594 0.05312 0.03437
48 0.20781 0.18594 0.14688 0.11562
48 0.67344 0.24844 0.04688 0.04062
48 0.99062 0.38906 0.01875 0.11563
48 0.91094 0.77812 0.05938 0.04375
48 0.86719 0.82656 0.04688 0.04063
48 0.96406 0.46875 0.06562 0.05
48 0.98438 0.92031 0.03125 0.04688
48 0.77812 0.97188 0.04375 0.04375
48 0.81562 0.91875 0.04375 0.05625
48 0.65312 0.30156 0.125 0.11562
48 0.17188 0.07812 0.11875 0.08125
48 0.15469 0.03594 0.12188 0.07187
48 0.84844 0.975 0.09687 0.04375
48 0.82656 0.99531 0.12187 0.00938
48 0.46562 0.98594 0.075 0.02812
48 0.38438 0.98125 0.06875 0.0375
48 0.35625 0.83125 0.08125 0.06875
48 0.14688 0.77656 0.05 0.05938
48 0.05938 0.675 0.04375 0.05625
48 0.03594 0.77031 0.06562 0.07812
48 0.05938 0.83438 0.05625 0.0375
48 0.0375 0.9 0.06875 0.05625
48 0.11875 0.83438 0.04375 0.04375
48 0.025 0.97969 0.05 0.04063
48 0.07969 0.98438 0.05938 0.03125
48 0.97656 0.85781 0.04688 0.08437
48 0.99375 0.80312 0.0125 0.05
48 0.825 0.76719 0.04375 0.02812
48 0.54375 0.52188 0.06875 0.05625
48 0.52188 0.47969 0.04375 0.03437
48 0.60312 0.55156 0.05625 0.03437
48 0.39375 0.50781 0.14375 0.07812
48 0.43594 0.55625 0.08438 0.04375
48 0.49219 0.58438 0.04688 0.05
48 0.41406 0.62187 0.05937 0.05625
48 0.4125 0.5875 0.05 0.0375
48 0.49375 0.65625 0.03125 0.0625
48 0.57344 0.58125 0.04063 0.03125
48 0.6375 0.50156 0.04375 0.04062
48 0.67031 0.5 0.04063 0.03125
48 0.64531 0.52969 0.07188 0.03438
48 0.75937 0.5375 0.06875 0.075
48 0.80313 0.54219 0.05625 0.06562
48 0.79844 0.6125 0.09688 0.0875
48 0.67656 0.6 0.05312 0.0375
48 0.65781 0.63281 0.07812 0.04062
48 0.54062 0.62031 0.1 0.04688
48 0.525 0.66562 0.05 0.0375
48 0.71406 0.62031 0.05312 0.06562
48 0.48125 0.53125 0.05 0.05
48 0.43594 0.67344 0.09687 0.05937
48 0.54688 0.76719 0.06875 0.07188
48 0.47812 0.77031 0.075 0.04688
48 0.71406 0.6875 0.07188 0.06875
48 0.82031 0.675 0.04688 0.0375
48 0.97031 0.62031 0.05937 0.04688
48 0.63438 0.80938 0.08125 0.04375
48 0.52969 0.83906 0.05312 0.05312
48 0.57344 0.82344 0.05938 0.06562
48 0.54062 0.89531 0.05625 0.05938
48 0.72344 0.87656 0.05312 0.05312
48 0.74531 0.83281 0.07188 0.05938
48 0.87812 0.8625 0.05625 0.0625
48 0.81406 0.81719 0.05937 0.07188
48 0.87031 0.66875 0.05938 0.04375
48 0.80625 0.37812 0.1 0.0625
48 0.89219 0.35469 0.06563 0.04063
48 0.75156 0.46094 0.07188 0.05312
48 0.84531 0.44062 0.07188 0.05625
48 0.74219 0.37969 0.04062 0.03437
48 0.64688 0.19844 0.0875 0.05313
48 0.56875 0.17656 0.05 0.04062
48 0.61719 0.36562 0.05313 0.0375
48 0.25469 0.12031 0.04688 0.07812
48 0.2375 0.01406 0.075 0.02812
48 0.35156 0.02344 0.06563 0.04688
48 0.02344 0.03906 0.04688 0.07812
48 0.6125 0.11562 0.1 0.04375
48 0.3 0.09375 0.06875 0.04375
48 0.3 0.13281 0.06875 0.03437
48 0.3625 0.13281 0.0625 0.05312
48 0.31406 0.16875 0.07812 0.05625
48 0.29844 0.23438 0.08438 0.08125
48 0.36406 0.21875 0.10313 0.06875
48 0.43438 0.21094 0.05625 0.04063
48 0.57656 0.34375 0.06563 0.04375
48 0.52969 0.06562 0.05312 0.06875
48 0.47344 0.02031 0.09063 0.04062
48 0.79219 0.275 0.08437 0.08125
48 0.84219 0.21562 0.04063 0.0375
48 0.69531 0.38281 0.04688 0.04063
48 0.63438 0.39688 0.075 0.04375
48 0.78281 0.41406 0.05312 0.04688
48 0.8375 0.49687 0.075 0.0625
48 0.69688 0.4625 0.04375 0.0375
48 0.69688 0.76406 0.0625 0.08437
48 0.65156 0.71875 0.05938 0.04375
48 0.53594 0.42188 0.12188 0.06875
48 0.48594 0.125 0.06563 0.05625
48 0.40781 0.03125 0.05313 0.03125
48 0.1 0.57969 0.05625 0.05937
48 0.14688 0.54219 0.1125 0.03437
48 0.06719 0.53438 0.07187 0.05625
48 0.03125 0.51094 0.04375 0.03437
48 0.02031 0.60156 0.04062 0.07812
48 0.17188 0.68125 0.1125 0.125
48 0.09375 0.77344 0.06875 0.09062
48 0.26719 0.9875 0.07813 0.025
48 0.19219 0.975 0.09688 0.05
48 0.18281 0.89219 0.14687 0.12813
48 0.59219 0.04375 0.09062 0.04375
48 0.5375 0.11094 0.0625 0.05313
48 0.38594 0.27812 0.07188 0.075
48 0.71406 0.42031 0.06562 0.04062
48 0.22344 0.26562 0.09687 0.05625
48 0.84688 0.58594 0.06875 0.10938
48 0.49375 0.06719 0.05 0.07187
48 0.46406 0.89219 0.05312 0.08437
48 0.40781 0.00938 0.05313 0.01875
48 0.48594 0.94844 0.04688 0.05938
48 0.33438 0.64688 0.1125 0.2125
48 0.59688 0.50469 0.04375 0.07812
48 0.38125 0.17031 0.0625 0.04062
48 0.60312 0.87969 0.10625 0.10938
48 0.66719 0.67812 0.04688 0.04375
48 0.39688 0.90938 0.0875 0.10625
48 0.7875 0.71094 0.075 0.09062
48 0.02188 0.84531 0.04375 0.07812
48 0.80781 0.87031 0.09687 0.04063
48 0.50781 0.89531 0.05313 0.06562
48 0.29688 0.0125 0.06875 0.025
48 0.52812 0.33906 0.05 0.05938
48 0.5625 0.2875 0.06875 0.0375
48 0.65781 0.44688 0.04063 0.075
48 0.27031 0.05156 0.10938 0.05938
48 0.60469 0.08125 0.10313 0.03125
48 0.56094 0.475 0.04063 0.03125
48 0.42812 0.08906 0.0875 0.10937
48 0.47031 0.01094 0.06563 0.02188
48 0.46562 0.81562 0.10625 0.06875
48 0.15313 0.575 0.0875 0.04375
48 0.47344 0.71875 0.07188 0.08125
48 0.75312 0.99219 0.05 0.01562
48 0.77344 0.91719 0.05937 0.06562
48 0.52344 0.98125 0.04062 0.0375
48 0.07969 0.92344 0.06562 0.09688
48 0.45312 0.61406 0.04375 0.07812
48 0.65312 0.5625 0.05625 0.03125
48 0.98281 0.675 0.03438 0.05625
48 0.84844 0.93594 0.04688 0.05312
48 0.23906 0.35938 0.12812 0.15
48 0.9125 0.45625 0.05625 0.0375
48 0.41094 0.75156 0.05938 0.08437
48 0.85625 0.74844 0.05 0.12187
48 0.925 0.68594 0.05625 0.17812
48 0.92656 0.89375 0.08437 0.1625
48 0.68281 0.85781 0.07188 0.09688
48 0.95781 0.35781 0.07812 0.05938
48 0.325 0.28281 0.0625 0.09687
48 0.56719 0.01094 0.05938 0.02188
48 0.95625 0.54219 0.06875 0.09687
48 0.93281 0.98906 0.09687 0.02187
48 0.46562 0.29219 0.075 0.14687
48 0.74844 0.78125 0.06563 0.0375
48 0.15781 0.82656 0.04688 0.05937
48 0.60938 0.59688 0.05625 0.05
48 0.34844 0.77812 0.05938 0.05
48 0.1375 0.48125 0.125 0.1
48 0.02969 0.70312 0.05938 0.06875
48 0.00625 0.54844 0.0125 0.08437
48 0.13594 0.975 0.05313 0.05
48 0.41562 0.97656 0.05625 0.04688
48 0.20625 0.7875 0.06875 0.0875
48 0.05469 0.58906 0.06562 0.05312
48 0.0125 0.9125 0.025 0.08125
48 0.00781 0.74844 0.01562 0.08437
48 0.44844 0.17031 0.07188 0.04688
48 0.09219 0.67812 0.04688 0.08125
48 0.07187 0.42656 0.14375 0.07812
48 0.38906 0.34375 0.05313 0.05
48 0.87188 0.39375 0.05625 0.04375
48 0.97188 0.78281 0.05625 0.11562
48 0.66406 0.75781 0.04062 0.02812
48 0.55469 0.95156 0.04688 0.02812
48 0.04844 0.26875 0.09688 0.075
48 0.61875 0.15625 0.0875 0.05625
