48 0.59531 0.8375 0.80938 0.325
5 0.07187 0.00625 0.025 0.0125
48 0.09531 0.82031 0.19062 0.29062
5 0.21719 0.2 0.02813 0.0375
5 0.18906 0.25 0.03437 0.0375
5 0.29688 0.04688 0.03125 0.0375
5 0.01094 0.01406 0.02188 0.02812
5 0.24531 0.14531 0.02813 0.04062
5 0.20312 0.225 0.025 0.0375
5 0.28125 0.06875 0.025 0.0375
5 0.39844 0.35625 0.02812 0.05625
5 0.39062 0.41719 0.03125 0.04063
5 0.225 0.17344 0.025 0.04062
5 0.11094 0.62656 0.02812 0.05312
5 0.40938 0.57969 0.0375 0.02812
5 0.06562 0.47188 0.0375 0.0625
5 0.05156 0.6375 0.03438 0.05
5 0.38281 0.47656 0.02812 0.05937
5 0.31094 0.02188 0.03437 0.04375
5 0.25625 0.11406 0.025 0.05313
5 0.3625 0.64688 0.025 0.05
5 0.03281 0.53594 0.04688 0.05938
48 0.87188 0.325 0.25625 0.65
48 0.65781 0.3 0.40312 0.6
5 0.27656 0.64844 0.02187 0.04688
5 0.17031 0.27656 0.02813 0.04063
5 0.39531 0.65312 0.03437 0.05
