56 0.89219 0.36094 0.21562 0.72188
56 0.12344 0.09844 0.17812 0.19688
48 0.41094 0.03281 0.42812 0.06562
57 0.66094 0.03438 0.02813 0.06875
57 0.63438 0.03438 0.03125 0.06875
14 0.87188 0.74219 0.18125 0.05313
14 0.75938 0.62187 0.04375 0.19375
11 0.01719 0.17656 0.03438 0.19062
56 0.28281 0.12344 0.10938 0.14062
56 0.12344 0.41875 0.16562 0.3
57 0.19375 0.24219 0.025 0.07812
57 0.15937 0.23906 0.0375 0.07188
56 0.12188 0.90312 0.18125 0.19375
56 0.44688 0.9 0.2875 0.2
57 0.62344 0.1375 0.03438 0.075
57 0.64844 0.13906 0.02812 0.07187
57 0.55625 0.18281 0.06875 0.02812
48 0.42812 0.27812 0.425 0.20625
57 0.61719 0.55625 0.02812 0.125
57 0.64062 0.55469 0.03125 0.11563
57 0.6375 0.70312 0.03125 0.0625
48 0.42969 0.6375 0.43437 0.225
48 0.42031 0.45469 0.41562 0.15313
56 0.13125 0.70156 0.16875 0.10938
48 0.01094 0.72656 0.02188 0.41562
