48 0.97969 0.94688 0.04063 0.10625
48 0.89219 0.90156 0.21562 0.19688
48 0.67188 0.93125 0.2 0.1375
48 0.82031 0.68438 0.35938 0.21875
48 0.83594 0.52344 0.32812 0.15312
48 0.85312 0.3875 0.29375 0.15625
48 0.85781 0.17656 0.28438 0.26562
48 0.88125 0.01875 0.2375 0.0375
48 0.25469 0.0625 0.26562 0.125
48 0.23906 0.175 0.28438 0.1625
48 0.50469 0.08594 0.25938 0.17188
48 0.48281 0.20156 0.22188 0.12188
48 0.19844 0.37031 0.27812 0.25313
48 0.45 0.38906 0.2625 0.25938
48 0.15938 0.60312 0.3 0.24375
48 0.41094 0.62656 0.26562 0.23438
48 0.34531 0.85625 0.34062 0.2125
48 0.01406 0.06875 0.02812 0.1375
5 0.17656 0.99531 0.04688 0.00938
5 0.62969 0.03594 0.03437 0.05312
5 0.61406 0.20469 0.02813 0.04062
5 0.6 0.30781 0.03125 0.04688
5 0.57656 0.43437 0.02812 0.05
5 0.56563 0.48281 0.03125 0.04063
5 0.60938 0.625 0.025 0.04375
5 0.49375 0.925 0.03125 0.0375
5 0.48906 0.97656 0.02813 0.04688
5 0.06719 0.04062 0.02813 0.0375
5 0.04688 0.15625 0.03125 0.05
5 0.025 0.29688 0.03125 0.04375
