48 0.02031 0.04219 0.04062 0.08438
48 0.09531 0.94844 0.19062 0.10313
5 0.85625 0.84375 0.0375 0.04375
48 0.59531 0.50469 0.10938 0.14062
48 0.73281 0.50781 0.10938 0.14062
48 0.72812 0.61406 0.15 0.08437
48 0.91094 0.49219 0.17812 0.10938
48 0.9 0.74063 0.19375 0.11875
48 0.70938 0.80625 0.1125 0.1375
48 0.76406 0.72656 0.05937 0.04062
48 0.62813 0.71562 0.05625 0.1
48 0.57188 0.70781 0.0625 0.04063
48 0.41406 0.4625 0.05937 0.0875
48 0.46875 0.53594 0.075 0.21563
48 0.74062 0.20469 0.08125 0.12812
48 0.63594 0.04688 0.12812 0.09375
48 0.53438 0.07969 0.175 0.15937
48 0.94688 0.12812 0.10625 0.21875
48 0.1375 0.10781 0.175 0.19062
48 0.07344 0.2 0.14688 0.14375
48 0.02812 0.21562 0.05625 0.0625
48 0.025 0.29844 0.04375 0.07187
48 0.79219 0.05625 0.19062 0.1125
48 0.83125 0.9125 0.075 0.125
48 0.88281 0.18125 0.17188 0.15
48 0.66406 0.14219 0.22188 0.24062
48 0.16719 0.3125 0.22188 0.2125
