48 0.44688 0.99375 0.14375 0.0125
48 0.94375 0.73438 0.1125 0.225
48 0.26719 0.89375 0.21562 0.2125
48 0.10625 0.63281 0.2125 0.17813
48 0.425 0.3375 0.13125 0.13125
48 0.49531 0.94844 0.14063 0.10313
48 0.81562 0.68906 0.19375 0.17812
48 0.5125 0.50156 0.16875 0.16562
48 0.99062 0.63594 0.01875 0.22813
48 0.16094 0.89375 0.15312 0.13125
48 0.74844 0.15469 0.25313 0.27812
48 0.60938 0.02344 0.1375 0.04688
48 0.57656 0.29375 0.13438 0.1
48 0.60469 0.25625 0.09687 0.08125
48 0.56406 0.96719 0.12813 0.06563
48 0.375 0.65938 0.1875 0.15625
48 0.49062 0.6125 0.1125 0.13125
48 0.12344 0.00312 0.24688 0.00625
48 0.67031 0.32656 0.12813 0.14688
48 0.80938 0.93438 0.1125 0.09375
48 0.35 0.14531 0.3375 0.29063
48 0.37812 0.54375 0.2125 0.2
48 0.5375 0.35 0.13125 0.1125
48 0.62187 0.37812 0.125 0.0875
48 0.69531 0.94844 0.14688 0.10313
48 0.94531 0.96406 0.10938 0.07188
48 0.76719 0.88594 0.11562 0.11562
48 0.97969 0.25156 0.04063 0.18438
48 0.37969 0.77031 0.14062 0.11562
48 0.25938 0.26094 0.2125 0.15313
48 0.67812 0.84062 0.125 0.09375
48 0.90469 0.87969 0.19063 0.18438
48 0.86563 0.97031 0.06875 0.05937
48 0.9875 0.80781 0.025 0.18438
48 0.28281 0.61094 0.14688 0.13438
48 0.55 0.07187 0.1375 0.14375
48 0.77969 0.99219 0.15938 0.01562
48 0.85312 0.90312 0.13125 0.10625
48 0.80938 0.8125 0.13125 0.10625
48 0.63906 0.15469 0.07812 0.08438
48 0.58906 0.88594 0.14062 0.14062
48 0.61562 0.20937 0.10625 0.0875
48 0.95625 0.41719 0.0875 0.10313
48 0.07344 0.08125 0.14688 0.1625
48 0.0625 0.76094 0.125 0.24062
48 0.52656 0.17969 0.12188 0.11562
48 0.70781 0.025 0.10313 0.05
48 0.96094 0.35469 0.07812 0.11562
48 0.21875 0.80781 0.16875 0.13438
48 0.10312 0.79062 0.20625 0.25
48 0.5625 0.40625 0.18125 0.11875
48 0.46562 0.02344 0.125 0.04688
48 0.66875 0.73281 0.20625 0.14687
48 0.91562 0.34062 0.16875 0.1625
48 0.70625 0.61562 0.15 0.14375
48 0.59531 0.78594 0.12187 0.09063
48 0.94531 0.20625 0.10938 0.1625
48 0.02344 0.56406 0.04688 0.13437
48 0.26094 0.36875 0.19688 0.14375
48 0.02656 0.16719 0.05312 0.16562
48 0.01875 0.05625 0.0375 0.1125
48 0.37187 0.43125 0.175 0.13125
48 0.13438 0.4125 0.1875 0.175
48 0.85781 0.5 0.28438 0.20625
48 0.15 0.52344 0.28125 0.22812
48 0.3875 0.02344 0.1625 0.04688
5 0.84219 0.18906 0.07188 0.07187
5 0.10156 0.99844 0.05312 0.00313
5 0.4875 0.7375 0.05 0.04375
5 0.45 0.80625 0.04375 0.04375
5 0.14688 0.97812 0.075 0.0375
5 0.42812 0.83125 0.0625 0.05
