5 0.04062 0.51562 0.04375 0.04375
5 0.01562 0.44531 0.03125 0.03438
5 0.0125 0.57187 0.025 0.0375
5 0.03438 0.56563 0.05625 0.04375
5 0.07969 0.55937 0.05938 0.04375
48 0.07812 0.85312 0.15625 0.18125
48 0.46875 0.94219 0.21875 0.11562
48 0.3875 0.78281 0.2625 0.21562
48 0.95625 0.84062 0.0875 0.31875
5 0.50313 0.56406 0.08125 0.03438
5 0.79688 0.52188 0.06875 0.025
5 0.65312 0.49375 0.075 0.0375
5 0.74375 0.41719 0.04375 0.04063
5 0.61875 0.44219 0.0375 0.04063
5 0.58281 0.44375 0.03437 0.04375
5 0.73281 0.37188 0.03438 0.0375
5 0.69375 0.37344 0.0375 0.04062
5 0.6625 0.38281 0.025 0.04063
5 0.60156 0.39375 0.04062 0.04375
5 0.54375 0.44688 0.0375 0.0375
5 0.47031 0.46094 0.04688 0.04688
5 0.45938 0.41875 0.0375 0.0375
5 0.37188 0.46875 0.0375 0.05
5 0.33125 0.47656 0.0375 0.04063
5 0.31562 0.42969 0.0375 0.04063
5 0.11562 0.40312 0.04375 0.05625
5 0.43594 0.32031 0.03437 0.03438
5 0.62969 0.29531 0.03437 0.03437
5 0.73906 0.27969 0.03437 0.04688
5 0.69687 0.28281 0.0375 0.04062
5 0.66406 0.29375 0.02812 0.04375
48 0.8875 0.35625 0.225 0.1625
5 0.06562 0.25 0.04375 0.05625
5 0.09531 0.33438 0.04063 0.05625
48 0.45156 0.275 0.90312 0.55
48 0.325 0.27031 0.28125 0.10938
53 0.05625 0.52031 0.1125 0.15313
53 0.4625 0.42656 0.39375 0.13438
53 0.67188 0.35625 0.21875 0.2125
