48 0.25781 0.11719 0.19062 0.21562
48 0.73594 0.01562 0.06563 0.03125
48 0.63437 0.91719 0.05625 0.07812
48 0.50469 0.93281 0.07812 0.07812
5 0.0125 0.76094 0.025 0.02187
9 0.67031 0.43438 0.05937 0.0375
5 0.43281 0.36875 0.04063 0.0375
48 0.32188 0.22344 0.11875 0.09687
5 0.05469 0.35625 0.02813 0.04375
5 0.92969 0.27812 0.03438 0.03125
48 0.52188 0.98438 0.2625 0.03125
48 0.96562 0.35625 0.06875 0.1375
5 0.36562 0.625 0.04375 0.01875
48 0.92344 0.48906 0.15312 0.23437
48 0.79688 0.49688 0.15625 0.13125
48 0.7125 0.5125 0.05 0.05
48 0.68906 0.58281 0.15312 0.14062
48 0.84844 0.62656 0.15937 0.13438
48 0.74219 0.64688 0.06563 0.05625
48 0.77188 0.70312 0.075 0.0625
48 0.6375 0.65 0.14375 0.10625
48 0.82031 0.74062 0.14062 0.10625
48 0.7375 0.75312 0.125 0.06875
48 0.65156 0.71094 0.20312 0.15312
5 0.30156 0.77812 0.03437 0.0375
5 0.30781 0.81094 0.03437 0.03438
5 0.32812 0.81875 0.0375 0.03125
48 0.14688 0.95625 0.29375 0.0875
48 0.4125 0.75781 0.1 0.09688
48 0.59844 0.8 0.19688 0.14375
48 0.7375 0.79219 0.05 0.04688
48 0.59219 0.86562 0.10938 0.08125
48 0.70312 0.85469 0.075 0.10938
48 0.74531 0.87812 0.06562 0.06875
48 0.77969 0.81406 0.08437 0.07812
48 0.75312 0.94531 0.05625 0.04688
48 0.83125 0.8375 0.0875 0.08125
48 0.95156 0.99375 0.09688 0.0125
5 0.3875 0.55469 0.05625 0.04688
5 0.49219 0.47344 0.05937 0.04688
48 0.91719 0.95625 0.16563 0.0875
5 0.075 0.72656 0.05625 0.04062
5 0.44531 0.42812 0.04688 0.04375
5 0.82812 0.3375 0.05 0.03125
5 0.62813 0.45312 0.05 0.0375
48 0.34375 0.91875 0.15 0.14375
48 0.57656 0.94219 0.08437 0.08437
5 0.87188 0.18281 0.05 0.04062
48 0.98125 0.89375 0.0375 0.10625
5 0.78906 0.35781 0.04688 0.03437
5 0.52344 0.35938 0.05937 0.04375
48 0.71719 0.96719 0.11562 0.06563
5 0.275 0.64219 0.0375 0.03438
5 0.75781 0.25625 0.05937 0.04375
