48 0.21406 0.04219 0.20312 0.08438
48 0.47812 0.56563 0.14375 0.13125
48 0.37969 0.59531 0.07812 0.07188
48 0.09844 0.1125 0.17812 0.15625
48 0.47344 0.83281 0.10937 0.09687
48 0.88438 0.37656 0.0625 0.05313
48 0.48438 0.39531 0.1375 0.09063
48 0.93906 0.32656 0.07188 0.07187
48 0.24531 0.39062 0.09063 0.06875
48 0.66875 0.46562 0.1 0.08125
48 0.15625 0.06562 0.1375 0.13125
48 0.50938 0.08125 0.18125 0.1625
48 0.67031 0.2625 0.15938 0.13125
48 0.84688 0.50156 0.175 0.12813
5 0.59688 0.56563 0.05 0.01875
48 0.62344 0.98594 0.09688 0.02812
48 0.56563 0.30781 0.14375 0.13438
48 0.62656 0.15 0.11562 0.11875
48 0.37187 0.25625 0.14375 0.125
48 0.21562 0.97031 0.125 0.05937
48 0.96094 0.22656 0.07812 0.12187
48 0.61406 0.825 0.10938 0.11875
48 0.88906 0.83906 0.15312 0.15937
48 0.99844 0.87188 0.00313 0.1125
48 0.99219 0.15625 0.01562 0.08125
48 0.83125 0.26875 0.2 0.18125
48 0.15469 0.9 0.17812 0.19375
48 0.71875 0.67031 0.15 0.15938
48 0.8375 0.95625 0.2375 0.0875
48 0.525 0.70938 0.20625 0.15
48 0.87656 0.61406 0.11562 0.15937
48 0.9625 0.93281 0.075 0.11562
48 0.70312 0.35312 0.13125 0.10625
48 0.60781 0.39844 0.12813 0.08437
48 0.93281 0.08281 0.13438 0.16562
48 0.20625 0.57969 0.15 0.16562
48 0.75156 0.93438 0.09688 0.1125
48 0.51094 0.98906 0.17188 0.02187
48 0.41562 0.9375 0.15625 0.125
48 0.14688 0.27812 0.1375 0.175
48 0.95781 0.54219 0.08437 0.12812
48 0.33906 0.82188 0.16563 0.15625
48 0.00938 0.6 0.01875 0.15
48 0.05625 0.7125 0.1125 0.15
48 0.97656 0.99531 0.04688 0.00938
48 0.04844 0.95 0.09688 0.1
48 0.34062 0.50313 0.10625 0.1125
48 0.31719 0.18281 0.12188 0.12188
48 0.01719 0.27031 0.03438 0.15937
48 0.03281 0.37344 0.06562 0.16562
48 0.96406 0.76094 0.07188 0.14062
