5 0.56406 0.88437 0.05312 0.0375
48 0.41406 0.90938 0.10313 0.08125
48 0.24531 0.95469 0.11562 0.09062
48 0.30156 0.98438 0.10938 0.03125
48 0.53281 0.01875 0.19687 0.0375
48 0.35625 0.96406 0.09375 0.05938
48 0.27656 0.88125 0.10938 0.0875
48 0.42969 0.98594 0.09688 0.02812
5 0.13906 0.25625 0.05938 0.0375
48 0.89844 0.5375 0.12813 0.1
48 0.75312 0.46875 0.14375 0.1125
48 0.94375 0.46875 0.1125 0.1
48 0.96875 0.71406 0.0625 0.09687
48 0.88906 0.34844 0.14687 0.12188
48 0.57188 0.14062 0.175 0.14375
48 0.6125 0.20937 0.0875 0.06875
48 0.12812 0.15625 0.1375 0.10625
48 0.24062 0.17812 0.15 0.11875
48 0.2125 0.09062 0.13125 0.1
48 0.57969 0.70469 0.20312 0.15938
48 0.79062 0.63437 0.16875 0.15
48 0.86094 0.87656 0.17188 0.14687
48 0.29844 0.41719 0.14063 0.11562
48 0.97188 0.93594 0.05625 0.12813
48 0.00938 0.02656 0.01875 0.05312
48 0.98125 0.425 0.0375 0.13125
48 0.06406 0.06562 0.12812 0.13125
48 0.43906 0.29844 0.19687 0.14688
48 0.70625 0.79844 0.1625 0.12813
48 0.08125 0.36875 0.11875 0.10625
