48 0.04062 0.23125 0.08125 0.175
48 0.08906 0.30469 0.17812 0.16563
48 0.17188 0.36562 0.1875 0.175
48 0.00781 0.17344 0.01562 0.17188
48 0.59062 0.68438 0.1625 0.15
48 0.44844 0.86094 0.20313 0.19688
48 0.34219 0.95312 0.13437 0.09375
5 0.31562 0.84219 0.03125 0.04063
5 0.40312 0.80938 0.03125 0.03125
48 0.60938 0.9125 0.16875 0.13125
48 0.55781 0.95938 0.22187 0.08125
48 0.28281 0.99688 0.14688 0.00625
48 0.04219 0.46094 0.08438 0.14062
48 0.12344 0.55781 0.16562 0.15937
48 0.00625 0.53438 0.0125 0.14375
48 0.06719 0.64375 0.13438 0.15625
48 0.03906 0.70625 0.07812 0.15625
48 0.00781 0.79062 0.01562 0.15625
48 0.275 0.75 0.19375 0.19375
48 0.97656 0.19375 0.04688 0.2375
48 0.88125 0.53125 0.2375 0.45
48 0.075 0.96562 0.15 0.06875
48 0.7875 0.99844 0.15 0.00313
48 0.83594 0.88438 0.17813 0.175
48 0.92188 0.93125 0.15625 0.1375
48 0.75781 0.825 0.16562 0.16875
48 0.24219 0.41719 0.18438 0.15313
48 0.32969 0.49688 0.17812 0.1625
48 0.4125 0.55937 0.175 0.1875
48 0.50313 0.62344 0.16875 0.17812
5 0.4875 0.72031 0.05 0.04688
48 0.59531 0.05 0.34062 0.1
48 0.65938 0.75469 0.2 0.16563
5 0.82969 0.98594 0.06563 0.02812
5 0.25156 0.58281 0.05313 0.04688
8 0.07031 0.79688 0.05313 0.05
48 0.16094 0.88281 0.25312 0.23438
5 0.15 0.66406 0.0375 0.05313
