48 0.98594 0.96875 0.02812 0.0625
48 0.23125 0.1625 0.30625 0.30625
48 0.10312 0.3125 0.20625 0.25
48 0.0125 0.1875 0.025 0.2625
48 0.69844 0.89062 0.10313 0.1375
48 0.72812 0.25156 0.10625 0.14063
48 0.90312 0.9 0.1125 0.15625
48 0.13281 0.22812 0.24062 0.175
48 0.67031 0.16562 0.14062 0.075
48 0.97656 0.84844 0.04688 0.07812
48 0.64219 0.26719 0.10938 0.12188
9 0.64375 0.49375 0.09375 0.05
48 0.82187 0.47031 0.15 0.07812
48 0.78594 0.54375 0.14062 0.1125
48 0.82031 0.42031 0.09062 0.07812
5 0.95625 0.62656 0.04375 0.05312
48 0.73906 0.71562 0.16563 0.175
48 0.43125 0.93281 0.38125 0.13438
