48 0.65625 0.6 0.15625 0.36875
48 0.32031 0.5875 0.17812 0.175
48 0.47812 0.58125 0.1625 0.275
5 0.76406 0.95469 0.04688 0.04063
11 0.61719 0.96719 0.15938 0.05312
11 0.39375 0.99688 0.11875 0.00625
11 0.42812 0.05469 0.04375 0.10938
11 0.2875 0.03437 0.1625 0.05
11 0.2875 0.07969 0.1625 0.03438
11 0.65938 0.12812 0.16875 0.05625
48 0.88906 0.95 0.03438 0.03125
48 0.37344 0.7875 0.07187 0.1875
48 0.425 0.81719 0.05 0.09063
48 0.14531 0.58281 0.19062 0.10938
48 0.83906 0.49375 0.23438 0.2125
48 0.95156 0.47031 0.09688 0.19063
48 0.97812 0.33281 0.04375 0.08437
48 0.95938 0.29688 0.08125 0.075
48 0.91406 0.36875 0.13437 0.0875
48 0.85938 0.32969 0.175 0.09063
48 0.75781 0.35625 0.12813 0.08125
48 0.55781 0.01094 0.17188 0.02188
11 0.09844 0.04688 0.17812 0.05
11 0.06875 0.11094 0.1375 0.07188
11 0.05781 0.15313 0.11562 0.05
11 0.17188 0.30312 0.2 0.05625
11 0.19062 0.34375 0.1875 0.05625
11 0.38438 0.36094 0.20625 0.05938
11 0.08438 0.45938 0.1625 0.06875
48 0.30938 0.46094 0.28125 0.14688
48 0.11094 0.525 0.21562 0.1125
48 0.56406 0.58594 0.08437 0.05313
48 0.04844 0.84844 0.08438 0.09687
9 0.23281 0.94062 0.04062 0.0625
9 0.25781 0.93281 0.02812 0.05938
9 0.28125 0.93125 0.025 0.06875
9 0.30625 0.91875 0.03125 0.0625
9 0.32969 0.90938 0.02813 0.05625
9 0.35156 0.90469 0.02812 0.06563
9 0.37969 0.9 0.03437 0.0625
9 0.40312 0.89688 0.03125 0.05625
48 0.11875 0.92812 0.06875 0.0625
5 0.53438 0.87188 0.025 0.04375
5 0.76562 0.82812 0.06875 0.0375
48 0.15938 0.75625 0.29375 0.25
53 0.50625 0.24375 0.9875 0.4875
11 0.60312 0.98906 0.10625 0.02187
11 0.05625 0.18281 0.1 0.04062
11 0.05469 0.21406 0.09063 0.04688
11 0.05 0.24062 0.0875 0.04375
11 0.64375 0.06406 0.15625 0.06562
11 0.95625 0.0375 0.0875 0.075
11 0.13438 0.39062 0.18125 0.0375
11 0.17656 0.25469 0.15937 0.03437
11 0.84844 0.01719 0.16563 0.03438
11 0.67188 0.16406 0.18125 0.05312
11 0.37344 0.22031 0.03437 0.17812
11 0.09531 0.06094 0.18438 0.04688
5 0.56406 0.40625 0.04688 0.05625
11 0.85625 0.18125 0.1875 0.06875
11 0.3875 0.32344 0.16875 0.04688
11 0.69531 0.22656 0.17188 0.07812
5 0.42969 0.8875 0.02187 0.0625
5 0.5 0.80156 0.06875 0.02813
11 0.83281 0.10156 0.19062 0.05938
11 0.29531 0.01094 0.15937 0.02188
11 0.65625 0.09219 0.15 0.04688
6 0.6375 0.37969 0.05625 0.06562
11 0.97344 0.06719 0.05312 0.04062
11 0.97812 0.1 0.04375 0.0875
11 0.8625 0.22188 0.175 0.0875
5 0.65781 0.83594 0.03438 0.04688
11 0.12188 0.01406 0.2 0.02812
11 0.28281 0.22344 0.07813 0.17188
5 0.60938 0.38438 0.05625 0.06875
11 0.69687 0.19844 0.19375 0.05937
5 0.58906 0.40156 0.04063 0.05938
11 0.45781 0.22188 0.07812 0.1625
11 0.34062 0.18125 0.075 0.18125
5 0.475 0.88281 0.0375 0.05313
11 0.83906 0.15 0.19062 0.06875
11 0.97031 0.87969 0.05937 0.07812
11 0.42344 0.19688 0.09063 0.18125
5 0.63125 0.84688 0.0375 0.04375
