10 0.36719 0.84688 0.04063 0.03125
5 0.43906 0.92188 0.03437 0.03125
48 0.80625 0.07656 0.2875 0.15313
48 0.95312 0.07656 0.09375 0.15313
48 0.95312 0.70625 0.09375 0.21875
5 0.29063 0.88438 0.05 0.03125
6 0.34219 0.68281 0.05938 0.04063
5 0.21562 0.56094 0.03125 0.04063
5 0.19844 0.79375 0.04688 0.0375
8 0.02656 0.7375 0.05312 0.05
6 0.04062 0.6625 0.08125 0.06875
5 0.28125 0.79688 0.0625 0.04375
48 0.65 0.45781 0.56875 0.45938
4 0.12344 0.74688 0.05312 0.04375
4 0.20156 0.83438 0.05313 0.05
5 0.5875 0.97031 0.0625 0.02812
48 0.97656 0.38906 0.04688 0.18438
5 0.57656 0.99062 0.04063 0.01875
5 0.3625 0.66719 0.05 0.04063
48 0.03438 0.31719 0.06875 0.12188
5 0.70469 0.99844 0.03438 0.00313
48 0.07812 0.44219 0.15625 0.16563
48 0.9125 0.89844 0.175 0.20312
48 0.20156 0.43281 0.17187 0.24688
48 0.37031 0.1 0.72812 0.2
5 0.40625 0.95312 0.05 0.05
