5 0.9875 0.825 0.025 0.03125
5 0.95781 0.79531 0.02813 0.03438
5 0.94375 0.80781 0.0375 0.04063
5 0.95 0.74688 0.03125 0.0375
5 0.95781 0.68594 0.02813 0.03438
5 0.92656 0.7125 0.02813 0.025
5 0.9125 0.72656 0.025 0.02812
5 0.89375 0.73438 0.03125 0.0375
5 0.88281 0.75938 0.03438 0.03125
5 0.92031 0.76875 0.02812 0.025
5 0.89375 0.84531 0.03125 0.02812
5 0.87344 0.80469 0.02812 0.02812
5 0.84844 0.77188 0.03437 0.0375
5 0.83281 0.7875 0.03437 0.0375
5 0.84375 0.8375 0.025 0.025
5 0.79219 0.94219 0.02813 0.03437
5 0.80313 0.92031 0.0375 0.03438
5 0.77344 0.89844 0.03438 0.03438
5 0.75781 0.9125 0.03438 0.03125
5 0.78438 0.825 0.025 0.03125
5 0.77188 0.83906 0.025 0.02813
5 0.75781 0.85312 0.03438 0.0375
5 0.81719 0.90469 0.02813 0.02812
5 0.83125 0.88906 0.03125 0.02812
5 0.99688 0.47031 0.00625 0.02188
5 0.99062 0.45469 0.01875 0.02813
5 0.98281 0.44062 0.02812 0.03125
5 0.96875 0.42344 0.03125 0.03437
5 0.96562 0.40312 0.025 0.025
5 0.99062 0.37812 0.01875 0.025
5 0.99375 0.39688 0.0125 0.0375
9 0.99062 0.04688 0.01875 0.0625
5 0.69688 0.9 0.03125 0.0375
5 0.72656 0.93594 0.04062 0.04063
9 0.46094 0.27031 0.07812 0.08438
9 0.45 0.29688 0.075 0.075
9 0.42969 0.32031 0.07188 0.07188
9 0.40781 0.34219 0.08438 0.09687
9 0.36562 0.37344 0.075 0.07187
9 0.34219 0.39375 0.07812 0.075
9 0.32656 0.40938 0.05313 0.05
9 0.32969 0.45 0.07187 0.05625
9 0.31094 0.46562 0.04688 0.0625
9 0.28438 0.48281 0.06875 0.07188
9 0.30312 0.5375 0.0625 0.05625
5 0.32812 0.54375 0.0375 0.03125
9 0.32969 0.56563 0.07187 0.05625
8 0.34219 0.59062 0.04688 0.04375
9 0.35 0.60938 0.05 0.04375
9 0.37187 0.63906 0.05 0.04688
9 0.38594 0.65469 0.04688 0.04063
9 0.40312 0.66719 0.0625 0.04688
6 0.44062 0.69687 0.0625 0.05625
9 0.44375 0.725 0.05 0.04375
9 0.46094 0.74219 0.06563 0.05937
6 0.47812 0.75938 0.05625 0.05
6 0.49844 0.77969 0.06562 0.05937
9 0.50781 0.8 0.06563 0.05
6 0.53594 0.83125 0.05938 0.05
9 0.55469 0.84844 0.04688 0.04063
9 0.5625 0.875 0.05 0.0375
9 0.57188 0.89062 0.05 0.04375
9 0.5875 0.90625 0.04375 0.0375
9 0.60312 0.925 0.05625 0.04375
9 0.63125 0.95625 0.05625 0.05
9 0.64844 0.97344 0.05313 0.05312
9 0.66875 0.99062 0.05625 0.01875
9 0.68594 0.99844 0.05937 0.00313
9 0.49062 0.25625 0.06875 0.075
9 0.5125 0.23594 0.06875 0.06562
9 0.52656 0.21719 0.05938 0.06562
9 0.53906 0.18906 0.07812 0.09063
9 0.5625 0.17344 0.0625 0.07187
9 0.59219 0.15469 0.07812 0.07187
9 0.60625 0.12969 0.09375 0.09062
9 0.62031 0.10312 0.06562 0.0625
9 0.67656 0.07344 0.05938 0.06562
9 0.69844 0.13438 0.06562 0.0625
9 0.75625 0.08594 0.06875 0.05938
9 0.70781 0.05625 0.04688 0.05625
9 0.73125 0.04688 0.05625 0.0625
9 0.74531 0.02812 0.07188 0.05625
9 0.77969 0.02031 0.05937 0.04062
9 0.80625 0.0125 0.05625 0.025
9 0.83438 0.00625 0.05 0.0125
9 0.85312 0.00312 0.075 0.00625
9 0.96875 0.08594 0.0625 0.09063
9 0.93594 0.10312 0.06563 0.08125
9 0.90312 0.11875 0.075 0.06875
9 0.8875 0.14062 0.0875 0.0875
9 0.8625 0.15313 0.075 0.075
9 0.83594 0.17031 0.05937 0.05938
6 0.82969 0.21719 0.09062 0.09687
6 0.79531 0.23281 0.08437 0.09687
5 0.77812 0.16875 0.05 0.04375
9 0.76094 0.24375 0.06562 0.08125
9 0.74844 0.27656 0.08437 0.09688
9 0.71094 0.27031 0.06563 0.07188
5 0.74844 0.30781 0.02812 0.03437
7 0.7125 0.31406 0.04375 0.04688
7 0.76562 0.35312 0.04375 0.05
7 0.71875 0.37031 0.0375 0.04063
9 0.73906 0.35625 0.04063 0.04375
9 0.65781 0.31094 0.07188 0.07812
9 0.63281 0.325 0.05937 0.05625
9 0.61719 0.35938 0.06563 0.0625
9 0.58594 0.39375 0.06563 0.075
9 0.57188 0.41562 0.08125 0.09375
9 0.54219 0.41406 0.07188 0.07812
9 0.50156 0.44062 0.05312 0.0625
9 0.475 0.45 0.05 0.05
9 0.45938 0.46875 0.05 0.0625
9 0.44375 0.48125 0.04375 0.05625
9 0.42656 0.49531 0.04688 0.04688
9 0.41719 0.51562 0.04688 0.05
9 0.45 0.55781 0.05 0.05312
9 0.47969 0.59531 0.04063 0.04688
9 0.49219 0.57969 0.03438 0.04063
9 0.52188 0.58906 0.0625 0.05938
9 0.56563 0.62344 0.04375 0.04063
9 0.51406 0.63438 0.04063 0.04375
9 0.59375 0.59375 0.04375 0.04375
9 0.60625 0.57344 0.05 0.05938
9 0.5125 0.49844 0.05 0.05313
9 0.53438 0.48438 0.0375 0.05
9 0.55156 0.47188 0.04063 0.04375
9 0.56406 0.53438 0.05312 0.0625
9 0.57812 0.51406 0.05625 0.05937
9 0.58594 0.475 0.06563 0.075
9 0.62656 0.52812 0.05312 0.0625
9 0.62344 0.48594 0.05312 0.06563
9 0.67188 0.50625 0.0625 0.0625
9 0.66094 0.52812 0.04063 0.04375
5 0.63594 0.45 0.04063 0.04375
9 0.64844 0.43281 0.05313 0.05312
9 0.66562 0.41875 0.05 0.0625
9 0.68594 0.40469 0.04688 0.05938
9 0.71094 0.475 0.05313 0.05625
9 0.74219 0.4375 0.06563 0.075
9 0.72344 0.45469 0.05312 0.05938
9 0.81875 0.41406 0.04375 0.04688
9 0.82344 0.3875 0.04688 0.04375
5 0.83906 0.38281 0.04063 0.04063
5 0.87031 0.36875 0.04688 0.05
5 0.88281 0.35312 0.04688 0.04375
5 0.80781 0.30781 0.05312 0.05938
6 0.83438 0.30312 0.05 0.05625
9 0.48281 0.53125 0.07188 0.06875
5 0.88125 0.22031 0.05 0.05313
9 0.87188 0.28125 0.0375 0.0375
9 0.89844 0.27031 0.04062 0.04688
9 0.91406 0.25938 0.04062 0.04375
9 0.93438 0.25469 0.03125 0.04063
9 0.96406 0.24062 0.04063 0.05
9 0.98125 0.23281 0.0375 0.04687
9 0.9125 0.20781 0.05625 0.05937
9 0.93438 0.20156 0.05 0.05938
9 0.96719 0.19531 0.06563 0.09687
9 0.97969 0.18438 0.04063 0.1
9 0.99219 0.175 0.01562 0.1
9 0.99062 0.275 0.01875 0.04375
9 0.97969 0.27969 0.04063 0.04688
9 0.94219 0.29531 0.04688 0.04688
9 0.92344 0.30781 0.04063 0.04688
9 0.90938 0.32188 0.05 0.05625
5 0.90625 0.45469 0.04375 0.04062
5 0.92656 0.49062 0.04688 0.04375
5 0.95156 0.51562 0.04063 0.0375
5 0.96719 0.53281 0.04688 0.04063
5 0.89219 0.49531 0.05312 0.04688
5 0.85156 0.525 0.04688 0.04375
5 0.89062 0.52031 0.04375 0.04063
5 0.86875 0.48438 0.04375 0.04375
5 0.83594 0.51562 0.04062 0.04375
5 0.80781 0.54219 0.04063 0.04063
5 0.79219 0.57656 0.04688 0.04063
5 0.82187 0.55313 0.0375 0.0375
5 0.83281 0.56719 0.04063 0.04063
5 0.84219 0.58438 0.04688 0.04375
5 0.8 0.59531 0.04375 0.04063
5 0.80938 0.61094 0.04375 0.04063
5 0.82656 0.62187 0.04688 0.04375
5 0.75625 0.60156 0.0375 0.04062
5 0.76406 0.61875 0.04063 0.0375
5 0.77656 0.63594 0.03437 0.03437
5 0.79219 0.65 0.04063 0.0375
5 0.83438 0.63906 0.04375 0.04063
5 0.85312 0.64844 0.04375 0.04062
5 0.82344 0.675 0.04063 0.0375
5 0.8375 0.68438 0.0375 0.0375
5 0.85625 0.59531 0.0375 0.03438
5 0.87344 0.60781 0.04063 0.04063
5 0.88594 0.62187 0.04688 0.04375
5 0.89062 0.56719 0.04375 0.04063
5 0.91719 0.59844 0.04063 0.03437
5 0.92969 0.61094 0.04062 0.03438
5 0.92344 0.54062 0.04688 0.0375
5 0.93594 0.55469 0.04688 0.04062
5 0.95312 0.56875 0.04375 0.0375
5 0.95938 0.58594 0.04375 0.04062
5 0.98281 0.5625 0.03438 0.0375
5 0.68125 0.63281 0.04375 0.04062
5 0.69219 0.64844 0.04063 0.04062
5 0.72344 0.67031 0.04688 0.04063
5 0.73438 0.68438 0.04375 0.0375
5 0.74688 0.7 0.04375 0.04375
5 0.77344 0.72344 0.04688 0.04063
5 0.7875 0.73906 0.04375 0.04063
5 0.69062 0.69844 0.04375 0.04063
5 0.70469 0.71094 0.04063 0.04062
5 0.72031 0.72031 0.04688 0.04063
5 0.72812 0.73906 0.04375 0.04063
5 0.74219 0.75 0.04062 0.0375
5 0.75625 0.76719 0.05 0.04063
5 0.62344 0.68281 0.04063 0.04063
5 0.63594 0.7 0.03437 0.0375
5 0.64688 0.71406 0.04375 0.04063
5 0.66406 0.72656 0.04062 0.04062
5 0.69062 0.75469 0.05 0.04688
5 0.70156 0.76719 0.04063 0.04063
5 0.71406 0.77969 0.04063 0.04063
5 0.59375 0.7125 0.04375 0.04375
5 0.60625 0.72812 0.04375 0.04375
5 0.62031 0.74062 0.04063 0.04375
5 0.63437 0.75469 0.0375 0.04063
5 0.64688 0.76875 0.0375 0.0375
5 0.65938 0.78125 0.04375 0.04375
5 0.66875 0.79531 0.04375 0.04063
5 0.67188 0.79375 0.0375 0.0375
5 0.68906 0.80312 0.03438 0.03125
5 0.69687 0.82031 0.0375 0.03438
5 0.71406 0.88906 0.03437 0.03438
5 0.80156 0.8125 0.04063 0.04375
5 0.81562 0.8 0.04375 0.04375
5 0.74063 0.8625 0.0375 0.04375
5 0.85781 0.82344 0.04063 0.04688
5 0.79531 0.86875 0.03438 0.0375
5 0.8125 0.85781 0.0375 0.04063
5 0.82656 0.84688 0.03438 0.0375
5 0.92031 0.87344 0.04063 0.04063
5 0.93438 0.86094 0.0375 0.04063
5 0.95469 0.84844 0.04688 0.04063
5 0.86563 0.86875 0.0375 0.04375
5 0.87969 0.85625 0.04063 0.05
5 0.96719 0.8375 0.03438 0.0375
9 0.975 0.78594 0.05 0.07188
9 0.98594 0.76562 0.02812 0.08125
9 0.99688 0.74531 0.00625 0.07812
9 0.97031 0.66094 0.05937 0.08437
9 0.99375 0.91562 0.0125 0.05
9 0.98281 0.92188 0.02812 0.05
9 0.96875 0.94375 0.03125 0.05
9 0.95156 0.95469 0.02812 0.04688
9 0.93438 0.9625 0.025 0.05
9 0.92031 0.97188 0.02812 0.05
9 0.9 0.97656 0.03125 0.04688
9 0.88438 0.98438 0.03125 0.03125
9 0.87344 0.98906 0.02812 0.02187
9 0.99531 0.97031 0.00938 0.05937
9 0.9875 0.98281 0.025 0.03438
9 0.97344 0.9875 0.04688 0.025
9 0.95312 0.99219 0.04375 0.01562
5 0.41875 0.6875 0.05 0.05
5 0.74219 0.58906 0.03438 0.03437
5 0.89844 0.63438 0.04062 0.04375
5 0.90469 0.58281 0.04688 0.04063
5 0.90781 0.82969 0.04063 0.04063
