48 0.63438 0.13125 0.73125 0.2625
48 0.88594 0.58281 0.22813 0.21563
48 0.56094 0.34844 0.15937 0.22813
48 0.83438 0.27812 0.33125 0.29375
48 0.99375 0.16719 0.0125 0.33438
48 0.88594 0.78438 0.22813 0.43125
5 0.90469 0.42812 0.03438 0.04375
5 0.82188 0.425 0.03125 0.05
31 0.00781 0.86406 0.01562 0.27187
5 0.77188 0.4375 0.025 0.04375
5 0.72031 0.45625 0.03438 0.05
10 0.61406 0.94531 0.17812 0.10938
5 0.68438 0.46719 0.025 0.04688
5 0.98594 0.41406 0.02812 0.02812
5 0.74688 0.44688 0.01875 0.04375
5 0.79375 0.42969 0.01875 0.04063
