5 0.69531 0.6625 0.02188 0.05
5 0.73594 0.02344 0.05937 0.02812
5 0.73125 0.00625 0.05 0.0125
48 0.00938 0.61094 0.01875 0.05937
48 0.16094 0.875 0.04688 0.04375
48 0.27812 0.67344 0.14375 0.14687
48 0.43125 0.81406 0.0875 0.13438
48 0.35938 0.78594 0.0875 0.04688
48 0.35312 0.56875 0.06875 0.08125
48 0.33906 0.49219 0.08437 0.07812
48 0.43281 0.54688 0.09063 0.125
48 0.49219 0.71875 0.14062 0.05625
48 0.64688 0.46406 0.05 0.07813
48 0.60781 0.50938 0.06563 0.075
48 0.59531 0.70781 0.09688 0.07188
48 0.81719 0.49688 0.05312 0.16875
48 0.94844 0.54688 0.09063 0.05625
48 0.98281 0.51719 0.03438 0.09063
48 0.8625 0.55469 0.04375 0.03438
48 0.95938 0.63594 0.08125 0.06562
48 0.94844 0.6875 0.10313 0.0625
48 0.95 0.8 0.1 0.1
48 0.36875 0.82031 0.05 0.04062
48 0.25625 0.86562 0.0875 0.05
48 0.44844 0.97969 0.09063 0.04063
48 0.91094 0.93281 0.09687 0.06562
48 0.85625 0.18281 0.09375 0.17188
48 0.28281 0.08906 0.12188 0.08438
48 0.41094 0.01875 0.15937 0.0375
48 0.52969 0.01406 0.12187 0.02812
48 0.9625 0.1375 0.05 0.10625
48 0.99219 0.22344 0.01562 0.04062
48 0.57031 0.12812 0.05313 0.0625
48 0.58438 0.17812 0.04375 0.04375
48 0.39688 0.08594 0.1 0.08438
48 0.10312 0.10625 0.04375 0.09375
48 0.10156 0.19062 0.04062 0.08125
48 0.09219 0.03594 0.04063 0.06562
48 0.44375 0.20781 0.05625 0.07812
48 0.55 0.05781 0.075 0.06562
48 0.19688 0.1625 0.0375 0.04375
48 0.20312 0.22031 0.04375 0.06562
48 0.24375 0.21719 0.03125 0.05938
48 0.26562 0.02031 0.09375 0.04062
48 0.32188 0.15937 0.04375 0.0625
48 0.52969 0.24375 0.07188 0.08125
48 0.33281 0.25938 0.04063 0.06875
48 0.32969 0.21094 0.04062 0.03437
48 0.3875 0.14375 0.05 0.03125
48 0.56719 0.29844 0.07188 0.03437
48 0.59219 0.25312 0.04688 0.05
48 0.88594 0.02344 0.07812 0.04062
48 0.82656 0.02812 0.03438 0.0375
48 0.78125 0.00938 0.04375 0.01875
48 0.98438 0.94375 0.03125 0.05
48 0.99375 0.87344 0.0125 0.06563
48 0.9875 0.40938 0.025 0.08125
48 0.87812 0.44844 0.09375 0.07812
48 0.65469 0.65156 0.04688 0.10313
48 0.35312 0.94688 0.10625 0.08125
48 0.17812 0.93594 0.0625 0.08437
48 0.50625 0.84844 0.06875 0.04063
48 0.5875 0.80312 0.1375 0.125
48 0.96406 0.04219 0.07188 0.08438
48 0.25781 0.5875 0.08437 0.04375
48 0.12969 0.57656 0.04688 0.07188
48 0.21094 0.65625 0.05312 0.08125
48 0.02188 0.92656 0.04375 0.09063
48 0.01562 0.83438 0.03125 0.1
48 0.02031 0.98594 0.04062 0.02812
48 0.35156 0.8625 0.07188 0.04375
48 0.10781 0.29375 0.07187 0.04375
48 0.17031 0.325 0.03437 0.03125
48 0.17188 0.2875 0.0375 0.0375
48 0.37188 0.24688 0.0375 0.10625
48 0.45312 0.14531 0.04375 0.04062
48 0.36562 0.18125 0.03125 0.025
48 0.95 0.97969 0.1 0.04063
48 0.23125 0.48438 0.1875 0.10625
48 0.00312 0.4875 0.00625 0.08125
