48 0.09844 0.95312 0.07813 0.09375
48 0.25312 0.94688 0.26875 0.10625
48 0.90938 0.81719 0.18125 0.19062
48 0.43437 0.69062 0.3125 0.3
48 0.3125 0.63281 0.14375 0.22188
48 0.92969 0.60156 0.14062 0.17813
48 0.97031 0.94531 0.05937 0.10938
48 0.175 0.96562 0.1875 0.06875
48 0.32969 0.82344 0.28438 0.22813
5 0.55156 0.25938 0.05938 0.0375
48 0.30156 0.95781 0.10938 0.08437
5 0.57344 0.35469 0.04688 0.04063
5 0.52969 0.31562 0.03438 0.0625
5 0.69844 0.225 0.05312 0.05625
5 0.60469 0.18281 0.03437 0.04688
48 0.29688 0.28594 0.3375 0.34688
5 0.65 0.20625 0.0375 0.05625
48 0.39375 0.5 0.10625 0.1
48 0.30938 0.40625 0.13125 0.1125
48 0.875 0.92812 0.1375 0.08125
48 0.53438 0.55312 0.16875 0.16875
48 0.20469 0.89219 0.14063 0.10938
5 0.56563 0.30625 0.03125 0.05
