6 0.25312 0.075 0.0375 0.075
5 0.57031 0.9875 0.02812 0.025
5 0.84062 0.59531 0.05 0.02187
48 0.75781 0.54219 0.48438 0.19688
6 0.38906 0.48594 0.04688 0.07187
48 0.34375 0.9375 0.26875 0.125
48 0.79531 0.01875 0.29688 0.0375
48 0.49687 0.04688 0.28125 0.09375
5 0.50938 0.98125 0.03125 0.0375
48 0.12188 0.97188 0.225 0.05625
5 0.40312 0.62656 0.05 0.05312
5 0.20938 0.05781 0.05 0.05313
5 0.49531 0.825 0.04063 0.05625
48 0.4125 0.0125 0.275 0.025
5 0.5125 0.90156 0.05625 0.04063
5 0.57969 0.90781 0.04688 0.06563
5 0.31719 0.13594 0.05312 0.05313
5 0.64375 0.41562 0.04375 0.025
5 0.36094 0.51562 0.05313 0.05
5 0.27969 0.24375 0.06562 0.05
48 0.75 0.92188 0.04375 0.15625
5 0.10625 0.55 0.05 0.025
5 0.54375 0.39688 0.04375 0.03125
48 0.925 0.91875 0.15 0.1625
5 0.70469 0.34531 0.03438 0.02188
51 0.54688 0.21406 0.31875 0.33438
5 0.70156 0.39531 0.05312 0.02187
48 0.12031 0.30469 0.24062 0.30937
5 0.54375 0.44844 0.05625 0.04688
5 0.22812 0.00781 0.04375 0.01562
5 0.60625 0.375 0.03125 0.01875
5 0.52031 0.75469 0.03437 0.04063
5 0.33125 0.31719 0.06875 0.05312
5 0.09531 0.525 0.07812 0.025
48 0.91094 0.37031 0.17812 0.12812
5 0.41562 0.56875 0.0625 0.05625
48 0.03594 0.69687 0.07187 0.18125
48 0.06406 0.84688 0.12812 0.2
48 0.74531 0.93438 0.24062 0.13125
48 0.075 0.0625 0.15 0.125
48 0.29688 0.80313 0.225 0.18125
5 0.45156 0.79688 0.06562 0.05
5 0.43594 0.46875 0.05313 0.05625
48 0.82656 0.17812 0.34688 0.31875
48 0.22031 0.64062 0.24688 0.175
48 0.99062 0.46406 0.01875 0.16563
