48 0.2 0.53125 0.4 0.84375
48 0.8 0.77344 0.4 0.45312
9 0.94688 0.41562 0.08125 0.08125
5 0.13125 0.18594 0.025 0.03437
5 0.11406 0.27969 0.02812 0.03437
5 0.12812 0.29375 0.025 0.025
5 0.14531 0.30938 0.02812 0.025
5 0.17031 0.20156 0.02813 0.03437
5 0.19375 0.20938 0.01875 0.03125
5 0.29063 0.25 0.025 0.0375
5 0.15625 0.32812 0.025 0.03125
5 0.175 0.33906 0.025 0.03437
5 0.18906 0.35312 0.02813 0.0375
5 0.23281 0.38906 0.02813 0.04062
5 0.25312 0.4 0.025 0.0375
5 0.27187 0.40625 0.025 0.0375
5 0.29063 0.41406 0.03125 0.04063
5 0.30938 0.42344 0.03125 0.04062
5 0.33125 0.43594 0.03125 0.04062
5 0.37188 0.40625 0.03125 0.0375
5 0.35312 0.39219 0.03125 0.04062
5 0.31719 0.37656 0.02813 0.03437
5 0.29219 0.37031 0.02813 0.04063
5 0.27344 0.36094 0.02812 0.04062
5 0.31719 0.52656 0.02813 0.04063
5 0.275 0.51094 0.03125 0.04063
5 0.54688 0.36719 0.03125 0.04688
5 0.58281 0.38281 0.03437 0.04688
5 0.60469 0.39219 0.02813 0.04062
5 0.62813 0.47031 0.0375 0.03437
5 0.60312 0.50781 0.0375 0.04062
5 0.56563 0.53125 0.0375 0.03125
5 0.48594 0.34219 0.03438 0.04062
53 0.34062 0.34375 0.68125 0.4875
