44 0.53281 0.97656 0.06563 0.04688
44 0.45469 0.93438 0.07187 0.08125
44 0.42656 0.9125 0.07188 0.0875
44 0.33125 0.825 0.06875 0.08125
44 0.30156 0.80312 0.07188 0.08125
48 0.42656 0.1625 0.40313 0.325
48 0.92344 0.09688 0.15312 0.19375
44 0.85469 0.92656 0.08437 0.07188
44 0.79531 0.97812 0.07188 0.04375
44 0.78125 0.98594 0.08125 0.02812
44 0.75937 0.99531 0.0875 0.00938
4 0.97969 0.81562 0.04063 0.04375
9 0.92188 0.85938 0.075 0.0625
44 0.50313 0.9625 0.075 0.075
44 0.48281 0.94531 0.07188 0.08438
