48 0.15313 0.42656 0.30625 0.77188
48 0.30938 0.14844 0.61875 0.29688
5 0.49375 0.20469 0.03125 0.04062
5 0.52344 0.21562 0.02812 0.03125
5 0.60625 0.15 0.03125 0.03125
5 0.59531 0.16719 0.02812 0.02812
9 0.24375 0.39375 0.1 0.075
5 0.62969 0.775 0.04063 0.05
5 0.65156 0.78438 0.02813 0.04375
5 0.66094 0.72812 0.03437 0.04375
5 0.68125 0.74219 0.0375 0.04062
5 0.68906 0.68125 0.03438 0.0375
5 0.7125 0.7 0.03125 0.0375
5 0.72031 0.66406 0.04688 0.02812
5 0.75 0.80781 0.05 0.03437
5 0.79219 0.83906 0.04688 0.03437
5 0.83281 0.86406 0.04688 0.04063
5 0.87656 0.89219 0.04688 0.03438
5 0.86562 0.91406 0.04375 0.03438
5 0.84219 0.92969 0.04063 0.04062
5 0.88438 0.95625 0.04375 0.03125
5 0.90469 0.94062 0.04063 0.03125
5 0.92656 0.98438 0.04688 0.03125
5 0.95 0.97188 0.04375 0.03125
5 0.97031 0.99688 0.04063 0.00625
5 0.98281 0.98906 0.03438 0.02187
48 0.79531 0.98906 0.40938 0.02187
9 0.87188 0.99531 0.0875 0.00938
9 0.12812 0.76719 0.05625 0.06563
9 0.10156 0.74844 0.05312 0.06563
5 0.26406 0.66406 0.04062 0.03438
5 0.275 0.64688 0.04375 0.0375
5 0.29219 0.62813 0.04688 0.03125
5 0.30937 0.61094 0.05 0.03438
5 0.47031 0.54219 0.04062 0.04688
5 0.28125 0.27656 0.04375 0.03437
5 0.32188 0.30469 0.03125 0.02812
5 0.58594 0.02188 0.03438 0.04375
9 0.90938 0.39062 0.05625 0.05
5 0.9375 0.11562 0.025 0.03125
48 0.89219 0.72344 0.21562 0.55312
48 0.95781 0.43594 0.08437 0.73438
