48 0.56875 0.37031 0.16875 0.12188
48 0.47656 0.44219 0.17813 0.13438
48 0.62344 0.84062 0.17188 0.125
48 0.53438 0.90938 0.1625 0.13125
48 0.41094 0.96719 0.17812 0.06563
48 0.72344 0.49844 0.17188 0.15937
48 0.91875 0.3625 0.15625 0.125
48 0.98281 0.31406 0.03438 0.09687
48 0.39844 0.75 0.10313 0.09375
48 0.87656 0.15156 0.20937 0.17188
48 0.99531 0.51719 0.00938 0.10312
48 0.18125 0.92188 0.1375 0.125
48 0.8625 0.67812 0.1625 0.1125
48 0.27656 0.85625 0.12188 0.10625
48 0.75156 0.74219 0.13438 0.11563
48 0.98438 0.03281 0.03125 0.06562
48 0.60938 0.59062 0.11875 0.1125
