48 0.68125 0.01562 0.15625 0.03125
48 0.13906 0.58281 0.17188 0.17187
48 0.03906 0.73906 0.07812 0.19062
48 0.22813 0.00156 0.25625 0.00312
48 0.22969 0.05938 0.11562 0.10625
48 0.11406 0.86719 0.22812 0.26562
48 0.04062 0.1625 0.08125 0.1625
48 0.08594 0.07344 0.17188 0.14062
48 0.3375 0.88281 0.20625 0.19687
48 0.5375 0.56406 0.05625 0.07812
48 0.70781 0.57031 0.07188 0.10312
48 0.54688 0.27812 0.19375 0.15625
48 0.7 0.86719 0.16875 0.12187
48 0.62813 0.5625 0.14375 0.11875
5 0.46562 0.58594 0.05 0.06563
48 0.66719 0.71875 0.14687 0.1375
48 0.84531 0.975 0.07188 0.05
48 0.58594 0.43594 0.21562 0.15937
