50 0.31875 0.89062 0.30625 0.11875
48 0.00938 0.86562 0.01875 0.1125
5 0.02812 0.06094 0.0375 0.05938
5 0.21562 0.22813 0.0875 0.025
5 0.98906 0.21406 0.02187 0.02188
48 0.09844 0.87344 0.14688 0.09688
48 0.01719 0.4375 0.03438 0.0875
48 0.10781 0.44531 0.15937 0.09688
48 0.23438 0.42969 0.09375 0.09688
48 0.29531 0.44688 0.07187 0.1375
48 0.26719 0.63906 0.09063 0.24687
48 0.80625 0.01562 0.08125 0.03125
48 0.89531 0.01719 0.09687 0.03438
48 0.30938 0.03281 0.4875 0.06562
48 0.00469 0.07969 0.00938 0.05312
48 0.00469 0.72969 0.00938 0.04688
48 0.06875 0.80469 0.05 0.04688
48 0.24062 0.49688 0.08125 0.05625
48 0.93281 0.74688 0.05312 0.04375
48 0.00781 0.00469 0.01562 0.00938
