48 0.07344 0.04531 0.14688 0.09062
48 0.01406 0.47188 0.02812 0.075
48 0.01094 0.38906 0.02188 0.07812
48 0.75938 0.27969 0.2375 0.15313
48 0.21562 0.63906 0.20625 0.15312
48 0.02656 0.66406 0.05312 0.10312
48 0.40469 0.36875 0.30313 0.225
48 0.49531 0.55469 0.11562 0.09688
48 0.00781 0.25156 0.01562 0.04062
5 0.12969 0.125 0.02812 0.0375
48 0.23125 0.18906 0.35 0.27812
5 0.35625 0.96562 0.0375 0.0375
5 0.25313 0.84062 0.04375 0.03125
48 0.00625 0.16406 0.0125 0.10938
48 0.95938 0.65156 0.08125 0.12812
48 0.00469 0.95 0.00938 0.1
48 0.98906 0.46719 0.02187 0.16563
5 0.17656 0.74844 0.04688 0.03438
5 0.09375 0.5125 0.0375 0.0375
48 0.74844 0.82187 0.19688 0.1625
48 0.375 0.05938 0.275 0.11875
48 0.28125 0.70781 0.13125 0.12188
48 0.38594 0.84219 0.21562 0.15312
48 0.60625 0.59531 0.23125 0.12187
48 0.625 0.72344 0.2875 0.15313
48 0.11406 0.84688 0.22188 0.20625
5 0.22344 0.80469 0.04688 0.03438
48 0.65156 0.04219 0.29688 0.08438
48 0.68125 0.17656 0.23125 0.23438
48 0.45625 0.69219 0.20625 0.10938
5 0.19062 0.775 0.04375 0.03125
48 0.84219 0.41094 0.25938 0.26562
48 0.85469 0.96562 0.24062 0.06875
5 0.29688 0.90781 0.0625 0.03438
5 0.10312 0.39688 0.05625 0.04375
48 0.22344 0.9875 0.32812 0.025
48 0.00312 0.31719 0.00625 0.10313
5 0.09688 0.475 0.03125 0.0375
5 0.275 0.87344 0.05 0.04063
48 0.16562 0.55469 0.14375 0.17813
5 0.03125 0.97812 0.04375 0.04375
5 0.10625 0.35625 0.04375 0.04375
48 0.00625 0.76406 0.0125 0.12813
5 0.10312 0.43594 0.05 0.04688
48 0.55156 0.48906 0.14062 0.11562
5 0.38438 0.99375 0.05 0.0125
48 0.4875 0.93281 0.14375 0.13438
48 0.91719 0.5625 0.16563 0.14375
48 0.93906 0.96719 0.12187 0.06563
48 0.53125 0.30469 0.2375 0.19062
