48 0.01719 0.15469 0.03438 0.20938
48 0.08438 0.71406 0.09375 0.05938
48 0.17344 0.92656 0.11562 0.14687
48 0.2625 0.31875 0.0625 0.1125
48 0.35938 0.37969 0.0875 0.07188
48 0.27187 0.62813 0.13125 0.1
48 0.35 0.85938 0.18125 0.20625
48 0.12188 0.32188 0.08125 0.05625
48 0.41406 0.2125 0.10313 0.06875
48 0.66562 0.16719 0.10625 0.10312
48 0.04688 0.54844 0.075 0.07812
48 0.06094 0.11875 0.12188 0.175
48 0.62031 0.53438 0.14687 0.09375
48 0.05156 0.93906 0.10312 0.12187
48 0.75781 0.45938 0.06563 0.06875
48 0.73594 0.12969 0.09062 0.11562
48 0.94375 0.15313 0.08125 0.04375
48 0.09062 0.42188 0.075 0.05
48 0.79219 0.3125 0.08437 0.0875
48 0.57656 0.39375 0.13438 0.11875
48 0.00625 0.9625 0.0125 0.075
48 0.1 0.92344 0.0875 0.09062
48 0.79219 0.11719 0.09687 0.11562
48 0.02188 0.675 0.04375 0.09375
48 0.75937 0.22656 0.0875 0.08437
48 0.94219 0.07187 0.11562 0.14375
48 0.67813 0.64062 0.11875 0.08125
48 0.11875 0.75781 0.075 0.04062
48 0.15781 0.66875 0.10938 0.1125
48 0.22031 0.56094 0.09063 0.07812
48 0.32969 0.99844 0.11563 0.00313
48 0.55156 0.97188 0.06562 0.05
48 0.23281 0.44219 0.08438 0.08437
48 0.82187 0.20938 0.06875 0.075
48 0.1875 0.36875 0.05625 0.08125
48 0.2875 0.40469 0.05625 0.05938
48 0.47656 0.18594 0.09688 0.07187
48 0.44375 0.35938 0.06875 0.0625
48 0.8625 0.10469 0.075 0.12188
48 0.02656 0.425 0.05312 0.125
48 0.21094 0.3375 0.06562 0.1375
48 0.46406 0.43125 0.09687 0.09375
48 0.1125 0.50313 0.075 0.09375
48 0.17031 0.46406 0.06562 0.09687
48 0.39062 0.98125 0.09375 0.0375
48 0.96719 0.20469 0.06563 0.07812
48 0.325 0.46562 0.06875 0.0875
48 0.49688 0.24844 0.10625 0.07812
48 0.32812 0.31563 0.06875 0.08125
48 0.07031 0.63437 0.09063 0.1
48 0.08125 0.37031 0.05625 0.05312
48 0.14688 0.38438 0.06875 0.0875
48 0.69219 0.30156 0.09063 0.08437
48 0.89219 0.20156 0.08437 0.12188
48 0.16094 0.08281 0.17812 0.16562
48 0.36562 0.05312 0.33125 0.10625
48 0.00312 0.56875 0.00625 0.0875
48 0.25469 0.92188 0.11562 0.15
48 0.85156 0.28594 0.10312 0.12187
48 0.88125 0.58438 0.2375 0.275
48 0.99531 0.74062 0.00938 0.16875
51 0.95312 0.95781 0.09375 0.08437
5 0.96406 0.39219 0.02187 0.04062
5 0.92344 0.4125 0.02812 0.05625
5 0.94219 0.39844 0.02187 0.04063
