48 0.67188 0.17188 0.15625 0.1875
48 0.76719 0.19219 0.17812 0.19688
5 0.89688 0.21719 0.04375 0.06562
48 0.80156 0.55937 0.18438 0.2375
48 0.71719 0.05781 0.16563 0.11562
5 0.75469 0.74219 0.04688 0.04688
48 0.5375 0.02969 0.15625 0.05938
5 0.00156 0.10156 0.00312 0.02813
48 0.42344 0.58281 0.66562 0.34688
48 0.08438 0.90938 0.16875 0.18125
5 0.72188 0.93281 0.04375 0.04063
5 0.775 0.72812 0.04375 0.05
48 0.14688 0.30625 0.14375 0.2125
48 0.00625 0.25156 0.0125 0.16562
48 0.96562 0.87188 0.06875 0.2375
5 0.6875 0.92031 0.05 0.05312
48 0.27812 0.05625 0.13125 0.1125
48 0.05312 0.00625 0.10625 0.0125
48 0.38281 0.075 0.12813 0.15
48 0.50781 0.97812 0.14062 0.04375
48 0.62813 0.99531 0.125 0.00938
48 0.84062 0.075 0.14375 0.15
48 0.05469 0.57812 0.10938 0.25
