48 0.35 0.71719 0.2125 0.25938
48 0.30781 0.53125 0.25938 0.14375
11 0.00781 0.17812 0.01562 0.15
11 0.03281 0.16719 0.06562 0.14688
11 0.0875 0.17031 0.075 0.14687
11 0.12969 0.16094 0.06562 0.14688
11 0.17344 0.12812 0.06562 0.15
11 0.22031 0.14219 0.07187 0.15313
11 0.27031 0.14062 0.05937 0.1375
11 0.44688 0.11094 0.06875 0.14688
11 0.48906 0.10625 0.07188 0.14375
11 0.39688 0.12188 0.06875 0.15
11 0.53594 0.10938 0.08437 0.15
11 0.59375 0.11562 0.08125 0.15
13 0.63906 0.09375 0.07188 0.125
11 0.72656 0.09531 0.07812 0.13438
11 0.79062 0.09844 0.0625 0.14062
11 0.8375 0.09219 0.05625 0.15313
11 0.88125 0.09688 0.06875 0.14375
11 0.83125 0.20781 0.23125 0.07812
11 0.29844 0.38438 0.21562 0.04375
5 0.50938 0.37969 0.0625 0.02187
5 0.00156 0.67656 0.00312 0.01562
5 0.00781 0.83906 0.01562 0.04063
5 0.56719 0.65 0.05312 0.03125
5 0.49687 0.62813 0.05 0.01875
5 0.64062 0.69375 0.04375 0.03125
5 0.69687 0.75 0.05625 0.025
11 0.84219 0.55469 0.12187 0.11563
5 0.01406 0.63281 0.02812 0.02188
5 0.00156 0.61562 0.00312 0.01875
53 0.01719 0.67344 0.03438 0.13438
5 0.51094 0.4375 0.04688 0.01875
