48 0.75 0.24375 0.1125 0.10625
48 0.1375 0.48594 0.15625 0.10312
48 0.02031 0.47188 0.04062 0.13125
48 0.38438 0.275 0.15625 0.10625
5 0.45469 0.54062 0.04688 0.01875
5 0.55625 0.54375 0.04375 0.025
5 0.67031 0.61094 0.01562 0.04688
5 0.78594 0.55469 0.04688 0.02188
5 0.37187 0.71875 0.05 0.01875
5 0.36562 0.74219 0.05 0.02812
5 0.35781 0.77344 0.05313 0.02188
5 0.36875 0.82969 0.03125 0.04688
5 0.51094 0.88125 0.02813 0.05
5 0.47969 0.88594 0.03437 0.04063
5 0.43438 0.87656 0.025 0.03438
5 0.45625 0.88281 0.025 0.04062
5 0.68906 0.6125 0.02187 0.04375
5 0.83906 0.61719 0.02187 0.04688
5 0.74062 0.61406 0.01875 0.04063
5 0.7625 0.61719 0.025 0.04688
5 0.84844 0.99844 0.03437 0.00313
5 0.65781 0.72656 0.02187 0.04062
5 0.30156 0.74062 0.04688 0.04375
5 0.98125 0.56406 0.0375 0.02187
48 0.90781 0.2625 0.16563 0.11875
5 0.98906 0.64219 0.02187 0.05312
5 0.65312 0.77031 0.01875 0.04063
5 0.96875 0.99062 0.05 0.01875
5 0.70781 0.72031 0.01562 0.05312
5 0.89219 0.98281 0.02812 0.03438
48 0.07656 0.89219 0.15313 0.21562
48 0.66094 0.38438 0.17188 0.1125
5 0.49062 0.59844 0.025 0.04063
5 0.84531 0.9875 0.04688 0.025
5 0.70469 0.78125 0.02812 0.05
5 0.91719 0.63125 0.02187 0.05625
5 0.94531 0.49062 0.04062 0.025
5 0.60469 0.72188 0.02187 0.05
5 0.80625 0.81094 0.04375 0.02187
8 0.92969 0.55937 0.05937 0.0375
5 0.97812 0.80156 0.04375 0.02187
5 0.85781 0.84062 0.05312 0.025
5 0.36719 0.69531 0.05312 0.02188
5 0.37813 0.62656 0.05 0.02187
5 0.68125 0.72344 0.01875 0.04688
5 0.85156 0.93594 0.04688 0.02187
5 0.55156 0.76406 0.02187 0.04063
5 0.8625 0.76875 0.04375 0.025
5 0.85312 0.86406 0.05625 0.02187
5 0.80938 0.78594 0.05 0.02187
5 0.71406 0.6125 0.02813 0.04375
5 0.53438 0.87969 0.01875 0.04688
5 0.40469 0.86875 0.03437 0.05625
5 0.31406 0.63594 0.03437 0.04688
5 0.50625 0.76562 0.025 0.04375
5 0.59375 0.60625 0.025 0.04375
5 0.60156 0.76719 0.01562 0.04688
5 0.80312 0.88438 0.04375 0.01875
5 0.79844 0.92969 0.04688 0.02188
10 0.31875 0.575 0.04375 0.0625
5 0.65 0.98438 0.04375 0.01875
5 0.96719 0.96875 0.05937 0.01875
5 0.69844 0.55 0.04688 0.01875
5 0.80781 0.61563 0.04063 0.05625
5 0.9625 0.64062 0.01875 0.04375
5 0.8125 0.74063 0.05 0.025
5 0.93906 0.64219 0.02812 0.05312
53 0.66094 0.77656 0.67812 0.44688
48 0.02812 0.24219 0.05625 0.39062
5 0.98281 0.72969 0.03438 0.02187
5 0.37344 0.64844 0.04688 0.02188
5 0.25625 0.48438 0.03125 0.05
48 0.86875 0.375 0.14375 0.0875
48 0.15156 0.26406 0.11562 0.35312
5 0.45781 0.75469 0.02187 0.04063
48 0.10938 0.00781 0.21875 0.01562
5 0.7875 0.61719 0.025 0.04688
5 0.7875 0.99219 0.05625 0.01562
48 0.39375 0.96094 0.4 0.07812
5 0.85625 0.9125 0.04375 0.01875
5 0.80156 0.83906 0.04688 0.02187
5 0.4625 0.70625 0.01875 0.05
5 0.51094 0.70625 0.01562 0.05
5 0.86719 0.71719 0.04688 0.02187
5 0.81094 0.71719 0.05312 0.02812
5 0.88594 0.62969 0.02187 0.04063
48 0.39062 0.36719 0.16875 0.09062
5 0.80469 0.8625 0.04062 0.025
5 0.52812 0.76406 0.01875 0.04063
5 0.2875 0.87031 0.03125 0.05312
5 0.64531 0.60781 0.02187 0.04063
5 0.48438 0.76094 0.025 0.04688
5 0.22344 0.86094 0.01562 0.04063
5 0.96562 0.94219 0.05 0.02813
5 0.62813 0.71875 0.01875 0.05
5 0.5375 0.71875 0.01875 0.04375
5 0.97344 0.87188 0.05312 0.025
5 0.99844 0.99375 0.00313 0.0125
5 0.97812 0.84688 0.04375 0.025
5 0.48594 0.70469 0.02188 0.05312
5 0.86094 0.625 0.02812 0.05625
5 0.97812 0.75625 0.04375 0.01875
48 0.60469 0.23906 0.19062 0.07812
5 0.37031 0.67344 0.05312 0.02187
5 0.67812 0.77344 0.01875 0.04688
5 0.57969 0.71562 0.01562 0.04375
5 0.84219 0.55312 0.05312 0.01875
5 0.22656 0.78906 0.02187 0.05313
48 0.075 0.63906 0.15 0.20312
5 0.54219 0.60156 0.01562 0.04062
5 0.97656 0.825 0.04688 0.01875
5 0.57969 0.76562 0.02187 0.0375
48 0.99688 0.07344 0.00625 0.12813
5 0.62031 0.60938 0.00938 0.05
48 0.56875 0.00312 0.43125 0.00625
48 0.40312 0.17344 0.09375 0.08438
5 0.85 0.95938 0.05625 0.01875
5 0.8 0.90781 0.05 0.02187
5 0.5625 0.88125 0.025 0.05
5 0.62813 0.775 0.025 0.05625
5 0.50313 0.54062 0.05 0.01875
5 0.86094 0.81562 0.04688 0.01875
5 0.36094 0.79375 0.04688 0.025
5 0.79844 0.95312 0.04063 0.025
5 0.97969 0.77656 0.04063 0.02187
5 0.41562 0.59375 0.01875 0.05625
48 0.53438 0.37969 0.08125 0.11562
5 0.86406 0.79688 0.05312 0.01875
5 0.8125 0.7625 0.04375 0.01875
5 0.65469 0.99844 0.05312 0.00313
5 0.56719 0.60312 0.02187 0.05
5 0.85625 0.88594 0.05625 0.02187
5 0.86719 0.74063 0.04688 0.025
5 0.6 0.54531 0.0375 0.02187
5 0.79375 0.97812 0.04375 0.01875
5 0.44375 0.58906 0.01875 0.05938
