39 0.03906 0.34062 0.03438 0.0625
8 0.01094 0.20156 0.02188 0.04062
7 0.70312 0.00312 0.0375 0.00625
48 0.51719 0.5 0.22812 0.175
48 0.25 0.10781 0.34375 0.21562
48 0.66875 0.90469 0.14375 0.09062
48 0.71719 0.41562 0.17812 0.3
48 0.90938 0.3 0.18125 0.45625
48 0.27187 0.1125 0.36875 0.225
48 0.72656 0.11094 0.12187 0.10312
5 0.97344 0.04062 0.02813 0.01875
48 0.7375 0.75469 0.225 0.19062
48 0.25781 0.51094 0.26562 0.22187
48 0.96406 0.64219 0.07188 0.12813
48 0.33594 0.78125 0.42812 0.40625
48 0.19688 0.34219 0.175 0.10312
5 0.95781 0.00469 0.03437 0.00938
48 0.00625 0.09062 0.0125 0.18125
48 0.24219 0.87188 0.41562 0.25625
5 0.24844 0.22344 0.04062 0.01562
48 0.84219 0.04375 0.19063 0.0875
5 0.30781 0.22969 0.03437 0.02812
48 0.82656 0.87812 0.34688 0.24375
48 0.3875 0.42188 0.125 0.16875
48 0.6125 0.96406 0.15 0.07188
5 0.03594 0.45 0.02188 0.05
