48 0.96875 0.7875 0.0625 0.11875
48 0.89062 0.70781 0.1125 0.07188
48 0.93594 0.75312 0.05937 0.075
48 0.79531 0.67031 0.10313 0.07188
48 0.80313 0.4625 0.24375 0.29375
48 0.97344 0.50313 0.05312 0.0875
48 0.60156 0.43437 0.12813 0.1125
48 0.55312 0.52969 0.10625 0.12812
48 0.61406 0.54219 0.04063 0.10938
48 0.45938 0.4375 0.125 0.1
48 0.44219 0.52031 0.10938 0.09687
48 0.49688 0.23594 0.1 0.09063
48 0.54844 0.33438 0.14062 0.13125
48 0.58906 0.25 0.09687 0.0875
48 0.50313 0.05 0.175 0.1
48 0.52344 0.15937 0.10312 0.0875
48 0.52656 0.70312 0.10938 0.1125
48 0.49531 0.89688 0.19688 0.20625
48 0.42031 0.99688 0.15937 0.00625
53 0.87188 0.99688 0.25625 0.00625
48 0.05625 0.68125 0.1125 0.0875
48 0.02344 0.29844 0.04688 0.10312
