48 0.78594 0.11562 0.24688 0.23125
48 0.93281 0.11094 0.13438 0.22188
48 0.89375 0.775 0.2125 0.2
48 0.72344 0.72031 0.24062 0.30312
48 0.40625 0.11562 0.29375 0.23125
48 0.79062 0.44375 0.3125 0.29375
48 0.92188 0.62969 0.15625 0.24688
48 0.96094 0.40938 0.07812 0.24375
48 0.13125 0.1 0.25625 0.19375
48 0.02344 0.08906 0.04688 0.17188
48 0.73281 0.96719 0.22813 0.06563
48 0.91875 0.97656 0.1625 0.04688
48 0.41875 0.97031 0.2125 0.05937
48 0.06406 0.98125 0.12812 0.0375
48 0.2125 0.97188 0.24375 0.05625
48 0.45469 0.725 0.19687 0.225
48 0.03438 0.73281 0.06875 0.23438
48 0.025 0.40938 0.05 0.225
48 0.09219 0.56563 0.18438 0.15
48 0.15156 0.74688 0.20312 0.21875
48 0.29375 0.72031 0.1625 0.24687
48 0.40781 0.55312 0.25313 0.175
48 0.25 0.55156 0.15 0.18438
48 0.14219 0.39062 0.21562 0.21875
48 0.39062 0.38281 0.3 0.19688
5 0.3125 0.27812 0.06875 0.03125
5 0.98281 0.28281 0.03438 0.02188
5 0.9125 0.22031 0.03125 0.01562
5 0.71562 0.2875 0.05625 0.01875
5 0.13125 0.20625 0.04375 0.025
5 0.65938 0.02969 0.03125 0.04688
5 0.47344 0.90625 0.05312 0.025
5 0.55156 0.98594 0.02813 0.02812
5 0.25781 0.20781 0.05937 0.02812
5 0.08281 0.20469 0.06562 0.05313
5 0.57031 0.64688 0.02812 0.05
5 0.57344 0.47031 0.04063 0.05938
5 0.88125 0.88438 0.06875 0.05
5 0.2375 0.85156 0.06875 0.05313
5 0.56563 0.79062 0.04375 0.06875
8 0.87188 0.925 0.075 0.0375
