6 0.5625 0.60312 0.0625 0.11875
6 0.60625 0.59375 0.06875 0.125
6 0.53594 0.29531 0.11562 0.05313
9 0.60781 0.42344 0.06563 0.04062
5 0.99531 0.58906 0.00938 0.02187
5 0.99531 0.72344 0.00938 0.02187
9 0.46094 0.49531 0.04063 0.06562
9 0.51562 0.58281 0.03125 0.05938
48 0.92813 0.37813 0.1 0.075
48 0.6875 0.45312 0.08125 0.0875
5 0.99688 0.21094 0.00625 0.03437
5 0.9375 0.24844 0.03125 0.05938
5 0.97812 0.26719 0.03125 0.04688
5 0.9625 0.29219 0.01875 0.04688
5 0.9375 0.30781 0.025 0.04688
48 0.67031 0.16562 0.15312 0.33125
9 0.47656 0.06094 0.06563 0.03438
10 0.29688 0.33281 0.05625 0.04063
10 0.52656 0.225 0.07813 0.04375
9 0.55781 0.25 0.06562 0.03125
9 0.51719 0.1875 0.06563 0.0375
9 0.47031 0.14531 0.06563 0.03438
9 0.45469 0.10156 0.06562 0.03437
9 0.575 0.35312 0.075 0.0375
48 0.82031 0.37344 0.12813 0.09687
48 0.83594 0.45156 0.13437 0.07812
5 0.98281 0.7 0.03438 0.03125
9 0.35312 0.50313 0.075 0.0375
9 0.30625 0.45781 0.0625 0.02813
