48 0.44688 0.00938 0.075 0.01875
48 0.09531 0.00156 0.09062 0.00312
48 0.025 0.09844 0.05 0.05313
48 0.10156 0.09219 0.07812 0.09688
48 0.175 0.15937 0.18125 0.1875
48 0.27656 0.23438 0.13438 0.14375
48 0.01875 0.13906 0.0375 0.13438
48 0.04219 0.24062 0.08438 0.1625
48 0.175 0.34531 0.11875 0.10938
48 0.21094 0.28594 0.07812 0.06562
48 0.02031 0.35469 0.04062 0.06562
48 0.08906 0.21562 0.09688 0.08125
48 0.05312 0.26406 0.06875 0.07187
48 0.00469 0.00156 0.00938 0.00312
48 0.23438 0.96719 0.35625 0.06563
48 0.00469 0.54688 0.00938 0.08125
48 0.01406 0.63125 0.02812 0.075
48 0.97188 0.05156 0.05625 0.10312
47 0.35312 0.55469 0.0625 0.06563
47 0.73281 0.03906 0.05312 0.05938
47 0.56406 0.29688 0.05937 0.0625
