48 0.01719 0.76406 0.03438 0.10313
48 0.51875 0.93438 0.21875 0.125
48 0.30625 0.80469 0.2 0.20938
48 0.04219 0.37031 0.08438 0.12812
48 0.52812 0.13594 0.7375 0.27187
48 0.33125 0.05781 0.6625 0.11562
48 0.68281 0.28281 0.63438 0.49062
48 0.9625 0.94219 0.075 0.11562
48 0.2625 0.96406 0.13125 0.07188
48 0.1625 0.775 0.1375 0.19375
48 0.15313 0.95625 0.10625 0.0875
48 0.04219 0.95625 0.08438 0.0875
48 0.55625 0.9875 0.275 0.025
48 0.46562 0.79062 0.23125 0.2125
48 0.24375 0.52969 0.1625 0.13438
48 0.06719 0.70781 0.07187 0.05312
48 0.8 0.53125 0.4 0.58125
48 0.02656 0.8875 0.05312 0.075
48 0.09688 0.43906 0.19375 0.08438
48 0.09844 0.5125 0.19688 0.075
9 0.25312 0.44844 0.0375 0.02813
48 0.3 0.91562 0.15625 0.05625
