48 0.94375 0.37969 0.1125 0.20937
48 0.99688 0.73125 0.00625 0.5375
48 0.82969 0.78281 0.34062 0.23438
48 0.87188 0.92031 0.25625 0.15938
48 0.53594 0.9 0.23437 0.2
48 0.36562 0.97969 0.05 0.04063
48 0.30937 0.99219 0.075 0.01562
48 0.12188 0.98594 0.075 0.02812
48 0.28906 0.83438 0.07812 0.08125
48 0.30312 0.95625 0.08125 0.0375
48 0.34062 0.80781 0.05625 0.09063
48 0.34531 0.92344 0.08438 0.05312
48 0.29375 0.75625 0.09375 0.075
48 0.31563 0.88281 0.1125 0.09688
48 0.24844 0.46719 0.08438 0.04688
48 0.24219 0.55312 0.05937 0.075
48 0.29219 0.55312 0.04063 0.075
48 0.26719 0.67813 0.08438 0.06875
48 0.2625 0.62031 0.0875 0.05938
48 0.20937 0.21094 0.125 0.07812
48 0.22656 0.33438 0.14062 0.1375
48 0.25 0.42344 0.1125 0.05313
48 0.1625 0.11875 0.075 0.11875
48 0.22656 0.12188 0.05312 0.125
48 0.22656 0.03906 0.06563 0.03438
48 0.1875 0.03438 0.14375 0.06875
48 0.37656 0.08594 0.27187 0.17188
5 0.57031 0.42969 0.02812 0.05312
5 0.5375 0.09844 0.03125 0.04062
5 0.52812 0.05781 0.0375 0.05938
5 0.00781 0.01094 0.01562 0.02188
48 0.75 0.27187 0.275 0.1625
48 0.45 0.3875 0.24375 0.1125
5 0.15313 0.93281 0.01875 0.05312
48 0.83594 0.55937 0.30313 0.16875
48 0.4375 0.24844 0.2625 0.15937
48 0.73125 0.0875 0.3 0.1375
51 0.05312 0.30156 0.10625 0.47188
48 0.97188 0.22656 0.05625 0.20312
48 0.46719 0.56406 0.30937 0.17188
48 0.68594 0.00312 0.31563 0.00625
48 0.74844 0.40312 0.35938 0.15625
51 0.08906 0.53438 0.17812 0.93125
51 0.00625 0.04219 0.0125 0.08438
48 0.49219 0.72031 0.22812 0.15938
51 0.09375 0.65469 0.1875 0.55313
5 0.01562 0.05156 0.025 0.04688
