48 0.04688 0.01562 0.09375 0.03125
5 0.40625 0.0125 0.025 0.025
5 0.4125 0.0375 0.03125 0.03125
5 0.43438 0.08281 0.025 0.03438
9 0.32656 0.19844 0.04688 0.06563
5 0.4625 0.11562 0.03125 0.0375
5 0.47969 0.15781 0.03437 0.03437
5 0.49844 0.18906 0.02812 0.04062
5 0.41406 0.30781 0.04063 0.05312
5 0.51406 0.22813 0.02812 0.0375
5 0.53438 0.2625 0.03125 0.0375
5 0.57812 0.32969 0.025 0.03437
5 0.60312 0.38281 0.03125 0.03438
5 0.62656 0.41875 0.04063 0.0375
5 0.69375 0.37187 0.0375 0.04375
5 0.64531 0.45156 0.03437 0.02813
5 0.67188 0.4875 0.0375 0.0375
5 0.69219 0.52188 0.03437 0.03125
5 0.72031 0.55469 0.03438 0.03438
8 0.75312 0.59219 0.0375 0.04063
5 0.77812 0.62344 0.03125 0.02187
5 0.82812 0.66875 0.0375 0.025
5 0.87188 0.69844 0.04375 0.02813
5 0.91719 0.73594 0.04063 0.02812
5 0.97344 0.75937 0.04688 0.025
5 0.99375 0.73438 0.0125 0.0375
5 0.9875 0.6125 0.025 0.0375
5 0.94062 0.5875 0.04375 0.0375
48 0.96719 0.38125 0.06563 0.20625
5 0.90469 0.51875 0.04063 0.025
5 0.89531 0.50313 0.04063 0.03125
5 0.84375 0.49531 0.05 0.03437
5 0.88594 0.48594 0.04063 0.02813
5 0.87188 0.46562 0.0375 0.025
5 0.80938 0.45312 0.0375 0.03125
5 0.84688 0.44844 0.04375 0.02813
53 0.89062 0.49375 0.0625 0.06875
53 0.85781 0.45156 0.06563 0.04688
5 0.74844 0.39844 0.04688 0.04063
5 0.78438 0.41719 0.0375 0.02813
5 0.82031 0.41562 0.04688 0.025
5 0.80156 0.39219 0.03437 0.02188
5 0.75937 0.37656 0.0375 0.03437
5 0.72188 0.35312 0.0375 0.0375
5 0.7875 0.35625 0.0375 0.01875
5 0.77656 0.34062 0.04063 0.025
5 0.7375 0.34062 0.0375 0.03125
5 0.7625 0.32344 0.04375 0.02187
5 0.74844 0.30781 0.04688 0.02813
53 0.77188 0.33125 0.06875 0.0625
53 0.80625 0.39062 0.05 0.05625
48 0.90938 0.21875 0.18125 0.2125
5 0.6875 0.27344 0.03125 0.02812
5 0.73594 0.28281 0.04063 0.02188
5 0.72344 0.26719 0.03437 0.02188
5 0.6625 0.24375 0.03125 0.03125
5 0.70781 0.24219 0.04688 0.02812
5 0.6 0.19531 0.04375 0.04063
53 0.72188 0.25938 0.06875 0.0625
48 0.85781 0.08281 0.28438 0.16562
5 0.55156 0.10156 0.04063 0.03437
5 0.59844 0.11875 0.03437 0.03125
5 0.64375 0.13125 0.04375 0.03125
5 0.63438 0.11406 0.04375 0.02812
5 0.57187 0.07656 0.0375 0.03438
53 0.63594 0.11094 0.06562 0.07812
5 0.57187 0.00938 0.0375 0.01875
53 0.55937 0.01562 0.08125 0.03125
48 0.99062 0.03281 0.01875 0.06562
