48 0.63594 0.28906 0.25312 0.19062
48 0.3375 0.20156 0.18125 0.20312
48 0.0375 0.21719 0.075 0.22188
48 0.04062 0.7625 0.08125 0.28125
48 0.63125 0.03438 0.24375 0.06875
48 0.87344 0.59219 0.25313 0.22188
48 0.16406 0.20625 0.15937 0.18125
48 0.86875 0.03438 0.24375 0.06875
48 0.86562 0.14688 0.23125 0.15625
48 0.02344 0.46719 0.04688 0.22188
48 0.33438 0.01562 0.15 0.03125
48 0.86719 0.29063 0.25937 0.1375
48 0.88281 0.94844 0.22812 0.10313
48 0.05625 0.92031 0.1125 0.15938
48 0.19375 0.925 0.16875 0.15
48 0.62656 0.42656 0.27187 0.19062
48 0.34375 0.43438 0.1875 0.225
48 0.17969 0.74063 0.17188 0.24375
48 0.34531 0.925 0.17813 0.15
48 0.34531 0.72656 0.16562 0.20312
48 0.88438 0.81875 0.23125 0.175
48 0.86875 0.41562 0.175 0.125
5 0.52031 0.67969 0.05312 0.03438
48 0.65 0.80938 0.2125 0.1375
48 0.63437 0.89844 0.25625 0.10312
48 0.63906 0.97344 0.25313 0.05312
5 0.28906 0.05781 0.04688 0.02188
5 0.15937 0.07187 0.05 0.01875
5 0.20469 0.02344 0.05313 0.02812
48 0.63594 0.12031 0.22813 0.14062
48 0.15781 0.47344 0.18438 0.16563
