5 0.05469 0.05469 0.05313 0.03437
5 0.5125 0.05625 0.0375 0.04375
48 0.28281 0.2875 0.55937 0.55625
48 0.71562 0.075 0.2125 0.15
48 0.85312 0.0625 0.16875 0.125
48 0.95156 0.05781 0.09688 0.11562
8 0.02344 0.34844 0.04062 0.07812
48 0.00469 0.24375 0.00938 0.2875
48 0.01406 0.40625 0.02812 0.075
48 0.01562 0.49062 0.03125 0.1375
48 0.21562 0.50938 0.10625 0.05625
5 0.50625 0.14375 0.0375 0.025
5 0.54062 0.17969 0.025 0.04688
5 0.55625 0.24688 0.025 0.04375
5 0.59844 0.12812 0.02813 0.05
5 0.60938 0.19844 0.03125 0.04688
5 0.64688 0.19844 0.0375 0.03438
5 0.57812 0.34531 0.025 0.04062
5 0.64375 0.36719 0.03125 0.04063
5 0.69531 0.39531 0.03438 0.02187
7 0.61562 0.55156 0.03125 0.04688
5 0.70625 0.63125 0.03125 0.05625
5 0.72812 0.77812 0.03125 0.05
5 0.63906 0.97031 0.04063 0.03438
5 0.80938 0.99844 0.05625 0.00313
5 0.95625 0.99375 0.03125 0.0125
5 0.26094 0.99688 0.05312 0.00625
5 0.60938 0.43125 0.025 0.0375
5 0.19375 0.94844 0.03125 0.05938
5 0.13125 0.89375 0.0375 0.04375
5 0.11094 0.84688 0.03437 0.05
10 0.13906 0.84688 0.04062 0.05
48 0.03906 0.62344 0.07812 0.10938
48 0.07187 0.92188 0.14375 0.15625
48 0.0125 0.80781 0.025 0.12188
48 0.00312 0.72188 0.00625 0.10625
48 0.05312 0.79844 0.1 0.14062
48 0.15469 0.59844 0.11562 0.12188
48 0.19844 0.70469 0.14062 0.12813
48 0.26094 0.58281 0.10312 0.13438
48 0.34688 0.67188 0.05625 0.0625
48 0.36562 0.71562 0.20625 0.125
48 0.35 0.7875 0.49375 0.36875
5 0.34688 0.95938 0.025 0.03125
48 0.42812 0.56563 0.3125 0.225
48 0.96094 0.44219 0.07812 0.14687
48 0.93125 0.3 0.1375 0.19375
48 0.78594 0.35781 0.18438 0.12812
48 0.76562 0.22344 0.225 0.21562
48 0.87188 0.17969 0.09375 0.12812
48 0.85156 0.48125 0.28438 0.16875
48 0.9 0.65938 0.2 0.2
48 0.81875 0.80938 0.075 0.1
48 0.8875 0.81875 0.10625 0.075
48 0.875 0.675 0.25 0.36875
6 0.73281 0.64688 0.03438 0.0625
