48 0.325 0.16094 0.1875 0.20312
48 0.14062 0.175 0.175 0.21875
48 0.13594 0.33438 0.19688 0.08125
48 0.325 0.36406 0.18125 0.20312
48 0.32812 0.56875 0.1875 0.2
48 0.33281 0.74219 0.20312 0.15312
48 0.12812 0.75469 0.2 0.09687
48 0.35938 0.85156 0.23125 0.06563
48 0.1625 0.84219 0.15625 0.07812
48 0.12656 0.93281 0.22812 0.10313
48 0.15781 0.99375 0.14688 0.0125
48 0.33125 0.97344 0.18125 0.05312
48 0.98438 0.97812 0.03125 0.04375
48 0.87188 0.77031 0.21875 0.36562
48 0.89844 0.09375 0.20312 0.0625
48 0.90469 0.25625 0.19063 0.09375
48 0.88906 0.39688 0.22188 0.2
5 0.10625 0.44531 0.04375 0.02187
5 0.10312 0.47031 0.05 0.02188
5 0.10312 0.49531 0.04375 0.02187
5 0.10156 0.51719 0.05312 0.02187
5 0.1 0.54219 0.05 0.02187
5 0.10938 0.40781 0.05 0.02188
5 0.57344 0.09062 0.05312 0.025
7 0.53438 0.13594 0.025 0.05313
5 0.44375 0.09844 0.05625 0.02812
5 0.44531 0.14531 0.04688 0.02188
5 0.44375 0.22969 0.05 0.02188
5 0.44375 0.25625 0.05 0.01875
5 0.57344 0.35156 0.04688 0.02187
5 0.57188 0.37344 0.05 0.02188
5 0.44375 0.32812 0.05 0.025
5 0.44375 0.35469 0.05 0.02187
5 0.44688 0.37812 0.05625 0.025
5 0.44844 0.40469 0.05312 0.02188
5 0.57031 0.40156 0.04688 0.02187
5 0.575 0.42812 0.05625 0.025
5 0.57031 0.49844 0.05937 0.02812
5 0.45 0.50313 0.05 0.025
5 0.45156 0.525 0.05313 0.025
5 0.45 0.55313 0.05625 0.025
5 0.44844 0.58125 0.05312 0.025
5 0.58594 0.66562 0.04688 0.025
5 0.57188 0.69219 0.05 0.02187
5 0.53281 0.75 0.02812 0.05625
5 0.45156 0.65938 0.05313 0.025
5 0.44688 0.60781 0.05625 0.02187
5 0.44062 0.94375 0.05625 0.025
5 0.45 0.97344 0.05 0.02187
5 0.44844 0.99219 0.05938 0.01562
5 0.86719 0.52344 0.04062 0.04688
5 0.89375 0.53125 0.03125 0.04375
5 0.92031 0.525 0.02812 0.04375
5 0.94844 0.52031 0.03437 0.04063
5 0.96719 0.52656 0.03438 0.04688
5 0.98906 0.52188 0.02187 0.04375
