48 0.02969 0.2 0.05938 0.1
48 0.0625 0.09219 0.125 0.14688
48 0.17031 0.07969 0.07812 0.05938
48 0.21094 0.04844 0.15312 0.09688
48 0.27969 0.02656 0.09063 0.05312
48 0.98438 0.0625 0.03125 0.125
48 0.84531 0.02656 0.16563 0.05312
48 0.92344 0.10312 0.14062 0.10625
5 0.68594 0.16875 0.04688 0.0375
48 0.06875 0.93438 0.1375 0.13125
48 0.62344 0.98438 0.39062 0.03125
48 0.78594 0.96719 0.26562 0.06563
48 0.79062 0.54062 0.33125 0.25
48 0.85469 0.4125 0.16563 0.14375
48 0.92031 0.39062 0.15938 0.18125
48 0.97656 0.56094 0.04688 0.07188
48 0.76094 0.24375 0.09063 0.075
48 0.19688 0.76875 0.39375 0.44375
48 0.325 0.64062 0.58125 0.4375
48 0.45 0.51719 0.53125 0.43438
48 0.78906 0.79531 0.42188 0.40938
48 0.6875 0.4125 0.2875 0.2375
48 0.6 0.34688 0.30625 0.24375
48 0.50469 0.2625 0.32188 0.26875
48 0.40938 0.18906 0.29375 0.24062
48 0.89375 0.71875 0.075 0.0625
48 0.98438 0.69688 0.03125 0.10625
48 0.13906 0.97969 0.10938 0.04063
5 0.58281 0.12812 0.04688 0.03125
