48 0.96094 0.90938 0.07812 0.14375
48 0.35625 0.67031 0.20625 0.08437
48 0.00469 0.475 0.00938 0.24375
48 0.28125 0.99844 0.125 0.00313
48 0.66406 0.46875 0.11563 0.16875
48 0.69062 0.24531 0.375 0.13438
5 0.86094 0.99844 0.02812 0.00313
48 0.45938 0.46094 0.1125 0.15312
48 0.00625 0.22031 0.0125 0.12812
48 0.06406 0.72812 0.12812 0.2375
48 0.80312 0.47969 0.175 0.30312
48 0.61875 0.34375 0.075 0.05625
48 0.57031 0.03438 0.15938 0.06875
48 0.17344 0.83438 0.12812 0.13125
48 0.58438 0.87188 0.15625 0.19375
48 0.025 0.93438 0.05 0.13125
48 0.96094 0.78125 0.07812 0.1
48 0.97344 0.67812 0.05312 0.08125
48 0.98438 0.5625 0.03125 0.13125
48 0.33125 0.42812 0.13125 0.09375
48 0.39688 0.82031 0.2125 0.12813
48 0.33594 0.02969 0.07812 0.05938
48 0.35469 0.19844 0.12812 0.09688
