48 0.37188 0.98906 0.225 0.02187
48 0.28438 0.98281 0.15 0.03438
48 0.27656 0.93438 0.22188 0.13125
48 0.21406 0.89531 0.17812 0.12812
48 0.175 0.8375 0.2 0.15
48 0.82344 0.97344 0.14062 0.05312
48 0.75625 0.97969 0.23125 0.04063
48 0.71094 0.95938 0.22812 0.08125
48 0.67344 0.92812 0.21562 0.14375
48 0.64844 0.8625 0.15312 0.09375
48 0.57344 0.93906 0.09687 0.07188
48 0.50469 0.87969 0.10313 0.09063
48 0.59219 0.81875 0.15312 0.1375
48 0.48906 0.79531 0.19062 0.14062
48 0.49687 0.70625 0.15625 0.11875
48 0.40469 0.80469 0.10938 0.07812
48 0.44531 0.64062 0.10313 0.0875
48 0.27187 0.69375 0.10625 0.09375
48 0.36875 0.60625 0.1625 0.15
48 0.21875 0.64531 0.1125 0.10313
48 0.20312 0.43906 0.11875 0.09687
48 0.16094 0.40625 0.14688 0.1
48 0.13906 0.30938 0.15313 0.125
48 0.18125 0.57344 0.1125 0.09063
48 0.10781 0.5125 0.08438 0.0625
48 0.99688 0.38594 0.00625 0.12188
48 0.95156 0.46875 0.07812 0.08125
48 0.92031 0.40938 0.12187 0.10625
48 0.79219 0.42188 0.12188 0.1
48 0.65625 0.41562 0.21875 0.15625
48 0.61875 0.37344 0.14375 0.08438
48 0.57031 0.34062 0.10938 0.08125
48 0.54531 0.27344 0.14688 0.10313
48 0.90312 0.34531 0.125 0.09687
48 0.96875 0.28906 0.0625 0.10313
48 0.91719 0.25625 0.16563 0.1125
48 0.89375 0.22031 0.175 0.10938
48 0.86094 0.18125 0.15938 0.1125
48 0.80625 0.14531 0.20625 0.14062
48 0.75469 0.08594 0.17188 0.14687
48 0.43437 0.21562 0.20625 0.15
48 0.3375 0.175 0.1125 0.11875
48 0.40625 0.13438 0.075 0.06875
48 0.65312 0.00312 0.15625 0.00625
48 0.71719 0.03281 0.14062 0.06562
48 0.63906 0.22969 0.05937 0.07187
48 0.72344 0.25 0.07812 0.06875
48 0.22656 0.08125 0.10938 0.0875
48 0.22969 0.04219 0.14062 0.08438
48 0.99531 0.01875 0.00938 0.0375
48 0.10625 0.81094 0.16875 0.15312
48 0.99688 0.88438 0.00625 0.05
48 0.98125 0.81562 0.0375 0.14375
48 0.9625 0.81094 0.075 0.11562
48 0.92812 0.74062 0.14375 0.1875
48 0.89375 0.67031 0.2125 0.18437
48 0.81562 0.60156 0.225 0.19687
48 0.72656 0.54688 0.14688 0.125
48 0.68125 0.5 0.125 0.0875
5 0.40625 0.49219 0.04375 0.03438
48 0.30781 0.54844 0.10938 0.09062
48 0.26719 0.49062 0.19062 0.14375
48 0.51094 0.075 0.10313 0.1
48 0.59062 0.10625 0.08125 0.075
48 0.64375 0.07812 0.0625 0.05625
4 0.81562 0.00312 0.0625 0.00625
4 0.98906 0.95938 0.02187 0.0375
4 0.54219 0.52656 0.05312 0.03437
4 0.03281 0.92812 0.03438 0.04375
4 0.49219 0.48125 0.05937 0.04375
4 0.4125 0.39688 0.05 0.0375
4 0.05781 0.04062 0.04062 0.04375
4 0.61406 0.69531 0.04688 0.03438
4 0.32656 0.41094 0.04062 0.04063
4 0.92344 0.08125 0.06563 0.06875
4 0.28906 0.10312 0.05312 0.03125
4 0.94062 0.9125 0.03125 0.0375
4 0.78438 0.75625 0.03125 0.0375
4 0.10312 0.99062 0.04375 0.01875
4 0.81875 0.78594 0.04375 0.04063
4 0.85625 0.82812 0.04375 0.04375
4 0.37969 0.36875 0.04688 0.0375
4 0.27344 0.36094 0.04063 0.04688
4 0.74688 0.82031 0.05 0.04688
4 0.59375 0.57344 0.04375 0.03437
4 0.84531 0.91406 0.03438 0.03438
