48 0.05625 0.71406 0.1125 0.10938
48 0.11562 0.61563 0.075 0.06875
48 0.20469 0.62031 0.12812 0.09687
48 0.34219 0.60625 0.14062 0.09375
48 0.33438 0.70156 0.1125 0.09688
48 0.81094 0.63438 0.15938 0.10625
48 0.09375 0.8375 0.1875 0.10625
5 0.09375 0.9 0.0375 0.01875
48 0.2625 0.81406 0.0875 0.05312
48 0.69375 0.8375 0.5375 0.325
48 0.10469 0.20312 0.12813 0.10625
48 0.22188 0.19219 0.11875 0.09062
48 0.42812 0.18594 0.125 0.13438
48 0.58125 0.17031 0.11875 0.09063
48 0.74219 0.19375 0.15312 0.10625
5 0.64688 0.4 0.05 0.01875
5 0.88594 0.325 0.01562 0.04375
48 0.78438 0.46562 0.15 0.125
48 0.76094 0.2625 0.11562 0.05
48 0.07812 0.47656 0.15625 0.18437
5 0.05312 0.64219 0.04375 0.02187
48 0.10625 0.95781 0.2125 0.08437
48 0.36406 0.96406 0.30312 0.07188
