9 0.67031 0.65156 0.14687 0.12812
13 0.96719 0.25469 0.06563 0.06562
13 0.95 0.20469 0.1 0.10938
13 0.925 0.07344 0.1375 0.12188
11 0.57344 0.21875 0.18438 0.16875
5 0.99062 0.71719 0.01875 0.04688
56 0.61875 0.5375 0.18125 0.2375
56 0.52344 0.62969 0.17188 0.24062
56 0.41719 0.7125 0.17188 0.15625
56 0.34844 0.80156 0.22188 0.19062
56 0.29375 0.90469 0.16875 0.17188
56 0.23281 0.93125 0.22188 0.1375
56 0.15937 0.98125 0.16875 0.0375
56 0.5125 0.95625 0.11875 0.0875
57 0.79688 0.42812 0.06875 0.04375
57 0.65469 0.40781 0.08437 0.07187
57 0.725 0.34688 0.08125 0.08125
43 0.93906 0.84688 0.04688 0.0625
43 0.96562 0.78438 0.05 0.06875
