48 0.85781 0.64688 0.20312 0.15625
48 0.98125 0.59219 0.0375 0.12187
5 0.18438 0.95312 0.05 0.03125
5 0.18438 0.69531 0.025 0.04062
48 0.54531 0.96094 0.07188 0.05313
48 0.66562 0.9375 0.1 0.06875
48 0.75 0.58281 0.09375 0.07812
48 0.95938 0.42969 0.08125 0.10313
48 0.80625 0.275 0.1875 0.1375
48 0.94375 0.25781 0.1125 0.15938
48 0.98906 0.39688 0.02187 0.10625
48 0.36094 0.75156 0.32187 0.26562
48 0.98594 0.34531 0.02812 0.04062
48 0.99062 0.2625 0.01875 0.35625
5 0.475 0.71719 0.03125 0.03438
5 0.46562 0.68594 0.03125 0.04063
5 0.48906 0.675 0.03437 0.04375
48 0.47812 0.62031 0.05 0.07188
48 0.10469 0.27031 0.15938 0.12187
48 0.19844 0.24688 0.09062 0.125
48 0.22969 0.31563 0.15313 0.1125
48 0.26562 0.12812 0.15 0.10625
48 0.30156 0.18906 0.09063 0.08438
48 0.72812 0.04688 0.1 0.09375
48 0.825 0.06094 0.075 0.11562
48 0.87812 0.03438 0.075 0.06875
48 0.97344 0.03594 0.05312 0.07187
48 0.94688 0.03906 0.09375 0.07812
48 0.68906 0.00156 0.08437 0.00312
48 0.225 0.5375 0.29375 0.16875
48 0.68281 0.79531 0.26562 0.30312
48 0.5375 0.39062 0.28125 0.44375
48 0.11406 0.80469 0.22812 0.34688
48 0.01719 0.83281 0.03438 0.33438
5 0.5 0.70156 0.01875 0.02812
