48 0.41406 0.675 0.26562 0.31875
48 0.32656 0.87969 0.24063 0.15937
48 0.11875 0.65469 0.2375 0.37187
48 0.85312 0.975 0.29375 0.05
5 0.20312 0.08438 0.05625 0.03125
5 0.29844 0.08125 0.04688 0.03125
5 0.64688 0.19844 0.06875 0.04062
5 0.76094 0.4375 0.03437 0.05
5 0.87812 0.02656 0.05 0.04062
53 0.12656 0.25469 0.25312 0.24688
6 0.5 0.1125 0.0625 0.0375
53 0.71094 0.45156 0.35312 0.20938
5 0.70469 0.15469 0.04688 0.04062
5 0.75937 0.4375 0.0375 0.05625
5 0.92031 0.10938 0.06563 0.04375
5 0.63438 0.09375 0.0625 0.04375
