48 0.06406 0.55156 0.12812 0.07812
48 0.07969 0.01562 0.05312 0.03125
48 0.30625 0.72969 0.13125 0.09687
48 0.4 0.67188 0.0625 0.05
48 0.47344 0.67344 0.05312 0.06563
48 0.24844 0.91562 0.06562 0.14375
48 0.34219 0.85 0.16562 0.10625
48 0.51562 0.94531 0.05625 0.10938
48 0.48125 0.92969 0.0375 0.08438
48 0.44375 0.825 0.0625 0.0625
48 0.20156 0.47188 0.08438 0.18125
48 0.95625 0.07187 0.0875 0.1125
48 0.95 0.13906 0.1 0.05312
48 0.88438 0.78594 0.23125 0.15937
48 0.14375 0.74063 0.19375 0.11875
48 0.02344 0.7625 0.04688 0.1
48 0.19531 0.12188 0.12187 0.14375
48 0.01719 0.43125 0.03438 0.0875
48 0.53125 0.67188 0.05 0.075
48 0.4625 0.98438 0.05625 0.03125
48 0.1875 0.99219 0.05 0.01562
48 0.575 0.11406 0.1 0.06562
48 0.25781 0.99688 0.10313 0.00625
48 0.42031 0.05469 0.07812 0.10938
48 0.02969 0.075 0.05938 0.15
48 0.41094 0.7125 0.05312 0.04375
48 0.51406 0.18125 0.09062 0.05625
48 0.10156 0.11719 0.05312 0.14062
48 0.22031 0.29063 0.15313 0.10625
48 0.49062 0.05156 0.06875 0.10312
48 0.53594 0.81562 0.04063 0.05
48 0.59531 0.67344 0.05312 0.09062
48 0.95156 0.19844 0.09688 0.08438
48 0.99062 0.40938 0.01875 0.0875
48 0.22969 0.20937 0.12188 0.05625
48 0.35156 0.37188 0.09688 0.24375
48 0.04531 0.68438 0.09062 0.05625
48 0.34844 0.04062 0.07812 0.08125
48 0.58125 0.04531 0.1375 0.09062
48 0.32031 0.69844 0.07812 0.04063
48 0.30156 0.51406 0.04688 0.05937
