48 0.97656 0.94219 0.04688 0.11562
48 0.85938 0.17969 0.1875 0.14687
48 0.6125 0.79062 0.225 0.2125
48 0.35156 0.73594 0.19063 0.15312
48 0.84219 0.92812 0.20937 0.14375
5 0.41875 0.23594 0.04375 0.02813
48 0.52344 0.45781 0.15938 0.13438
5 0.71562 0.04531 0.05625 0.03438
48 0.02812 0.92969 0.05625 0.14062
48 0.69375 0.24844 0.18125 0.14688
5 0.44688 0.21406 0.03125 0.01562
5 0.66875 0.11719 0.05625 0.03437
5 0.65312 0.08594 0.0375 0.02188
48 0.81719 0.35625 0.22187 0.15
48 0.18438 0.94688 0.1625 0.10625
48 0.075 0.80312 0.15 0.29375
48 0.82031 0.73594 0.22188 0.25938
48 0.97031 0.75625 0.05937 0.25
5 0.53281 0.16094 0.04063 0.02812
48 0.93906 0.3 0.12187 0.1375
48 0.47969 0.67344 0.14687 0.14687
48 0.96719 0.12656 0.06563 0.15937
5 0.22656 0.35469 0.04063 0.02813
5 0.31094 0.30156 0.05313 0.03437
48 0.08438 0.92969 0.16875 0.14062
48 0.68125 0.95469 0.18125 0.09062
48 0.67188 0.60156 0.2375 0.19063
5 0.01875 0.56719 0.0375 0.03437
5 0.67031 0.14688 0.05312 0.03125
5 0.88594 0.01094 0.04063 0.02188
48 0.57969 0.36875 0.24062 0.225
48 0.06406 0.30781 0.12812 0.24062
48 0.29063 0.15937 0.2375 0.18125
48 0.39219 0.12031 0.15313 0.12813
48 0.14062 0.24375 0.1875 0.1625
48 0.4625 0.06719 0.25 0.13438
48 0.12812 0.07344 0.25625 0.14688
48 0.33125 0.00312 0.30625 0.00625
48 0.6125 0.01562 0.21875 0.03125
48 0.54219 0.03125 0.18438 0.0625
48 0.97031 0.01719 0.05937 0.03438
48 0.42969 0.37656 0.14062 0.12188
5 0.06406 0.54219 0.04063 0.02813
48 0.29375 0.50781 0.34375 0.25313
48 0.14375 0.59219 0.18125 0.13438
48 0.10312 0.69062 0.20625 0.1875
5 0.57031 0.98594 0.02812 0.02812
48 0.96562 0.48281 0.06875 0.19688
48 0.85938 0.54062 0.1875 0.13125
5 0.525 0.24375 0.05625 0.03125
48 0.45469 0.94844 0.17812 0.10313
