48 0.47344 0.10156 0.09063 0.07812
48 0.01406 0.2125 0.02812 0.18125
48 0.04844 0.33125 0.09062 0.09375
5 0.04688 0.38906 0.04375 0.02813
48 0.31875 0.22656 0.14375 0.06563
5 0.21094 0.20781 0.04063 0.02188
48 0.05625 0.49844 0.1125 0.12187
48 0.06562 0.59531 0.0625 0.09062
48 0.01875 0.60781 0.0375 0.05937
48 0.01875 0.84844 0.0375 0.09063
48 0.05781 0.86094 0.07812 0.10938
48 0.03125 0.99688 0.0625 0.00625
48 0.04375 0.96094 0.0875 0.07812
48 0.36562 0.43125 0.11875 0.09375
48 0.48906 0.39062 0.05938 0.06875
48 0.48594 0.45156 0.04688 0.05313
48 0.55781 0.44063 0.10313 0.075
48 0.66719 0.34688 0.06562 0.0625
48 0.66562 0.44219 0.08125 0.06562
48 0.29844 0.60469 0.08438 0.04063
48 0.40625 0.5375 0.1125 0.075
48 0.29219 0.64062 0.12188 0.125
48 0.41875 0.63281 0.08125 0.12187
48 0.47656 0.625 0.05313 0.05
48 0.55 0.56563 0.1 0.0625
48 0.54688 0.63281 0.11875 0.11563
48 0.47656 0.4875 0.05313 0.03125
48 0.55469 0.49531 0.10938 0.04688
48 0.66406 0.55937 0.07187 0.15625
48 0.76406 0.58594 0.06563 0.21562
48 0.70469 0.61562 0.05312 0.1125
48 0.82656 0.6125 0.05937 0.1125
48 0.875 0.53125 0.06875 0.075
48 0.89688 0.62187 0.1 0.13125
5 0.97812 0.63281 0.025 0.04062
48 0.27812 0.90312 0.05625 0.0875
48 0.35625 0.85 0.075 0.0625
48 0.31094 0.95938 0.12812 0.0375
48 0.37812 0.89844 0.13125 0.09062
48 0.48438 0.87969 0.075 0.04688
48 0.52969 0.92656 0.18437 0.04688
48 0.59375 0.88906 0.05 0.03438
48 0.81562 0.90781 0.11875 0.05937
48 0.92656 0.88438 0.10938 0.08125
48 0.93438 0.93906 0.1 0.03438
48 0.81406 0.96719 0.12187 0.06563
48 0.66406 0.96719 0.04688 0.06563
48 0.70625 0.96719 0.04375 0.06563
48 0.475 0.99062 0.05625 0.01875
48 0.3125 0.98281 0.06875 0.03438
48 0.375 0.9875 0.05 0.025
48 0.99844 0.86719 0.00313 0.07187
48 0.99844 0.92656 0.00313 0.04063
48 0.92031 0.97344 0.05312 0.03437
