23 0.61562 0.92969 0.03125 0.07812
23 0.50781 0.93906 0.01562 0.06563
5 0.31875 0.5 0.025 0.03125
48 0.58438 0.16406 0.10625 0.10312
5 0.85156 0.85156 0.02812 0.05937
48 0.57031 0.09062 0.10312 0.10625
5 0.62344 0.85 0.04688 0.025
48 0.05 0.83438 0.05625 0.08125
24 0.57031 0.93281 0.03438 0.04688
5 0.46562 0.50313 0.0375 0.01875
5 0.47344 0.59844 0.04063 0.02187
5 0.19375 0.46562 0.05 0.03125
5 0.20312 0.89375 0.05 0.0125
48 0.025 0.72969 0.05 0.13438
48 0.76562 0.09531 0.1125 0.19062
5 0.16719 0.50313 0.02188 0.0375
48 0.06875 0.59062 0.1375 0.13125
48 0.84531 0.09844 0.07812 0.19688
48 0.10781 0.16719 0.14062 0.20937
48 0.99219 0.09688 0.01562 0.19375
24 0.9875 0.86406 0.025 0.03437
48 0.51719 0.11875 0.07187 0.20625
5 0.36094 0.48125 0.03437 0.0375
48 0.23594 0.31875 0.17812 0.11875
48 0.03125 0.1125 0.0625 0.06875
48 0.18281 0.8125 0.07187 0.08125
48 0.95781 0.09063 0.08437 0.15625
24 0.77031 0.92812 0.09063 0.01875
48 0.01719 0.81406 0.03438 0.11562
48 0.55312 0.74531 0.225 0.14062
24 0.33906 0.92656 0.05938 0.02187
5 0.38281 0.87812 0.04063 0.025
48 0.93594 0.67031 0.12813 0.23438
48 0.11094 0.80625 0.10312 0.09375
48 0.32344 0.675 0.15313 0.0875
24 0.52812 0.93125 0.025 0.075
48 0.25 0.81719 0.08125 0.07812
24 0.48438 0.94062 0.03125 0.08125
5 0.19062 0.49531 0.01875 0.03437
5 0.45312 0.40938 0.0375 0.0125
48 0.90312 0.11875 0.08125 0.2125
5 0.47188 0.57344 0.04375 0.02187
28 0.075 0.96406 0.15 0.05312
24 0.24062 0.93281 0.075 0.03437
24 0.44844 0.95156 0.04688 0.09688
5 0.46094 0.42812 0.04063 0.01875
5 0.19531 0.61406 0.03437 0.05312
24 0.87656 0.90312 0.06563 0.025
5 0.01562 0.075 0.03125 0.025
5 0.26406 0.49531 0.02188 0.04063
48 0.04375 0.23906 0.0875 0.10313
24 0.63438 0.91875 0.03125 0.0625
48 0.43906 0.19375 0.11563 0.11875
5 0.75 0.34844 0.06875 0.02187
24 0.59531 0.93125 0.02812 0.05625
5 0.23594 0.49531 0.02188 0.03437
48 0.03125 0.17031 0.0625 0.08438
48 0.36406 0.75312 0.14687 0.175
48 0.81719 0.25625 0.36562 0.13125
48 0.27031 0.14062 0.19688 0.13125
48 0.18438 0.69062 0.1125 0.08125
5 0.56094 0.85469 0.05312 0.02187
48 0.79375 0.67656 0.325 0.22813
5 0.06562 0.90469 0.0375 0.02187
