48 0.51719 0.07969 0.17188 0.12188
5 0.81875 0.08906 0.025 0.04062
48 0.15 0.22812 0.125 0.10625
48 0.05 0.24062 0.1 0.11875
5 0.80781 0.44375 0.03437 0.04375
48 0.54531 0.43594 0.15312 0.13438
48 0.41875 0.57344 0.11875 0.13438
48 0.11875 0.48281 0.2375 0.12812
48 0.58125 0.80781 0.15 0.13438
48 0.225 0.7125 0.15625 0.1375
5 0.85781 0.82812 0.04688 0.05625
5 0.77656 0.12969 0.03437 0.05313
5 0.84062 0.95 0.06875 0.03125
48 0.44688 0.93438 0.14375 0.13125
48 0.42344 0.69531 0.12188 0.13437
48 0.6125 0.99531 0.15 0.00938
48 0.46562 0.99688 0.15 0.00625
48 0.11406 0.10938 0.22812 0.15
48 0.11406 0.94688 0.12187 0.10625
48 0.3875 0.21094 0.11875 0.12187
48 0.57188 0.67188 0.15 0.14375
48 0.58906 0.93438 0.14062 0.125
48 0.1125 0.3625 0.225 0.13125
48 0.50469 0.19219 0.11562 0.13438
48 0.21406 0.59375 0.15313 0.13125
48 0.23125 0.94219 0.14375 0.11562
48 0.35781 0.08438 0.14688 0.125
5 0.91094 0.23438 0.02813 0.05625
48 0.40312 0.45 0.13125 0.13125
48 0.53125 0.56875 0.06875 0.10625
48 0.075 0.61406 0.15 0.13438
48 0.51562 0.31719 0.15 0.11562
8 0.83125 0.6875 0.03125 0.04375
48 0.09375 0.84688 0.13125 0.1
48 0.09219 0.73906 0.14062 0.13438
48 0.38281 0.325 0.13438 0.11875
48 0.43906 0.82188 0.12813 0.1125
48 0.21562 0.83438 0.125 0.10625
