48 0.87188 0.51094 0.14375 0.08437
48 0.11094 0.84688 0.18438 0.21875
5 0.44375 0.36406 0.05 0.03437
5 0.49062 0.56563 0.05625 0.03125
5 0.89688 0.23125 0.04375 0.0375
5 0.5 0.59219 0.04375 0.02187
5 0.45156 0.87344 0.03437 0.02187
5 0.69688 0.90469 0.03125 0.04688
5 0.50625 0.6125 0.03125 0.01875
48 0.68438 0.37656 0.46875 0.22188
5 0.65312 0.95469 0.0375 0.04063
5 0.62031 0.88594 0.04688 0.05938
5 0.575 0.79375 0.05625 0.03125
48 0.14219 0.60469 0.19688 0.19062
5 0.30469 0.02969 0.03438 0.03438
5 0.37344 0.02188 0.02813 0.03125
5 0.33125 0.09844 0.0375 0.03438
48 0.96562 0.47969 0.06875 0.24688
5 0.95625 0.69531 0.0375 0.02812
48 0.90938 0.60469 0.15625 0.13438
48 0.41562 0.775 0.28125 0.18125
48 0.52344 0.93594 0.22188 0.12813
48 0.53125 0.99062 0.28125 0.01875
48 0.17344 0.14375 0.34688 0.25625
48 0.17969 0.36719 0.10938 0.12813
48 0.08125 0.39844 0.1625 0.15312
48 0.08125 0.26875 0.1625 0.15625
48 0.49219 0.175 0.30937 0.24375
48 0.59531 0.11406 0.31563 0.22812
48 0.76719 0.10156 0.24062 0.20312
48 0.95938 0.27969 0.08125 0.22812
48 0.30312 0.29688 0.28125 0.2125
48 0.35938 0.62813 0.3 0.1875
48 0.25156 0.80625 0.23438 0.225
48 0.04375 0.89062 0.0875 0.21875
48 0.80469 0.84688 0.23438 0.16875
48 0.93594 0.82656 0.09062 0.14062
9 0.07031 0.99531 0.07187 0.00938
48 0.28594 0.95469 0.34688 0.09062
48 0.83594 0.93906 0.32812 0.12187
48 0.05469 0.64844 0.10938 0.23438
48 0.64844 0.50781 0.21562 0.17188
48 0.69531 0.64844 0.27188 0.24063
48 0.225 0.79375 0.175 0.2
