48 0.05625 0.99531 0.1125 0.00938
48 0.12031 0.42969 0.14062 0.14062
48 0.24062 0.44375 0.14375 0.13125
5 0.26719 0.37188 0.05313 0.0375
48 0.025 0.45312 0.05 0.14375
48 0.04844 0.59531 0.09688 0.16563
48 0.19688 0.66719 0.08125 0.09687
48 0.31875 0.54219 0.125 0.13438
48 0.57031 0.65 0.22812 0.15
48 0.29688 0.975 0.19375 0.05
48 0.51875 0.825 0.19375 0.16875
48 0.27656 0.8 0.15313 0.1125
48 0.42344 0.88125 0.17812 0.1625
48 0.12969 0.80938 0.12812 0.10625
48 0.07969 0.72656 0.09687 0.14062
48 0.03281 0.80938 0.06562 0.08125
5 0.00156 0.27656 0.00312 0.03437
48 0.00938 0.12969 0.01875 0.05313
48 0.17812 0.11094 0.11875 0.14688
5 0.87031 0.00781 0.04063 0.01562
5 0.85938 0.03281 0.04375 0.05312
5 0.85 0.07812 0.03125 0.05
5 0.82969 0.14531 0.04063 0.05313
5 0.81719 0.19844 0.04688 0.04688
48 0.62656 0.07344 0.10938 0.12813
48 0.65938 0.1875 0.25625 0.125
48 0.60625 0.28438 0.275 0.16875
48 0.74062 0.08281 0.2 0.16562
48 0.99531 0.05625 0.00938 0.1125
48 0.95625 0.24219 0.0875 0.12187
48 0.90781 0.56094 0.17812 0.15312
48 0.99219 0.60625 0.01562 0.14375
48 0.975 0.70469 0.05 0.07812
48 0.83281 0.72969 0.09063 0.04063
48 0.81406 0.8 0.07188 0.05625
48 0.90938 0.8 0.125 0.1
48 0.93438 0.74844 0.13125 0.04688
48 0.98438 0.79531 0.03125 0.09688
48 0.97031 0.89844 0.05937 0.10938
48 0.96406 0.975 0.07188 0.05
48 0.78594 0.92656 0.07188 0.05938
48 0.84844 0.9375 0.08437 0.05625
48 0.79062 0.99688 0.16875 0.00625
48 0.03281 0.01562 0.06562 0.03125
48 0.10469 0.03594 0.11562 0.07187
48 0.25469 0.22031 0.08438 0.15313
48 0.38125 0.225 0.11875 0.175
5 0.39062 0.32656 0.05625 0.03437
