5 0.89844 0.97812 0.02812 0.04375
5 0.85938 0.88125 0.025 0.0625
5 0.9 0.87969 0.025 0.05312
5 0.90156 0.76875 0.02187 0.04375
5 0.85156 0.69531 0.02188 0.05313
5 0.89062 0.60625 0.03125 0.05625
5 0.84688 0.52656 0.03125 0.05938
5 0.89219 0.48594 0.02812 0.05312
5 0.83594 0.30781 0.02812 0.05938
5 0.875 0.32656 0.025 0.04688
5 0.86563 0.22344 0.025 0.04688
5 0.86094 0.06562 0.02187 0.05625
5 0.82188 0.00781 0.01875 0.01562
5 0.22188 0.87969 0.03125 0.05312
48 0.36094 0.96562 0.25312 0.06875
48 0.25625 0.87344 0.04375 0.11562
48 0.30781 0.90625 0.06562 0.08125
48 0.4 0.91094 0.1375 0.05312
48 0.56563 0.77188 0.10625 0.04375
48 0.6625 0.8 0.075 0.1
48 0.42344 0.7375 0.09687 0.075
48 0.6375 0.72344 0.10625 0.05312
48 0.52031 0.72969 0.13438 0.05312
48 0.48281 0.67812 0.04063 0.0625
48 0.0875 0.8125 0.10625 0.1125
48 0.08594 0.67969 0.04688 0.09688
48 0.12812 0.66875 0.05625 0.0875
48 0.37031 0.64844 0.08437 0.06563
48 0.36719 0.60156 0.10938 0.04062
48 0.43594 0.59688 0.03437 0.05
48 0.24688 0.70781 0.05625 0.04063
48 0.69062 0.6875 0.08125 0.10625
48 0.71875 0.92188 0.0375 0.1
48 0.49844 0.51719 0.05313 0.04062
48 0.54062 0.52031 0.04375 0.04063
48 0.69688 0.4 0.05 0.1125
48 0.6875 0.31719 0.0375 0.05938
48 0.28125 0.43594 0.1625 0.05938
48 0.06562 0.26875 0.1 0.06875
48 0.09375 0.5625 0.0375 0.13125
48 0.07656 0.39844 0.10312 0.07812
48 0.24062 0.54219 0.05 0.04063
48 0.04844 0.07656 0.07188 0.05312
48 0.19531 0.09062 0.07188 0.05625
48 0.08594 0.18906 0.04062 0.08438
48 0.4125 0.23125 0.05 0.04375
48 0.41719 0.27187 0.05312 0.04375
48 0.4 0.18438 0.04375 0.04375
48 0.62969 0.24531 0.04063 0.08437
48 0.67656 0.24219 0.05938 0.09062
48 0.52344 0.01562 0.10938 0.03125
48 0.61094 0.00625 0.09062 0.0125
48 0.61719 0.07187 0.10312 0.14375
48 0.67969 0.07656 0.04688 0.15313
48 0.35 0.09844 0.1625 0.13438
48 0.23281 0.025 0.13438 0.05
48 0.40781 0.80938 0.09063 0.1
48 0.3625 0.00938 0.1 0.01875
48 0.51094 0.09375 0.12188 0.10625
48 0.51406 0.60469 0.12812 0.09063
48 0.67812 0.92969 0.0625 0.10312
48 0.48594 0.82031 0.05312 0.14062
48 0.59062 0.17344 0.2125 0.05938
48 0.275 0.20625 0.15 0.075
48 0.45156 0.01719 0.07812 0.03438
9 0.17656 0.76406 0.04062 0.14062
48 0.32344 0.5125 0.09063 0.0875
48 0.43281 0.40312 0.15937 0.21875
48 0.26719 0.35312 0.19062 0.1125
48 0.49531 0.48906 0.04688 0.03437
48 0.61563 0.49687 0.05625 0.08125
48 0.62813 0.36719 0.0875 0.15938
48 0.45 0.19844 0.05 0.07187
48 0.54531 0.42344 0.05937 0.15313
48 0.03281 0.94844 0.04062 0.04063
48 0.03594 0.98594 0.04688 0.02812
48 0.04531 0.74844 0.06562 0.04063
48 0.09688 0.47812 0.025 0.03125
48 0.61094 0.59844 0.07188 0.07812
