5 0.44375 0.82188 0.05625 0.03125
5 0.49844 0.83906 0.04688 0.03437
5 0.56094 0.87344 0.04688 0.02812
48 0.47656 0.90312 0.29688 0.19375
48 0.71875 0.96719 0.3 0.06563
48 0.33125 0.6375 0.08125 0.075
48 0.57344 0.725 0.05312 0.0625
48 0.47656 0.67656 0.20938 0.17812
48 0.54375 0.57812 0.2 0.1625
5 0.26875 0.92969 0.0375 0.04062
48 0.03438 0.66406 0.06875 0.22812
48 0.00469 0.80156 0.00938 0.26562
48 0.19219 0.8 0.27812 0.225
5 0.15 0.99062 0.03125 0.01875
48 0.1375 0.9125 0.19375 0.14375
48 0.06719 0.94219 0.13438 0.11562
48 0.10156 0.97812 0.20312 0.04375
48 0.99219 0.88281 0.01562 0.19687
