48 0.04844 0.00781 0.09688 0.01562
48 0.01719 0.15781 0.03438 0.11562
48 0.00312 0.69688 0.00625 0.075
48 0.3625 0.01875 0.09375 0.0375
48 0.40625 0.04219 0.0875 0.08438
48 0.48125 0.05781 0.11875 0.10312
48 0.54375 0.07812 0.0625 0.06875
48 0.65 0.05 0.08125 0.06875
48 0.62344 0.12188 0.07188 0.08125
48 0.67813 0.13281 0.06875 0.05938
48 0.60938 0.19531 0.06875 0.09687
48 0.66094 0.20312 0.07188 0.09375
48 0.36875 0.12031 0.0875 0.07812
48 0.29688 0.12188 0.08125 0.0875
48 0.22812 0.17812 0.1125 0.0875
48 0.37344 0.21562 0.09687 0.09375
48 0.30312 0.22031 0.06875 0.05313
48 0.30156 0.28281 0.10938 0.09687
48 0.21562 0.4 0.175 0.10625
48 0.36094 0.38594 0.07187 0.04063
48 0.27656 0.59531 0.08437 0.07812
48 0.44844 0.43594 0.10938 0.10312
48 0.5875 0.41719 0.14375 0.10938
48 0.57188 0.46875 0.1375 0.08125
48 0.34062 0.5125 0.21875 0.1375
48 0.49844 0.57344 0.12812 0.06562
48 0.5125 0.52031 0.1375 0.06562
48 0.61562 0.57344 0.125 0.09687
48 0.69062 0.59375 0.09375 0.09375
48 0.73906 0.46406 0.07812 0.14063
48 0.6875 0.45938 0.08125 0.13125
48 0.15313 0.58594 0.08125 0.08438
48 0.20937 0.59844 0.0875 0.09687
48 0.17812 0.68438 0.0875 0.1
48 0.09844 0.69375 0.10312 0.0875
48 0.25781 0.70469 0.09688 0.09062
48 0.34062 0.71094 0.1 0.09688
48 0.08594 0.79688 0.13438 0.0625
48 0.20938 0.82188 0.10625 0.04375
48 0.20625 0.8875 0.225 0.10625
48 0.1125 0.93594 0.1 0.05312
5 0.04531 0.92812 0.04688 0.03125
48 0.15625 0.95938 0.10625 0.08125
48 0.05469 0.99375 0.10938 0.0125
48 0.89375 0.70938 0.09375 0.1
48 0.81875 0.69688 0.10625 0.10625
48 0.88438 0.81094 0.16875 0.10938
48 0.97344 0.65469 0.05312 0.06563
48 0.78906 0.55313 0.07812 0.0375
48 0.76875 0.58438 0.0875 0.05
48 0.82031 0.59219 0.07812 0.09062
48 0.88906 0.6 0.09688 0.09375
48 0.875 0.5375 0.075 0.05
48 0.9125 0.47344 0.0875 0.09063
5 0.77812 0.07812 0.0375 0.04375
48 0.77188 0.1375 0.05625 0.09375
48 0.81875 0.13906 0.08125 0.12812
48 0.94531 0.38438 0.10938 0.08125
48 0.85469 0.37188 0.06562 0.0875
48 0.55469 0.94375 0.12813 0.08125
48 0.57031 0.88438 0.10938 0.0625
48 0.58906 0.75938 0.07812 0.09375
48 0.64844 0.76719 0.07812 0.09688
48 0.47812 0.65312 0.10625 0.1125
48 0.96562 0.19688 0.06875 0.125
48 0.94219 0.29063 0.11562 0.1
48 0.89062 0.17656 0.11875 0.13438
48 0.40938 0.32812 0.11875 0.11875
5 0.09219 0.08906 0.03438 0.05938
48 0.23438 0.28125 0.0625 0.075
48 0.525 0.24844 0.10625 0.12188
48 0.46406 0.15469 0.09687 0.10312
