48 0.72031 0.20469 0.19063 0.12188
48 0.925 0.22188 0.15 0.16875
48 0.27812 0.33906 0.21875 0.15937
48 0.85156 0.99062 0.17188 0.01875
48 0.9875 0.37813 0.025 0.08125
48 0.19844 0.14219 0.07812 0.05313
48 0.31719 0.075 0.19062 0.10625
48 0.94062 0.79375 0.11875 0.2
48 0.30156 0.67031 0.15937 0.10313
48 0.025 0.64375 0.05 0.1
48 0.54062 0.47656 0.09375 0.07187
48 0.72188 0.05938 0.39375 0.11875
48 0.05781 0.29063 0.11562 0.11875
48 0.22031 0.54219 0.17188 0.10313
48 0.2625 0.81875 0.24375 0.1125
