48 0.24688 0.99375 0.10625 0.0125
48 0.89375 0.58125 0.13125 0.05625
48 0.9375 0.66719 0.05 0.10938
48 0.92813 0.03438 0.0375 0.05625
48 0.85938 0.20469 0.1 0.09687
48 0.83281 0.28438 0.05312 0.06875
48 0.67031 0.46719 0.05937 0.16563
48 0.00156 0.04688 0.00312 0.08125
48 0.07187 0.03594 0.05 0.05938
48 0.98281 0.41562 0.03438 0.05
48 0.10312 0.09688 0.1125 0.0875
48 0.93281 0.23281 0.04688 0.17813
48 0.46406 0.07187 0.10938 0.09375
48 0.76094 0.46719 0.12188 0.15937
48 0.89219 0.97031 0.14062 0.04688
48 0.14219 0.96875 0.09687 0.0625
48 0.04688 0.97188 0.09375 0.05625
48 0.98125 0.57031 0.0375 0.04062
48 0.28281 0.3 0.05313 0.0375
48 0.74062 0.86406 0.09375 0.10938
48 0.10781 0.23125 0.12812 0.175
48 0.98594 0.08438 0.02812 0.13125
48 0.40625 0.22656 0.05 0.16563
48 0.59062 0.05938 0.1125 0.10625
48 0.24375 0.08438 0.1375 0.125
48 0.64688 0.28906 0.04375 0.05312
48 0.88281 0.50156 0.10938 0.09688
48 0.85 0.40938 0.05 0.05625
48 0.73594 0.23594 0.12813 0.10312
48 0.76719 0.63281 0.11562 0.17188
48 0.83594 0.80156 0.05313 0.04688
48 0.04844 0.87188 0.09688 0.14375
48 0.98281 0.46719 0.03438 0.15937
48 0.48281 0.17188 0.09687 0.05625
48 0.24844 0.86094 0.09687 0.17188
48 0.55937 0.29219 0.06875 0.05312
48 0.66875 0.63594 0.075 0.17812
48 0.98438 0.65312 0.03125 0.13125
48 0.87969 0.09531 0.14062 0.09062
48 0.97656 0.21406 0.04688 0.12188
48 0.89219 0.88438 0.14687 0.125
48 0.75156 0.97812 0.14687 0.04375
48 0.02188 0.22031 0.04375 0.15937
5 0.49688 0.00938 0.04375 0.01875
48 0.98438 0.8875 0.03125 0.13125
48 0.15313 0.84688 0.09375 0.125
48 0.24531 0.23594 0.14062 0.16562
48 0.02188 0.11406 0.04375 0.04688
48 0.7375 0.09844 0.1375 0.09688
