56 0.71719 0.50938 0.56563 0.98125
56 0.90781 0.17344 0.18437 0.34688
57 0.38438 0.95312 0.08125 0.09375
57 0.35156 0.96094 0.07812 0.07812
48 0.29219 0.09531 0.26562 0.19062
48 0.35625 0.05781 0.23125 0.11562
48 0.39688 0.19531 0.28125 0.18438
48 0.49844 0.15156 0.45938 0.30312
48 0.54531 0.11406 0.44688 0.22812
48 0.61406 0.09219 0.45312 0.18438
5 0.00781 0.43594 0.01562 0.03437
5 0.07187 0.51406 0.03125 0.04063
5 0.03438 0.58906 0.03125 0.02187
5 0.04062 0.6125 0.0375 0.025
5 0.05625 0.62813 0.0375 0.025
5 0.06875 0.64219 0.03125 0.02812
5 0.09844 0.6625 0.04062 0.03125
5 0.12969 0.69844 0.02812 0.02813
5 0.14375 0.59062 0.03125 0.025
5 0.10781 0.55469 0.04062 0.03438
5 0.03906 0.80781 0.03438 0.03437
5 0.02344 0.82031 0.03438 0.03438
5 0.01094 0.84062 0.02188 0.03125
5 0.05625 0.88906 0.0375 0.03438
5 0.07656 0.86875 0.03438 0.03125
5 0.09062 0.85312 0.03125 0.03125
5 0.10625 0.84062 0.0375 0.03125
5 0.125 0.825 0.03125 0.03125
5 0.14062 0.81406 0.03125 0.03438
5 0.16406 0.80469 0.03437 0.03438
5 0.18125 0.79531 0.03125 0.02812
5 0.20625 0.78125 0.0375 0.0375
5 0.22344 0.77031 0.02812 0.02813
5 0.325 0.93594 0.025 0.02187
5 0.30781 0.95312 0.02813 0.0375
5 0.17969 0.90156 0.02813 0.03437
48 0.15625 0.13906 0.3125 0.27812
48 0.26406 0.44219 0.52812 0.40938
48 0.04688 0.68281 0.09375 0.32188
