48 0.39219 0.91875 0.10938 0.11875
48 0.57031 0.68906 0.14062 0.12187
48 0.42031 0.98125 0.11563 0.0375
48 0.99688 0.91719 0.00625 0.09063
48 0.01094 0.65781 0.02188 0.15938
48 0.40781 0.82812 0.13437 0.1
48 0.7875 0.75469 0.125 0.10938
48 0.04531 0.82969 0.08438 0.10313
48 0.0375 0.92188 0.075 0.15625
48 0.69531 0.86094 0.09062 0.08437
48 0.27969 0.9625 0.12812 0.075
48 0.59375 0.93906 0.1125 0.12187
48 0.61719 0.10469 0.19063 0.20938
48 0.1375 0.61719 0.1125 0.10312
48 0.73906 0.69219 0.12188 0.13438
48 0.64688 0.00469 0.2 0.00938
48 0.1625 0.8 0.10625 0.09375
48 0.06562 0.58125 0.13125 0.15625
48 0.49062 0.9875 0.14375 0.025
48 0.65 0.73438 0.09375 0.1
48 0.33125 0.65156 0.125 0.13438
48 0.42656 0.66719 0.13438 0.12812
48 0.17969 0.94219 0.15312 0.11562
48 0.3 0.81719 0.11875 0.12812
48 0.6875 0.79062 0.0875 0.09375
48 0.8375 0.69062 0.16875 0.1
48 0.77656 0.97812 0.13438 0.04375
48 0.92812 0.95469 0.14375 0.09062
48 0.94062 0.12656 0.11875 0.25312
48 0.33281 0.97344 0.12188 0.05312
48 0.49844 0.92031 0.18437 0.15938
48 0.9375 0.90781 0.125 0.09062
48 0.76719 0.22813 0.46562 0.19375
48 0.01562 0.55781 0.03125 0.10938
48 0.775 0.89844 0.10625 0.09062
48 0.92188 0.76875 0.15625 0.24375
48 0.35938 0.5375 0.14375 0.11875
48 0.6875 0.94531 0.21875 0.10938
48 0.53906 0.78281 0.15312 0.14687
48 0.93594 0.02344 0.12813 0.04688
48 0.08438 0.71562 0.1 0.175
48 0.35625 0.7625 0.10625 0.10625
48 0.86875 0.75 0.11875 0.09375
48 0.45156 0.75469 0.10938 0.11562
48 0.07656 0.93281 0.12812 0.13438
48 0.83125 0.85156 0.10625 0.09062
48 0.85 0.94531 0.1375 0.10938
48 0.24219 0.60781 0.14062 0.11562
48 0.23594 0.84688 0.09687 0.1125
48 0.12031 0.86719 0.14688 0.07812
48 0.62969 0.82969 0.12188 0.12187
48 0.29375 0.90938 0.11875 0.11875
48 0.77188 0.82969 0.10625 0.10313
48 0.82344 0.925 0.08437 0.075
48 0.05 0.69375 0.1 0.14375
48 0.01562 0.79219 0.03125 0.12812
48 0.26406 0.725 0.12812 0.15
48 0.50938 0.57656 0.20625 0.14062
5 0.23281 0.20625 0.02813 0.0375
9 0.19688 0.23594 0.075 0.04062
5 0.94531 0.35625 0.04062 0.025
5 0.33438 0.26094 0.0625 0.02813
48 0.17656 0.71875 0.12187 0.15625
5 0.36094 0.2375 0.02188 0.06875
5 0.5 0.21719 0.025 0.03437
48 0.42188 0.15156 0.2 0.16562
48 0.46094 0.05 0.17188 0.1
48 0.05625 0.07344 0.1125 0.14688
5 0.61875 0.29375 0.0375 0.025
48 0.11094 0.45781 0.22188 0.22188
48 0.66562 0.62969 0.1375 0.15937
48 0.12969 0.08906 0.14062 0.17812
5 0.72344 0.32188 0.07188 0.03125
48 0.27187 0.11406 0.20625 0.22812
5 0.04375 0.32656 0.05 0.02813
