5 0.45781 0.84844 0.05312 0.04688
48 0.0125 0.71562 0.025 0.20625
48 0.11094 0.52188 0.21562 0.21875
48 0.08125 0.59375 0.1625 0.19375
48 0.36875 0.71094 0.2375 0.25313
48 0.23281 0.9 0.12188 0.11875
48 0.09688 0.89062 0.14375 0.1375
48 0.225 0.96406 0.11875 0.07188
48 0.16406 0.96094 0.05938 0.06563
48 0.01719 0.84219 0.03438 0.09688
48 0.15469 0.77969 0.10312 0.13438
48 0.06875 0.72969 0.13125 0.13438
48 0.23594 0.64531 0.19062 0.24062
48 0.27969 0.48281 0.12812 0.12187
48 0.35 0.46406 0.075 0.06562
48 0.34844 0.52344 0.10313 0.07812
48 0.34062 0.35156 0.15625 0.10938
48 0.175 0.31875 0.16875 0.1625
48 0.06562 0.26094 0.13125 0.14687
48 0.06719 0.15625 0.05938 0.05
48 0.14219 0.13438 0.07188 0.0625
48 0.00312 0.36562 0.00625 0.05625
48 0.0125 0.0625 0.025 0.05625
48 0.04844 0.06094 0.04687 0.05312
48 0.03906 0.01719 0.05313 0.03438
48 0.29219 0.14062 0.09063 0.0875
48 0.26406 0.21719 0.10937 0.07812
48 0.3875 0.22812 0.06875 0.05
48 0.4875 0.22344 0.0875 0.07812
48 0.49844 0.15937 0.09062 0.06875
48 0.56563 0.20781 0.08125 0.09062
48 0.42969 0.44531 0.07188 0.05312
48 0.42812 0.3875 0.1 0.08125
48 0.49844 0.52812 0.20312 0.225
48 0.61094 0.47344 0.07188 0.07188
48 0.61563 0.37813 0.2125 0.1375
48 0.68906 0.275 0.22813 0.18125
48 0.94844 0.48906 0.10313 0.21563
48 0.86094 0.65625 0.14062 0.1
48 0.97031 0.6875 0.05937 0.125
48 0.94375 0.77656 0.10625 0.10938
48 0.95312 0.85312 0.09375 0.25
48 0.86875 0.85781 0.09375 0.11562
48 0.80938 0.94688 0.13125 0.10625
48 0.92969 0.97344 0.14062 0.05312
48 0.85 0.96562 0.13125 0.06875
48 0.7875 0.74375 0.1875 0.225
48 0.6625 0.8875 0.2375 0.21875
48 0.51094 0.99688 0.12812 0.00625
48 0.14531 0.99062 0.21562 0.01875
48 0.03281 0.96562 0.06562 0.06875
48 0.19219 0.00938 0.07187 0.01875
48 0.16562 0.01875 0.0625 0.0375
48 0.22969 0.01875 0.06563 0.0375
48 0.88437 0.57812 0.1625 0.19375
