5 0.50781 0.1375 0.02812 0.0375
5 0.73594 0.33594 0.01562 0.02812
5 0.51406 0.36875 0.02187 0.025
9 0.75 0.23125 0.0375 0.0625
5 0.69531 0.26406 0.02812 0.04062
5 0.77031 0.41562 0.02187 0.03125
5 0.61406 0.75 0.01562 0.025
5 0.78906 0.54062 0.02188 0.0375
9 0.925 0.75938 0.0375 0.0625
9 0.85781 0.69844 0.02187 0.03437
5 0.36406 0.41875 0.02813 0.0375
5 0.63437 0.84062 0.025 0.0375
5 0.8 0.6375 0.025 0.03125
5 0.725 0.63594 0.01875 0.04063
5 0.1125 0.0625 0.04375 0.025
5 0.07969 0.33281 0.02187 0.02813
5 0.10312 0.3375 0.01875 0.025
5 0.12656 0.3375 0.01562 0.025
4 0.00625 0.33281 0.0125 0.02187
5 0.37344 0.46875 0.02813 0.0375
4 0.52656 0.47344 0.02813 0.05938
48 0.22812 0.20625 0.05625 0.05
48 0.25938 0.27031 0.1375 0.15937
48 0.27344 0.35469 0.03438 0.05312
48 0.31562 0.38594 0.06875 0.04688
48 0.2875 0.41562 0.04375 0.025
48 0.3 0.45469 0.10625 0.10938
48 0.28594 0.6125 0.05312 0.03125
48 0.28594 0.84062 0.30937 0.2875
4 0.65781 0.01094 0.02812 0.02188
4 0.74688 0.65469 0.025 0.03438
4 0.76875 0.63125 0.025 0.03125
4 0.73125 0.52812 0.01875 0.025
4 0.91719 0.95156 0.02187 0.02812
5 0.62344 0.275 0.02187 0.0375
10 0.87656 0.78281 0.02812 0.03438
5 0.65469 0.90781 0.01562 0.02187
5 0.88906 0.9375 0.02812 0.05
5 0.77812 0.69375 0.025 0.05
5 0.7 0.36719 0.025 0.04688
5 0.62656 0.16719 0.02812 0.04688
48 0.04375 0.62187 0.0875 0.26875
5 0.59688 0.01719 0.01875 0.03438
5 0.7875 0.34688 0.025 0.05
5 0.98125 0.64844 0.0375 0.03438
5 0.59531 0.55313 0.02812 0.05625
5 0.61719 0.00938 0.02812 0.01875
5 0.7125 0.11094 0.025 0.04688
5 0.52656 0.31094 0.02813 0.05938
5 0.75 0.85938 0.03125 0.05
5 0.78281 0.99688 0.02812 0.00625
5 0.56875 0.01875 0.025 0.0375
5 0.82031 0.975 0.02188 0.04375
5 0.75937 0.51875 0.025 0.05
5 0.7125 0.67031 0.03125 0.05312
5 0.90469 0.67812 0.02812 0.04375
5 0.61094 0.22031 0.02812 0.04688
5 0.73438 0.40938 0.01875 0.04375
5 0.64062 0.09844 0.03125 0.05313
5 0.73906 0.80625 0.02813 0.04375
5 0.77656 0.77656 0.02187 0.04063
5 0.80625 0.92812 0.025 0.05
48 0.09219 0.25 0.18438 0.20625
5 0.70312 0.22969 0.025 0.04688
5 0.79531 0.975 0.02187 0.04375
5 0.41875 0.66562 0.03125 0.05
5 0.8 0.87031 0.025 0.04688
5 0.64844 0.27187 0.02188 0.05
5 0.65156 0.40312 0.02813 0.04375
5 0.61719 0.11406 0.02188 0.05313
5 0.69219 0.59531 0.02187 0.04688
5 0.60938 0.4625 0.025 0.0625
5 0.85625 0.99375 0.025 0.0125
5 0.66562 0.18906 0.025 0.04688
5 0.77656 0.87812 0.02187 0.05
5 0.75781 0.90938 0.02812 0.0375
5 0.67813 0.39531 0.025 0.04063
5 0.65469 0.65156 0.02812 0.05312
5 0.44688 0.08438 0.025 0.04375
5 0.82031 0.80781 0.02812 0.05312
5 0.77344 0.97031 0.02188 0.04688
5 0.94375 0.96406 0.025 0.04688
5 0.78438 0.92969 0.025 0.04062
5 0.83281 0.91562 0.02187 0.0375
5 0.57344 0.26406 0.03437 0.05938
5 0.60312 0.80625 0.025 0.05
5 0.76406 0.825 0.02187 0.0375
5 0.625 0.90781 0.025 0.04688
5 0.85312 0.85938 0.025 0.05
5 0.57969 0.07187 0.02812 0.05625
10 0.8625 0.57656 0.04375 0.09062
5 0.59531 0.14844 0.02187 0.04063
5 0.75 0.76094 0.03125 0.04688
5 0.97344 0.99375 0.02813 0.0125
5 0.88594 0.99844 0.02187 0.00313
5 0.83438 0.99844 0.025 0.00313
5 0.72344 0.975 0.02187 0.04375
48 0.04219 0.90625 0.08438 0.1875
5 0.63906 0.22031 0.02187 0.04688
5 0.68125 0.14531 0.01875 0.04688
5 0.84531 0.9625 0.02187 0.0375
5 0.79688 0.74844 0.03125 0.05312
5 0.44219 0.00156 0.02813 0.00312
5 0.48125 0.01406 0.025 0.02812
5 0.70469 0.52344 0.02812 0.04688
5 0.61563 0.98281 0.025 0.03438
5 0.51562 0.00781 0.025 0.01562
5 0.80469 0.28281 0.02812 0.04688
5 0.67656 0.50938 0.02813 0.05625
5 0.82187 0.75625 0.025 0.0375
5 0.79375 0.81875 0.03125 0.04375
5 0.95312 0.90625 0.025 0.05
5 0.82812 0.8625 0.025 0.05
5 0.91875 0.89219 0.025 0.04063
