48 0.22656 0.11719 0.20937 0.21562
48 0.05781 0.12812 0.11562 0.25625
48 0.80156 0.55156 0.33438 0.14062
48 0.80781 0.43125 0.34687 0.125
48 0.31094 0.49062 0.10938 0.24375
48 0.49531 0.54375 0.24062 0.1375
48 0.47812 0.43125 0.26875 0.11875
48 0.11875 0.70625 0.2375 0.225
48 0.42812 0.10625 0.0875 0.2125
48 0.35938 0.07812 0.06875 0.13125
5 0.03281 0.27344 0.05312 0.02187
48 0.17812 0.53438 0.10625 0.10625
48 0.2 0.42656 0.09375 0.12812
48 0.1375 0.41719 0.04375 0.12188
48 0.09219 0.42031 0.05312 0.10938
48 0.10469 0.525 0.06563 0.1
48 0.04062 0.52188 0.05625 0.1
48 0.04531 0.40938 0.05312 0.125
48 0.01875 0.44844 0.0375 0.24688
