48 0.01094 0.39375 0.02188 0.56875
11 0.00312 0.67031 0.00625 0.09688
10 0.81094 0.71875 0.05312 0.01875
10 0.97812 0.62656 0.04375 0.02187
10 0.97969 0.58438 0.04063 0.01875
10 0.99688 0.67031 0.00625 0.01562
11 0.0875 0.31406 0.06875 0.13437
10 0.77188 0.86719 0.05 0.02188
10 0.99219 0.37344 0.01562 0.03437
10 0.76406 0.90938 0.05312 0.025
10 0.99844 0.51719 0.00313 0.04062
10 0.98438 0.72812 0.03125 0.03125
10 0.81094 0.7375 0.04688 0.01875
10 0.96406 0.66875 0.04063 0.01875
10 0.97969 0.46875 0.04063 0.0375
10 0.91875 0.975 0.05625 0.03125
10 0.82031 0.68281 0.05313 0.02187
10 0.83438 0.56875 0.025 0.03125
10 0.97344 0.64688 0.05312 0.01875
10 0.79219 0.75625 0.05312 0.01875
10 0.93594 0.63281 0.04063 0.04062
10 0.94844 0.43906 0.04688 0.03437
10 0.83281 0.63437 0.06562 0.025
10 0.95469 0.50313 0.04063 0.0375
10 0.75469 0.97031 0.05938 0.01562
10 0.83906 0.61719 0.05312 0.02188
10 0.99219 0.48125 0.01562 0.03125
10 0.79531 0.77812 0.05937 0.025
10 0.81719 0.7 0.05312 0.025
10 0.76875 0.93438 0.0625 0.025
10 0.99844 0.42812 0.00313 0.03125
10 0.98125 0.60469 0.0375 0.02187
10 0.7875 0.84375 0.05625 0.025
10 0.97656 0.41562 0.04688 0.04375
