11 0.00469 0.87188 0.00938 0.1125
12 0.00781 0.84219 0.01562 0.10313
13 0.02031 0.49062 0.04062 0.1
13 0.02969 0.50781 0.05938 0.10312
48 0.45469 0.87812 0.08438 0.06875
48 0.21406 0.99531 0.13438 0.00938
48 0.38594 0.96094 0.10938 0.07812
48 0.71719 0.99688 0.15938 0.00625
48 0.50156 0.82344 0.09688 0.12812
48 0.24062 0.41875 0.1125 0.1
48 0.46094 0.48906 0.31563 0.27813
48 0.55937 0.72344 0.13125 0.16563
48 0.64375 0.56875 0.15625 0.225
5 0.77188 0.44062 0.025 0.03125
48 0.4375 0.21094 0.09375 0.09062
48 0.98281 0.72188 0.03438 0.15
48 0.7625 0.16719 0.10625 0.10937
48 0.74531 0.09219 0.06562 0.05938
48 0.91719 0.2 0.09687 0.08125
48 0.94531 0.07031 0.10938 0.10312
48 0.9625 0.02188 0.075 0.04375
48 0.99844 0.02656 0.00313 0.05312
48 0.075 0.97344 0.10625 0.05312
48 0.0875 0.94844 0.075 0.06562
48 0.1375 0.975 0.06875 0.05
48 0.95156 0.60781 0.09688 0.22188
48 0.6125 0.9875 0.08125 0.025
48 0.51406 0.97656 0.05937 0.04688
48 0.54375 0.96875 0.05625 0.05625
48 0.7 0.975 0.06875 0.05
48 0.7375 0.94688 0.05625 0.05
48 0.72188 0.77969 0.09375 0.06563
48 0.67188 0.75469 0.06875 0.05938
48 0.74531 0.83125 0.06562 0.05
48 0.65625 0.87812 0.1125 0.08125
48 0.74062 0.725 0.1125 0.08125
48 0.77656 0.70312 0.07188 0.05
48 0.73906 0.68125 0.04688 0.04375
48 0.72969 0.61719 0.07812 0.09062
48 0.79062 0.66406 0.0875 0.06563
48 0.79375 0.625 0.1 0.0625
48 0.87031 0.6875 0.09687 0.075
48 0.83125 0.72812 0.075 0.06875
48 0.89219 0.90469 0.07812 0.07188
48 0.82344 0.85156 0.09687 0.07812
48 0.93594 0.89531 0.07812 0.07812
48 0.96875 0.86094 0.0625 0.10313
48 0.98281 0.83281 0.03438 0.09687
48 0.99219 0.79219 0.01562 0.06562
48 0.95 0.77656 0.0625 0.06562
48 0.92188 0.80781 0.05625 0.05312
48 0.93281 0.85781 0.11562 0.09688
48 0.99844 0.98906 0.00313 0.02187
48 0.76875 0.94062 0.05625 0.0625
48 0.74375 0.86719 0.05625 0.05313
48 0.69688 0.83281 0.08125 0.07188
48 0.82812 0.94688 0.05625 0.04375
48 0.8375 0.90469 0.11875 0.10938
48 0.975 0.95312 0.04375 0.04375
48 0.94062 0.96875 0.0375 0.03125
48 0.625 0.90312 0.1375 0.14375
48 0.7875 0.97656 0.125 0.04688
48 0.76406 0.99844 0.10938 0.00313
48 0.81562 0.96406 0.05 0.04688
48 0.89062 0.97344 0.05625 0.04688
48 0.91719 0.9875 0.04063 0.025
48 0.8875 0.63281 0.06875 0.06563
48 0.82656 0.59531 0.09688 0.07812
48 0.86563 0.56719 0.15 0.09687
48 0.79219 0.51719 0.06562 0.07187
48 0.7625 0.55937 0.0625 0.0625
48 0.84688 0.475 0.14375 0.09375
48 0.95781 0.51719 0.08437 0.09063
48 0.89844 0.42812 0.20312 0.1625
48 0.95312 0.32188 0.09375 0.075
48 0.9 0.29844 0.05 0.05938
48 0.92969 0.23906 0.05937 0.04688
48 0.97031 0.24844 0.05937 0.07187
48 0.98594 0.20156 0.02812 0.05938
48 0.99531 0.14844 0.00938 0.06562
48 0.95781 0.14531 0.08437 0.07187
48 0.90469 0.12656 0.05937 0.06562
48 0.7625 0.225 0.06875 0.05
48 0.74062 0.2625 0.0625 0.0625
48 0.72656 0.29375 0.05313 0.05
48 0.43281 0.9125 0.09063 0.06875
48 0.35312 0.99375 0.0875 0.0125
48 0.72188 0.34062 0.075 0.06875
48 0.70625 0.38281 0.06875 0.05312
48 0.69531 0.41562 0.07812 0.0625
48 0.6875 0.45156 0.08125 0.04062
48 0.65625 0.88125 0.10625 0.09375
