48 0.95781 0.21094 0.06562 0.06562
48 0.89062 0.18906 0.06875 0.05938
48 0.90938 0.25156 0.1 0.09687
48 0.85312 0.33125 0.075 0.0625
48 0.51094 0.29531 0.08437 0.09063
48 0.51406 0.22188 0.10313 0.08125
48 0.61563 0.29063 0.13125 0.1125
48 0.3875 0.26562 0.0625 0.06875
48 0.425 0.21562 0.06875 0.075
48 0.16406 0.06406 0.05312 0.04063
48 0.21875 0.08594 0.09375 0.10312
48 0.26406 0.13906 0.07187 0.09063
48 0.20625 0.15313 0.075 0.0625
48 0.30625 0.08594 0.11875 0.09063
48 0.3125 0.16406 0.075 0.08438
48 0.25781 0.20781 0.07812 0.04688
48 0.22031 0.26562 0.07813 0.1
48 0.25781 0.3375 0.03438 0.04375
48 0.21562 0.34062 0.0625 0.05
48 0.175 0.29844 0.06875 0.05313
48 0.14688 0.27969 0.06875 0.06562
48 0.08281 0.25781 0.09062 0.07812
48 0.00312 0.44531 0.00625 0.10313
48 0.07656 0.37031 0.09688 0.09063
48 0.13906 0.40156 0.03438 0.05938
48 0.26094 0.39531 0.09688 0.09063
48 0.35312 0.44688 0.075 0.06875
48 0.15 0.46094 0.16875 0.09062
48 0.43437 0.45625 0.08125 0.1
48 0.17031 0.59688 0.09063 0.09375
48 0.34688 0.52188 0.05 0.05625
48 0.60469 0.55469 0.06562 0.06563
48 0.375 0.56719 0.05 0.07188
48 0.41719 0.52656 0.04688 0.04063
48 0.45625 0.53125 0.0375 0.04375
48 0.44062 0.58125 0.09375 0.06875
48 0.54062 0.5875 0.10625 0.075
48 0.32656 0.61719 0.07187 0.08438
48 0.35938 0.64844 0.0875 0.09062
48 0.40156 0.69062 0.10313 0.09375
48 0.54844 0.73281 0.08437 0.07188
48 0.52031 0.65781 0.24062 0.14062
48 0.43594 0.8 0.05938 0.0625
48 0.46719 0.74219 0.06562 0.07187
48 0.52188 0.77969 0.09375 0.07812
48 0.62969 0.76562 0.12812 0.125
48 0.7625 0.75156 0.14375 0.07812
48 0.75156 0.82031 0.10313 0.07812
48 0.4875 0.83281 0.08125 0.06562
48 0.57656 0.85781 0.14062 0.09688
48 0.69844 0.8875 0.12812 0.125
48 0.38281 0.81875 0.05937 0.075
48 0.34844 0.87969 0.09063 0.08437
48 0.46875 0.91406 0.225 0.17188
48 0.97656 0.85469 0.04062 0.06562
48 0.02188 0.82656 0.04375 0.05937
48 0.04531 0.90156 0.09062 0.10313
48 0.04688 0.96719 0.09375 0.06563
48 0.84062 0.99844 0.04375 0.00313
48 0.37344 0.18125 0.04688 0.0375
48 0.00781 0.54531 0.01562 0.09687
48 0.76094 0.95156 0.19062 0.09688
48 0.27969 0.26719 0.05313 0.07187
48 0.85469 0.8375 0.11562 0.1
48 0.02188 0.21094 0.04375 0.06562
48 0.00938 0.34844 0.01875 0.10313
48 0.33281 0.22656 0.07812 0.05937
48 0.1125 0.14219 0.125 0.19062
48 0.0125 0.28594 0.025 0.04688
48 0.875 0.77344 0.09375 0.03438
48 0.05938 0.30312 0.0375 0.04375
48 0.475 0.13594 0.1 0.10937
48 0.44219 0.25 0.09063 0.1125
48 0.87656 0.7 0.12813 0.1
48 0.16563 0.2125 0.1 0.1
48 0.62969 0.94219 0.10313 0.11562
48 0.05781 0.57031 0.10312 0.12187
48 0.03125 0.75625 0.0625 0.1125
48 0.29063 0.47188 0.11875 0.06875
48 0.56719 0.33281 0.14687 0.09063
48 0.25 0.54219 0.1375 0.09687
48 0.16719 0.52031 0.09688 0.05312
48 0.05156 0.43125 0.10312 0.14375
48 0.18438 0.39375 0.05625 0.09375
48 0.04062 0.67031 0.08125 0.09688
48 0.05469 0.12188 0.10938 0.18125
48 0.30156 0.38281 0.07812 0.09062
48 0.1375 0.32969 0.09375 0.05313
48 0.70469 0.51094 0.09688 0.10938
48 0.63281 0.50156 0.07812 0.12188
48 0.76875 0.675 0.10625 0.125
48 0.2375 0.65 0.1 0.08125
48 0.22969 0.73594 0.12188 0.09688
48 0.30312 0.8375 0.09375 0.0875
48 0.68281 0.64844 0.12188 0.17188
48 0.97188 0.68438 0.05625 0.1125
48 0.36406 0.98594 0.08437 0.02812
48 0.30469 0.925 0.08437 0.08125
48 0.37656 0.9625 0.09687 0.06875
48 0.13125 0.95312 0.0625 0.09375
48 0.41562 0.76719 0.075 0.06563
48 0.52188 0.91562 0.11875 0.06875
48 0.92031 0.06562 0.09688 0.05
48 0.88437 0.43125 0.0875 0.09375
48 0.97656 0.26094 0.04688 0.09688
48 0.9375 0.12188 0.10625 0.06875
48 0.85469 0.14062 0.08437 0.09375
48 0.87656 0.26875 0.06563 0.06875
48 0.96562 0.44531 0.06875 0.10313
48 0.53438 0.50313 0.13125 0.09375
48 0.40625 0.43594 0.06875 0.07187
48 0.72344 0.31719 0.09063 0.05938
48 0.80781 0.39219 0.10313 0.07812
48 0.80313 0.51875 0.11875 0.16875
48 0.99688 0.17812 0.00625 0.06875
48 0.9875 0.075 0.025 0.10625
48 0.54062 0.42188 0.11875 0.09375
48 0.16562 0.74688 0.2625 0.20625
48 0.3875 0.34531 0.21875 0.14688
48 0.76094 0.2375 0.19062 0.2
48 0.9875 0.34531 0.025 0.10312
48 0.93906 0.3375 0.12187 0.0875
48 0.66719 0.39844 0.10938 0.10313
48 0.9125 0.55469 0.175 0.15938
48 0.21094 0.92344 0.20937 0.15312
48 0.32188 0.72031 0.16875 0.14687
48 0.95938 0.15781 0.0625 0.05313
