48 0.16719 0.01562 0.17188 0.03125
48 0.43125 0.97344 0.275 0.05312
48 0.96406 0.74219 0.07188 0.17813
48 0.94375 0.26562 0.1125 0.20625
13 0.17969 0.98594 0.07188 0.02812
15 0.22812 0.97656 0.0875 0.04688
15 0.25312 0.96719 0.0875 0.06563
48 0.35625 0.91562 0.24375 0.16875
48 0.59688 0.9 0.425 0.2
48 0.74531 0.93125 0.50938 0.1375
48 0.08281 0.09219 0.16562 0.18438
48 0.4875 0.01562 0.25 0.03125
48 0.98125 0.91094 0.0375 0.17812
48 0.51406 0.62813 0.45312 0.275
48 0.83594 0.49219 0.32812 0.15938
48 0.06719 0.22812 0.13438 0.08125
5 0.0125 0.89375 0.025 0.04375
48 0.89531 0.31406 0.08437 0.05938
