13 0.34688 0.0125 0.125 0.025
13 0.3625 0.03125 0.13125 0.0625
38 0.6875 0.01719 0.16875 0.03438
57 0.53125 0.59688 0.1375 0.04375
57 0.50469 0.52969 0.12812 0.03438
57 0.49375 0.49844 0.1375 0.04063
57 0.62187 0.50313 0.1375 0.0625
57 0.61094 0.45938 0.14687 0.075
48 0.00625 0.38438 0.0125 0.1
11 0.5375 0.15625 0.18125 0.08125
35 0.60312 0.88906 0.25625 0.22188
35 0.37344 0.91562 0.31562 0.16875
35 0.06719 0.96406 0.13438 0.07188
13 0.85625 0.45781 0.08125 0.05312
13 0.94062 0.43906 0.08125 0.04688
56 0.67188 0.22969 0.10625 0.19688
56 0.55625 0.30156 0.1875 0.12187
56 0.88125 0.15156 0.2375 0.24062
56 0.73438 0.43906 0.14375 0.12188
56 0.86406 0.39219 0.12812 0.07812
56 0.96875 0.37812 0.0625 0.13125
