14 0.01094 0.87344 0.02188 0.05312
5 0.00156 0.97656 0.00312 0.04688
6 0.13281 0.93438 0.06562 0.05625
8 0.23594 0.96719 0.04688 0.05937
5 0.30625 0.98438 0.03125 0.03125
5 0.32812 0.94062 0.04375 0.04375
5 0.34844 0.95625 0.04688 0.0375
6 0.38906 0.975 0.06562 0.05
48 0.01094 0.99844 0.02188 0.00313
48 0.02031 0.42969 0.04062 0.29688
48 0.06719 0.4875 0.13438 0.3
48 0.11719 0.55313 0.23438 0.30625
48 0.34844 0.62344 0.20312 0.16563
48 0.46562 0.68125 0.19375 0.175
48 0.25156 0.73281 0.22812 0.18437
48 0.14062 0.81406 0.1875 0.12813
48 0.53906 0.74219 0.20938 0.17188
48 0.37969 0.76875 0.16563 0.10625
48 0.325 0.82344 0.14375 0.09687
48 0.64531 0.80625 0.19062 0.15
48 0.43281 0.85938 0.19688 0.1625
48 0.53125 0.91406 0.19375 0.15312
48 0.72969 0.85781 0.22813 0.15938
48 0.62187 0.94531 0.21875 0.10938
48 0.85156 0.91875 0.19063 0.15625
48 0.80625 0.99688 0.21875 0.00625
48 0.91562 0.95156 0.16875 0.09688
48 0.96094 0.975 0.07812 0.05
5 0.00312 0.23594 0.00625 0.04062
5 0.01719 0.24844 0.03438 0.04062
5 0.14219 0.21094 0.06562 0.04063
10 0.33281 0.32031 0.08437 0.05937
10 0.42188 0.39844 0.08125 0.05312
5 0.05938 0.26562 0.05625 0.025
5 0.10312 0.28906 0.03125 0.04688
10 0.13906 0.30938 0.05312 0.05625
5 0.18125 0.33125 0.0625 0.025
5 0.20312 0.35156 0.0625 0.02812
5 0.23594 0.36875 0.06562 0.025
5 0.26875 0.39219 0.0625 0.03437
5 0.28438 0.41875 0.0625 0.01875
5 0.24844 0.4625 0.05313 0.0375
5 0.37344 0.46562 0.05313 0.03125
5 0.525 0.46406 0.04375 0.02187
48 0.50469 0.27812 0.09063 0.075
5 0.45469 0.39375 0.05938 0.04375
10 0.54062 0.38438 0.05625 0.0625
5 0.56563 0.40312 0.0375 0.04375
5 0.57031 0.4375 0.04062 0.04375
5 0.66094 0.44531 0.04063 0.04063
10 0.63594 0.42656 0.05938 0.05938
5 0.69531 0.45469 0.04062 0.04062
5 0.59062 0.47031 0.0375 0.04688
5 0.86563 0.56094 0.0375 0.03438
5 0.89375 0.57188 0.0375 0.03125
5 0.92031 0.60781 0.05312 0.04688
5 0.98125 0.63906 0.0375 0.03438
5 0.48906 0.55313 0.04063 0.0375
5 0.75 0.69844 0.0625 0.04063
5 0.38594 0.51094 0.04063 0.04063
5 0.40938 0.525 0.04375 0.0375
5 0.68906 0.71094 0.05312 0.04688
5 0.74219 0.73438 0.04062 0.03125
5 0.77031 0.75469 0.05312 0.05312
5 0.91875 0.82031 0.04375 0.04688
5 0.95 0.82969 0.05 0.04688
5 0.97344 0.85625 0.04688 0.04375
48 0.98125 0.52969 0.0375 0.17188
48 0.99062 0.35938 0.01875 0.175
48 0.92969 0.47188 0.14062 0.1625
48 0.95156 0.3125 0.09688 0.15625
48 0.88125 0.41562 0.23125 0.16875
48 0.9 0.25312 0.2 0.15625
48 0.72188 0.32969 0.3625 0.22812
48 0.77812 0.19062 0.23125 0.15625
48 0.84844 0.12031 0.09687 0.05938
5 0.95469 0.12969 0.04688 0.04062
5 0.98125 0.1375 0.0375 0.03125
5 0.21562 0.51719 0.05625 0.02812
48 0.77656 0.50156 0.14687 0.11562
