5 0.95469 0.95938 0.04688 0.05
5 0.92031 0.96875 0.04688 0.05
5 0.85781 0.99219 0.05312 0.01562
48 0.67188 0.81094 0.65625 0.37813
48 0.90156 0.24062 0.19688 0.48125
48 0.32656 0.72969 0.65312 0.54062
48 0.66406 0.34688 0.67188 0.69375
5 0.93594 0.03281 0.05937 0.04688
5 0.92031 0.01406 0.05937 0.02812
5 0.9125 0.00312 0.08125 0.00625
2 0.16875 0.06719 0.3375 0.13438
53 0.79844 0.975 0.40312 0.05
10 0.95781 0.64375 0.08437 0.075
53 0.99688 0.20156 0.00625 0.40312
8 0.99062 0.7 0.01875 0.0625
2 0.24219 0.18438 0.34062 0.2
5 0.99219 0.75156 0.01562 0.04688
