48 0.50313 0.05469 0.09375 0.09063
48 0.55156 0.46719 0.12188 0.06562
48 0.86094 0.97969 0.27812 0.04063
48 0.30938 0.10312 0.125 0.08125
48 0.16719 0.5 0.10312 0.075
48 0.35156 0.0125 0.06563 0.025
48 0.17969 0.78125 0.09063 0.10625
48 0.575 0.43594 0.13125 0.08438
48 0.55937 0.52344 0.13125 0.09062
48 0.44375 0.12656 0.1 0.06562
48 0.31094 0.40938 0.07812 0.05625
48 0.42656 0.02344 0.10938 0.04688
48 0.42656 0.8625 0.08437 0.09375
48 0.30781 0.18438 0.11562 0.10625
48 0.32656 0.06719 0.09063 0.05938
48 0.97344 0.02812 0.05312 0.05625
48 0.69375 0.33125 0.13125 0.0875
48 0.47656 0.67344 0.19687 0.11562
48 0.83125 0.30469 0.09375 0.09688
48 0.32812 0.89375 0.0875 0.06875
48 0.68438 0.69375 0.50625 0.6125
48 0.91875 0.80625 0.1625 0.3875
48 0.26094 0.24844 0.09688 0.07812
48 0.09688 0.77344 0.11875 0.08438
48 0.50781 0.59531 0.14062 0.10313
48 0.33125 0.03125 0.0625 0.05
48 0.95938 0.09219 0.08125 0.07812
48 0.14844 0.56406 0.16563 0.09688
48 0.68594 0.22344 0.11562 0.10938
48 0.88906 0.27187 0.08437 0.05625
48 0.25312 0.39219 0.09375 0.08438
48 0.02188 0.66719 0.04375 0.10313
48 0.92031 0.18438 0.09062 0.1125
48 0.10469 0.3875 0.09688 0.09375
48 0.22656 0.30781 0.12813 0.09687
48 0.18125 0.21719 0.09375 0.10312
48 0.36719 0.82969 0.10313 0.09062
48 0.56406 0.00469 0.10938 0.00938
48 0.97188 0.22031 0.05625 0.10938
48 0.59688 0.37187 0.13125 0.1125
48 0.42031 0.76719 0.11563 0.10938
48 0.09375 0.03281 0.0625 0.06562
48 0.02031 0.02344 0.04062 0.04688
48 0.15156 0.09844 0.11562 0.10938
48 0.08125 0.28281 0.11875 0.10312
48 0.0375 0.3625 0.075 0.09375
48 0.10938 0.2 0.09375 0.10625
