5 0.51719 0.97188 0.07187 0.05625
48 0.00469 0.01875 0.00938 0.0375
48 0.88281 0.15469 0.23438 0.30938
48 0.7 0.44531 0.2625 0.19063
48 0.90781 0.51406 0.18437 0.17813
48 0.97656 0.52188 0.04688 0.23125
48 0.60156 0.66719 0.24687 0.37812
48 0.85156 0.7625 0.29688 0.325
48 0.65781 0.96094 0.15312 0.07812
48 0.75 0.97812 0.08125 0.04375
48 0.80625 0.9875 0.0875 0.025
48 0.85625 0.99219 0.0875 0.01562
48 0.08125 0.94375 0.1625 0.1125
48 0.20469 0.78281 0.40938 0.43437
48 0.19844 0.07969 0.27812 0.14688
