48 0.05781 0.99531 0.11562 0.00938
48 0.57031 0.97344 0.14062 0.05312
48 0.24375 0.98125 0.20625 0.0375
48 0.31094 0.34844 0.12812 0.11562
48 0.77969 0.01875 0.06563 0.0375
48 0.70625 0.70781 0.225 0.14687
48 0.62656 0.44688 0.17812 0.19375
48 0.67812 0.55156 0.15625 0.10313
48 0.78438 0.33594 0.1375 0.10313
48 0.90156 0.35 0.17812 0.16875
48 0.84844 0.48125 0.14687 0.125
48 0.97344 0.52188 0.05312 0.13125
48 0.9875 0.625 0.025 0.125
48 0.39531 0.03594 0.12812 0.07187
48 0.42656 0.98906 0.07188 0.02187
48 0.42969 0.83125 0.10313 0.0625
48 0.73125 0.63125 0.13125 0.0625
48 0.7125 0.59844 0.125 0.06562
48 0.30312 0.85156 0.1125 0.07812
48 0.38281 0.71875 0.09062 0.075
48 0.30312 0.72031 0.0625 0.04063
48 0.24062 0.74062 0.0875 0.0625
48 0.16875 0.80625 0.13125 0.1375
48 0.13125 0.67344 0.06875 0.07812
48 0.3375 0.49688 0.0625 0.05625
48 0.35938 0.55469 0.08125 0.09062
48 0.40469 0.53438 0.06562 0.08125
48 0.38281 0.48438 0.06563 0.0625
48 0.45781 0.48125 0.10313 0.10625
48 0.48594 0.55781 0.07812 0.06562
48 0.51562 0.4375 0.09375 0.09375
48 0.4875 0.62344 0.075 0.08437
48 0.41094 0.58125 0.07188 0.05625
48 0.35938 0.60156 0.0375 0.03438
48 0.25 0.62187 0.21875 0.225
48 0.97969 0.41094 0.04063 0.12812
48 0.94375 0.45625 0.1 0.09375
48 0.2125 0.88125 0.13125 0.09375
48 0.0875 0.92188 0.175 0.1
48 0.07344 0.8375 0.11562 0.11875
48 0.17031 0.11406 0.16562 0.17812
48 0.275 0.0875 0.1375 0.1125
48 0.22812 0.04062 0.08125 0.0625
48 0.10938 0.00312 0.09375 0.00625
5 0.3875 0.10312 0.05 0.0375
48 0.86406 0.04062 0.10313 0.08125
5 0.45312 0.07812 0.0375 0.03125
48 0.92969 0.14531 0.12187 0.06562
5 0.64844 0.30625 0.04688 0.0375
5 0.37031 0.41406 0.04063 0.03438
48 0.25938 0.24688 0.10625 0.1
48 0.975 0.29688 0.05 0.11875
48 0.9375 0.0125 0.1125 0.025
5 0.54688 0.02969 0.05 0.03438
5 0.31875 0.14375 0.04375 0.0375
48 0.6875 0.05313 0.0875 0.09375
5 0.20938 0.47969 0.04375 0.02813
48 0.40312 0.79375 0.11875 0.06875
48 0.49062 0.00781 0.09375 0.01562
48 0.775 0.92344 0.3 0.15312
5 0.10469 0.5125 0.02812 0.03125
48 0.77812 0.11094 0.05 0.04688
48 0.71406 0.15469 0.07188 0.07812
5 0.26875 0.16406 0.04375 0.03437
5 0.14844 0.50313 0.04063 0.03125
48 0.52188 0.11719 0.125 0.10938
