5 0.81719 0.98281 0.07188 0.03438
5 0.675 0.97344 0.06875 0.04063
5 0.82031 0.84844 0.06563 0.03437
5 0.75 0.875 0.0625 0.03125
5 0.68906 0.89844 0.05937 0.03438
5 0.56719 0.87031 0.04688 0.04688
5 0.51719 0.86875 0.04062 0.05
5 0.48281 0.86406 0.04688 0.04688
5 0.44219 0.85312 0.04063 0.04375
5 0.34688 0.83906 0.05 0.05312
5 0.16406 0.80312 0.07812 0.03125
5 0.11406 0.91562 0.07813 0.03125
5 0.11562 0.86719 0.0625 0.02812
5 0.28594 0.92656 0.04688 0.05312
5 0.325 0.93281 0.0375 0.05312
5 0.35781 0.92969 0.04062 0.04688
5 0.39062 0.92812 0.0375 0.04375
5 0.275 0.575 0.04375 0.05625
5 0.32031 0.1 0.07188 0.03125
5 0.17812 0.0625 0.0625 0.03125
5 0.32969 0.04688 0.06562 0.03125
5 0.29531 0.17344 0.07187 0.03437
48 0.12031 0.51875 0.24062 0.45625
48 0.67188 0.41875 0.65625 0.76875
48 0.10781 0.00156 0.21562 0.00312
48 0.075 0.06719 0.15 0.13438
5 0.36406 0.18906 0.07188 0.02813
5 0.35938 0.21094 0.06875 0.02813
5 0.34219 0.23125 0.07812 0.03125
