48 0.34219 0.0375 0.25938 0.075
48 0.21875 0.175 0.4375 0.35
5 0.70625 0.07969 0.03125 0.04687
5 0.6625 0.12812 0.0375 0.05625
5 0.68594 0.19688 0.02812 0.05625
5 0.64375 0.21719 0.03125 0.05313
5 0.67188 0.26875 0.0375 0.05625
5 0.66719 0.32812 0.02813 0.0375
5 0.62969 0.37344 0.02813 0.04688
5 0.65938 0.42344 0.0375 0.04688
5 0.66562 0.36406 0.025 0.04063
5 0.69531 0.78281 0.03438 0.05312
5 0.00781 0.98906 0.01562 0.02187
48 0.88281 0.92188 0.23438 0.15625
21 0.79844 0.57656 0.14062 0.04063
48 0.40469 0.48281 0.09687 0.06562
21 0.52344 0.55625 0.12813 0.05
21 0.3875 0.54844 0.125 0.04063
19 0.65781 0.56563 0.12187 0.04375
48 0.0125 0.45 0.025 0.05
21 0.93125 0.59531 0.13125 0.03438
21 0.25156 0.54219 0.13437 0.03437
21 0.02188 0.52188 0.04375 0.0375
21 0.1125 0.52969 0.13125 0.03438
