5 0.01406 0.32656 0.02812 0.04688
5 0.14375 0.18125 0.05 0.04375
5 0.09219 0.23281 0.04063 0.04687
46 0.17344 0.05 0.06562 0.05
48 0.12969 0.00625 0.19062 0.0125
48 0.09062 0.11562 0.13125 0.13125
51 0.89062 0.12656 0.21875 0.25312
48 0.51562 0.07031 0.26875 0.14062
48 0.45469 0.175 0.24062 0.225
48 0.33281 0.31562 0.25312 0.2375
48 0.24375 0.39375 0.24375 0.225
48 0.14531 0.5 0.24688 0.21875
48 0.09062 0.59219 0.18125 0.22813
48 0.03438 0.72031 0.06875 0.22813
48 0.40938 0.97969 0.25625 0.04063
48 0.53125 0.92031 0.24375 0.15938
48 0.61406 0.86875 0.24062 0.24375
48 0.70156 0.75 0.23438 0.20625
48 0.79375 0.67969 0.24375 0.26562
48 0.9 0.53906 0.2 0.24063
48 0.97188 0.45938 0.05625 0.28125
48 0.92031 0.98594 0.15938 0.02812
5 0.82344 0.9875 0.04688 0.025
