48 0.29063 0.32656 0.08125 0.12812
48 0.11406 0.2375 0.06562 0.1
48 0.36406 0.76406 0.09063 0.18437
48 0.05312 0.59844 0.075 0.06562
48 0.47031 0.06719 0.10938 0.06562
48 0.77812 0.98438 0.175 0.03125
48 0.63281 0.46875 0.07812 0.1375
48 0.95781 0.40938 0.08437 0.08125
48 0.6625 0.81562 0.21875 0.2
48 0.14375 0.59219 0.15 0.14062
48 0.67344 0.19062 0.33438 0.3375
48 0.97188 0.01875 0.05625 0.0375
48 0.3625 0.36406 0.1375 0.12812
48 0.87969 0.01562 0.07188 0.03125
48 0.95 0.15781 0.1 0.12812
48 0.68594 0.46875 0.10938 0.05625
48 0.82031 0.51719 0.07812 0.09063
48 0.95156 0.27812 0.07188 0.05625
48 0.59219 0.03906 0.10313 0.07812
48 0.55625 0.55 0.0875 0.1625
48 0.81406 0.64375 0.12813 0.0875
48 0.77969 0.01406 0.12813 0.02812
48 0.72188 0.92031 0.3625 0.15938
48 0.04531 0.25156 0.07188 0.10938
48 0.3875 0.53438 0.20625 0.1125
48 0.51406 0.22344 0.05937 0.12812
48 0.37969 0.63438 0.19688 0.1125
48 0.9625 0.34844 0.075 0.07812
48 0.00781 0.04688 0.01562 0.09375
48 0.03125 0.05156 0.0625 0.10312
48 0.50938 0.02344 0.05625 0.04688
48 0.25312 0.02812 0.05 0.05625
48 0.21562 0.12812 0.10625 0.10625
5 0.38125 0.28906 0.05625 0.04063
48 0.375 0.18281 0.075 0.11562
48 0.33906 0.04688 0.12188 0.06875
48 0.21719 0.05312 0.10937 0.075
5 0.14062 0.13281 0.0375 0.02813
48 0.07031 0.0625 0.08438 0.1125
48 0.33594 0.10938 0.07812 0.05625
48 0.125 0.06094 0.06875 0.12188
48 0.36406 0.00938 0.07812 0.01875
5 0.28906 0.25469 0.04688 0.04063
48 0.42969 0.02031 0.09062 0.04062
48 0.31094 0.01719 0.05938 0.03438
