48 0.57344 0.99062 0.20313 0.01875
48 0.44219 0.98438 0.12188 0.03125
48 0.38125 0.90781 0.18125 0.12813
48 0.15 0.99219 0.1875 0.01562
48 0.02656 0.90938 0.05312 0.175
48 0.88594 0.85 0.19062 0.125
48 0.975 0.89844 0.05 0.06563
48 0.69531 0.70312 0.19063 0.1125
48 0.49219 0.53125 0.17188 0.10625
48 0.56563 0.58438 0.1625 0.09375
48 0.6125 0.63906 0.2 0.11562
48 0.85469 0.74844 0.09063 0.05312
48 0.5125 0.7875 0.175 0.11875
48 0.4375 0.67812 0.15 0.125
48 0.29844 0.66094 0.11562 0.08437
48 0.17969 0.75469 0.19062 0.10938
48 0.44219 0.47344 0.15937 0.11562
48 0.33438 0.4125 0.21875 0.1
48 0.33438 0.60156 0.1 0.05937
48 0.06406 0.52031 0.10312 0.06562
48 0.17969 0.60312 0.08437 0.05625
48 0.04531 0.63281 0.09062 0.13437
48 0.07812 0.22656 0.15625 0.14062
48 0.20937 0.05156 0.1875 0.10312
48 0.35938 0.06875 0.20625 0.1375
48 0.47031 0.14219 0.19687 0.13438
48 0.53281 0.25313 0.17188 0.10625
48 0.62969 0.32656 0.15937 0.11563
48 0.71719 0.39375 0.17812 0.11875
48 0.81719 0.45312 0.15937 0.11875
48 0.89688 0.52031 0.20625 0.16563
48 0.97812 0.17969 0.04375 0.12188
48 0.86094 0.05 0.17188 0.1
48 0.3875 0.02344 0.20625 0.04688
48 0.29531 0.00938 0.10937 0.01875
48 0.65781 0.01406 0.14687 0.02812
