11 0.13438 0.01875 0.10625 0.0375
11 0.07656 0.82344 0.04062 0.12812
13 0.03281 0.17812 0.06562 0.14375
13 0.06406 0.17344 0.06562 0.13438
13 0.08906 0.15625 0.07187 0.13125
13 0.12344 0.15 0.06562 0.1375
13 0.14844 0.1 0.05312 0.06875
13 0.16406 0.1625 0.05312 0.075
13 0.02656 0.58281 0.05312 0.07188
13 0.34844 0.34531 0.09063 0.12812
13 0.08906 0.38594 0.06562 0.10938
13 0.1625 0.38125 0.075 0.13125
13 0.19688 0.36875 0.06875 0.125
13 0.43281 0.47656 0.06562 0.06563
13 0.46094 0.52969 0.05937 0.07812
13 0.40312 0.61719 0.05625 0.06563
13 0.23281 0.35 0.07187 0.1125
13 0.18125 0.48594 0.1375 0.06563
13 0.20312 0.50938 0.15625 0.075
13 0.25469 0.53438 0.07188 0.05
13 0.17969 0.55625 0.08437 0.05
13 0.22969 0.575 0.15313 0.08125
13 0.23438 0.60938 0.15625 0.06875
13 0.24688 0.64688 0.14375 0.08125
13 0.45312 0.63281 0.0625 0.07187
13 0.53281 0.675 0.08437 0.1375
13 0.59219 0.83438 0.07812 0.13125
13 0.50469 0.92656 0.07188 0.13438
13 0.47344 0.9125 0.07812 0.13125
13 0.4125 0.87188 0.05 0.075
13 0.38125 0.85938 0.05 0.06875
13 0.16875 0.79688 0.075 0.11875
13 0.22656 0.84062 0.05937 0.08125
13 0.27031 0.84844 0.06562 0.09687
13 0.34219 0.85312 0.07812 0.13125
48 0.40156 0.74688 0.12812 0.13125
