48 0.36094 0.38906 0.22188 0.19062
48 0.46094 0.33906 0.10938 0.09687
48 0.48438 0.30938 0.125 0.09375
48 0.51719 0.29063 0.10312 0.0875
48 0.54219 0.27344 0.10938 0.07812
5 0.5 0.89531 0.0375 0.02813
5 0.53281 0.92344 0.04063 0.03438
48 0.67656 0.07812 0.13438 0.13125
48 0.02969 0.04375 0.05938 0.0875
48 0.07344 0.09375 0.10937 0.10625
48 0.05 0.11719 0.1 0.14062
48 0.12031 0.2 0.07187 0.0625
48 0.20312 0.175 0.10625 0.0875
48 0.58594 0.22812 0.09062 0.08125
48 0.62813 0.25312 0.075 0.06875
48 0.41406 0.28594 0.07812 0.05312
9 0.29844 0.7 0.04688 0.04375
9 0.40469 0.51562 0.04062 0.0375
5 0.23125 0.82344 0.025 0.03437
5 0.2 0.85312 0.025 0.025
4 0.16875 0.89219 0.0375 0.03438
4 0.12344 0.89375 0.03438 0.0375
4 0.15469 0.86094 0.02813 0.02812
48 0.24062 0.89062 0.29375 0.21875
48 0.06562 0.73125 0.13125 0.38125
48 0.55781 0.62344 0.43438 0.43437
48 0.7 0.40938 0.15625 0.13125
48 0.54531 0.98594 0.28438 0.02812
5 0.06562 0.95312 0.03125 0.0375
48 0.74062 0.80781 0.425 0.38438
48 0.89062 0.6375 0.21875 0.19375
48 0.92188 0.14062 0.15625 0.28125
5 0.2125 0.79688 0.03125 0.01875
48 0.97656 0.92812 0.04688 0.14375
48 0.98281 0.03438 0.03438 0.06875
