5 0.9375 0.67031 0.08125 0.04688
9 0.225 0.47031 0.06875 0.07187
5 0.02969 0.00625 0.05938 0.0125
48 0.00781 0.16406 0.01562 0.16563
48 0.33125 0.63594 0.26875 0.11562
48 0.12188 0.0125 0.24375 0.025
48 0.18906 0.05 0.24062 0.1
48 0.25156 0.09531 0.21562 0.11562
48 0.47031 0.0375 0.27187 0.075
48 0.69844 0.39844 0.44062 0.19063
48 0.59062 0.54844 0.2125 0.16562
48 0.6125 0.69844 0.3375 0.18438
48 0.16562 0.83125 0.33125 0.21875
48 0.95938 0.61719 0.08125 0.33438
48 0.7 0.9 0.6 0.2
48 0.08438 0.50625 0.16875 0.26875
5 0.925 0.72969 0.075 0.03437
