48 0.90469 0.26094 0.15938 0.10312
48 0.83125 0.02812 0.06875 0.04375
5 0.54531 0.1625 0.03438 0.05625
5 0.65156 0.22031 0.02813 0.04688
5 0.52812 0.29375 0.0375 0.05
5 0.45156 0.20469 0.06562 0.02813
5 0.99375 0.99531 0.0125 0.00938
5 0.60625 0.75 0.025 0.05
5 0.01094 0.0375 0.02188 0.04375
5 0.50156 0.73594 0.03438 0.05312
5 0.51094 0.59375 0.02813 0.04375
5 0.50625 0.6625 0.03125 0.05
5 0.50938 0.47969 0.025 0.04688
53 0.79531 0.69844 0.40938 0.60312
5 0.49531 0.88281 0.03437 0.04062
48 0.39688 0.90469 0.24375 0.19063
48 0.14375 0.425 0.2875 0.43125
48 0.14688 0.7125 0.29375 0.275
48 0.31406 0.12031 0.59062 0.24062
48 0.39844 0.62813 0.28438 0.36875
48 0.40781 0.37656 0.24062 0.19687
48 0.39062 0.24844 0.2625 0.15937
48 0.14062 0.88594 0.28125 0.22813
