5 0.7 0.14219 0.0375 0.02813
5 0.64219 0.01406 0.04688 0.02812
5 0.92188 0.30781 0.05 0.02187
5 0.54219 0.00781 0.06562 0.01562
5 0.55156 0.06562 0.04063 0.04375
29 0.89844 0.67812 0.20312 0.64375
9 0.91719 0.28125 0.07812 0.03125
5 0.90781 0.14219 0.04063 0.04688
5 0.91875 0.08438 0.05 0.04375
53 0.975 0.19844 0.05 0.18438
5 0.10625 0.01562 0.05 0.03125
5 0.175 0.01094 0.0375 0.02188
48 0.34531 0.0875 0.12812 0.06875
48 0.44531 0.10469 0.12187 0.07812
25 0.13594 0.21406 0.09062 0.21562
25 0.62656 0.43594 0.11562 0.06562
24 0.55156 0.68906 0.13438 0.04688
5 0.62656 0.75781 0.03438 0.04688
5 0.64688 0.86406 0.03125 0.04688
5 0.67031 0.81562 0.03438 0.04375
5 0.69219 0.76562 0.03437 0.05
5 0.7125 0.71719 0.03125 0.05312
5 0.73125 0.6625 0.03125 0.0375
26 0.25625 0.87344 0.2 0.24687
26 0.37031 0.8625 0.24062 0.275
26 0.50156 0.875 0.20312 0.25
25 0.51719 0.09688 0.05938 0.1
24 0.46719 0.04375 0.04688 0.03125
25 0.30469 0.19688 0.07812 0.125
25 0.35312 0.20156 0.08125 0.12188
25 0.41875 0.20938 0.075 0.10625
28 0.68125 0.24531 0.06875 0.09688
25 0.73594 0.28125 0.12187 0.1875
25 0.71406 0.42812 0.04688 0.08125
24 0.60938 0.52188 0.15 0.06875
25 0.58125 0.58906 0.15 0.06562
30 0.52812 0.64688 0.1875 0.06875
30 0.03281 0.19688 0.06562 0.225
5 0.90156 0.33125 0.04063 0.01875
29 0.80469 0.65781 0.39062 0.68438
5 0.79688 0.00312 0.01875 0.00625
5 0.83438 0.35938 0.04375 0.04375
5 0.77344 0.09219 0.05313 0.04063
5 0.01562 0.00938 0.03125 0.01875
5 0.76094 0.00781 0.03437 0.01562
5 0.85312 0.31563 0.0375 0.04375
5 0.99062 0.08906 0.01875 0.02812
5 0.9625 0.04531 0.0375 0.04688
5 0.01562 0.05938 0.03125 0.04375
5 0.59062 0.14375 0.06875 0.03125
5 0.97031 0.20781 0.05937 0.02188
5 0.79062 0.51094 0.04375 0.05938
5 0.68438 0.01719 0.04375 0.02812
5 0.97188 0.18125 0.05625 0.03125
5 0.06094 0.01094 0.04062 0.02188
5 0.96406 0.23438 0.07188 0.0375
5 0.97969 0.13906 0.04063 0.02813
5 0.99219 0.26719 0.01562 0.02813
