5 0.60781 0.9375 0.04688 0.025
48 0.88438 0.97656 0.08125 0.04688
48 0.73438 0.95156 0.23125 0.09688
48 0.14688 0.94219 0.10625 0.09063
5 0.62656 0.90156 0.05937 0.02813
13 0.19375 0.24844 0.16875 0.14062
48 0.14375 0.62344 0.075 0.12813
48 0.24375 0.64531 0.15 0.10938
13 0.96875 0.31094 0.0625 0.17187
48 0.96562 0.97969 0.06875 0.04063
48 0.4125 0.92188 0.41875 0.15625
48 0.11406 0.78281 0.09688 0.10938
48 0.42344 0.66719 0.12188 0.14062
48 0.7875 0.775 0.4125 0.2125
48 0.22188 0.77656 0.15 0.10313
