48 0.41406 0.13438 0.40312 0.11875
48 0.92812 0.29219 0.14375 0.10312
48 0.49531 0.01562 0.14063 0.03125
48 0.92969 0.06875 0.14062 0.1375
48 0.17969 0.28281 0.10938 0.07187
5 0.85469 0.20937 0.04063 0.0375
48 0.48125 0.9125 0.19375 0.16875
48 0.18594 0.72969 0.16562 0.09687
48 0.67969 0.61719 0.04688 0.04688
48 0.28594 0.92188 0.11562 0.1125
48 0.46094 0.25 0.16562 0.1125
48 0.51406 0.99531 0.11563 0.00938
48 0.9375 0.19219 0.125 0.10312
48 0.57031 0.23281 0.06563 0.10312
5 0.825 0.94688 0.04375 0.05
48 0.15469 0.97031 0.06562 0.05312
48 0.93594 0.40312 0.12813 0.125
