10 0.37656 0.14062 0.06562 0.05625
48 0.23125 0.17812 0.125 0.1375
48 0.18594 0.02656 0.37188 0.05312
48 0.13906 0.1125 0.27812 0.225
48 0.09844 0.94531 0.19688 0.10938
48 0.45625 0.89688 0.28125 0.20625
5 0.84375 0.85156 0.03125 0.04688
48 0.65781 0.3 0.27187 0.21875
48 0.5 0.71562 0.19375 0.225
9 0.14531 0.31094 0.12187 0.07812
48 0.37656 0.25312 0.09063 0.06875
48 0.67656 0.88438 0.07812 0.09375
48 0.72188 0.54531 0.15 0.13438
13 0.29375 0.21094 0.05625 0.08437
48 0.54219 0.18438 0.14687 0.1
48 0.57656 0.44062 0.22813 0.19375
48 0.00156 0.99219 0.00312 0.01562
