48 0.89844 0.07812 0.20312 0.15625
48 0.06094 0.1625 0.12188 0.325
48 0.15 0.11562 0.3 0.23125
48 0.15938 0.71875 0.23125 0.5625
48 0.75312 0.52188 0.49375 0.95625
18 0.3125 0.10156 0.075 0.19688
18 0.33906 0.025 0.08437 0.05
48 0.42812 0.10469 0.2625 0.20938
48 0.58594 0.63438 0.33438 0.73125
48 0.82344 0.09219 0.35312 0.18438
48 0.35469 0.62031 0.37812 0.75938
48 0.05469 0.63438 0.10938 0.73125
18 0.48906 0.90312 0.09687 0.19375
18 0.43594 0.89844 0.07187 0.20312
18 0.46719 0.725 0.09062 0.2
18 0.40469 0.71094 0.05313 0.18437
18 0.42812 0.52969 0.0875 0.21562
18 0.38281 0.52969 0.08437 0.21562
18 0.40312 0.35938 0.0625 0.15625
18 0.35469 0.36406 0.06562 0.15937
18 0.36719 0.13906 0.05937 0.15937
18 0.00312 0.72969 0.00625 0.17812
18 0.01875 0.90625 0.0375 0.1875
18 0.04219 0.99375 0.08438 0.0125
18 0.95781 0.9625 0.07812 0.075
18 0.91875 0.82812 0.08125 0.20625
18 0.88438 0.61406 0.08125 0.20312
18 0.85156 0.42031 0.05313 0.19062
18 0.71094 0.92031 0.10938 0.15938
18 0.67188 0.7375 0.13125 0.2125
18 0.64531 0.54688 0.07812 0.18125
18 0.60938 0.35625 0.1125 0.20625
