48 0.02656 0.00312 0.05312 0.00625
48 0.09844 0.35469 0.19688 0.47812
48 0.05312 0.47656 0.10625 0.62813
5 0.05781 0.30781 0.03437 0.03437
5 0.04688 0.47969 0.04375 0.02813
5 0.05312 0.78594 0.0375 0.04063
5 0.02188 0.90469 0.04375 0.02812
5 0.03594 0.73438 0.04062 0.025
5 0.05312 0.69844 0.0375 0.02813
5 0.025 0.86719 0.05 0.02812
5 0.02812 0.54531 0.0375 0.02812
5 0.0375 0.27187 0.03125 0.04375
5 0.03125 0.82969 0.0375 0.04063
48 0.64844 0.94375 0.32812 0.1125
48 0.77188 0.81875 0.325 0.325
48 0.87344 0.60781 0.25313 0.29063
48 0.9375 0.38906 0.125 0.30313
48 0.99531 0.16562 0.00938 0.2875
48 0.13438 0.86406 0.15625 0.14687
48 0.22812 0.73281 0.175 0.14687
48 0.31719 0.56875 0.13438 0.1375
5 0.22188 0.50469 0.0375 0.03437
5 0.26562 0.43594 0.04375 0.02188
5 0.24531 0.38594 0.02813 0.03437
5 0.11094 0.30781 0.03437 0.03437
5 0.12188 0.53281 0.05 0.02187
5 0.16406 0.66875 0.03437 0.0375
5 0.32656 0.425 0.02813 0.0375
5 0.26875 0.39219 0.025 0.03437
5 0.23906 0.6625 0.04063 0.025
5 0.20469 0.54062 0.03437 0.0375
5 0.07969 0.80625 0.03438 0.0375
5 0.25156 0.60625 0.04062 0.025
5 0.34688 0.42656 0.03125 0.04688
5 0.2875 0.6875 0.04375 0.025
5 0.3875 0.45469 0.025 0.03437
5 0.38594 0.49688 0.04063 0.025
5 0.1 0.72188 0.0375 0.03125
5 0.17031 0.625 0.04062 0.03125
5 0.10938 0.59062 0.0375 0.025
5 0.40781 0.46094 0.02813 0.04688
5 0.23594 0.54219 0.03437 0.03437
5 0.32031 0.46406 0.04063 0.02813
5 0.06562 0.93125 0.04375 0.03125
5 0.175 0.43125 0.0375 0.03125
5 0.08594 0.89219 0.04062 0.02812
5 0.25938 0.48438 0.04375 0.03125
5 0.225 0.41406 0.0375 0.02187
5 0.20469 0.45312 0.04688 0.03125
5 0.14844 0.80156 0.04688 0.02813
5 0.36719 0.43906 0.02812 0.04688
5 0.12344 0.91406 0.04062 0.02188
5 0.1375 0.34219 0.025 0.03437
5 0.13438 0.74062 0.04375 0.03125
5 0.06719 0.56875 0.04062 0.03125
5 0.30625 0.41562 0.025 0.03125
5 0.08438 0.34688 0.03125 0.0375
5 0.38594 0.63281 0.04063 0.04688
5 0.2 0.39375 0.0375 0.025
5 0.10781 0.37188 0.03438 0.03125
5 0.26562 0.64688 0.05 0.025
5 0.13906 0.64844 0.03438 0.04062
5 0.29531 0.63125 0.04062 0.025
5 0.25312 0.51406 0.03125 0.02812
5 0.28594 0.40312 0.02187 0.03125
5 0.13906 0.40781 0.04062 0.02813
5 0.21094 0.58438 0.04688 0.025
5 0.27812 0.30469 0.04375 0.03438
5 0.15313 0.56094 0.04375 0.02812
5 0.07969 0.50781 0.04063 0.02812
5 0.43125 0.47812 0.0375 0.04375
5 0.17812 0.76719 0.04375 0.02812
5 0.11562 0.68594 0.03125 0.03438
5 0.14531 0.70312 0.02812 0.04375
5 0.20781 0.64375 0.04062 0.025
