9 0.45938 0.76875 0.03125 0.04375
9 0.48281 0.76094 0.03437 0.05312
9 0.52656 0.75469 0.04063 0.04688
9 0.55156 0.75156 0.03437 0.04063
9 0.59375 0.74844 0.0375 0.04063
9 0.61875 0.73906 0.03125 0.04688
9 0.65312 0.74219 0.05 0.04062
9 0.69844 0.73281 0.03437 0.04688
9 0.72188 0.72812 0.04375 0.05
9 0.75469 0.72812 0.04063 0.05625
9 0.78125 0.71562 0.03125 0.04375
11 0.50625 0.7625 0.025 0.04375
9 0.8 0.70625 0.0375 0.04375
9 0.84688 0.70781 0.0375 0.04688
9 0.87344 0.70469 0.03438 0.04688
9 0.89531 0.69688 0.03437 0.05
9 0.97031 0.68438 0.04063 0.05
9 0.99062 0.675 0.01875 0.0375
9 0.125 0.79062 0.0875 0.025
9 0.12344 0.775 0.09688 0.025
9 0.1 0.72969 0.09375 0.02187
9 0.09375 0.7125 0.0875 0.025
11 0.94531 0.41094 0.10938 0.14687
9 0.24062 0.8 0.0375 0.06875
9 0.29531 0.8125 0.05938 0.075
9 0.33125 0.79375 0.04375 0.05
9 0.35625 0.79062 0.04375 0.05
9 0.37813 0.77344 0.05 0.06563
9 0.40156 0.76875 0.04688 0.0625
9 0.43438 0.77812 0.0375 0.05
9 0.74688 0.31406 0.06875 0.06562
53 0.50313 0.73906 0.99375 0.30312
