48 0.25781 0.91719 0.24062 0.12188
48 0.47969 0.92188 0.24062 0.09375
48 0.84844 0.94844 0.24062 0.07812
48 0.06406 0.95312 0.12812 0.09375
48 0.53125 0.37812 0.3 0.15
48 0.18594 0.36719 0.26562 0.09688
48 0.02344 0.35312 0.04688 0.0875
48 0.30469 0.2375 0.25938 0.15
48 0.58906 0.13438 0.82188 0.26875
48 0.075 0.12812 0.15 0.25625
5 0.92031 0.83906 0.08437 0.02813
5 0.47969 0.85625 0.04688 0.05625
5 0.52812 0.85625 0.05 0.05625
9 0.74688 0.875 0.04375 0.0625
5 0.8375 0.88906 0.0625 0.05937
5 0.03125 0.81719 0.0625 0.02813
5 0.28125 0.83125 0.05 0.04375
5 0.22812 0.81875 0.04375 0.05625
9 0.18281 0.98594 0.05313 0.02812
9 0.42344 0.97031 0.10312 0.03438
5 0.33125 0.99219 0.0375 0.01562
5 0.37031 0.99531 0.04063 0.00938
5 0.41094 0.99844 0.04063 0.00313
5 0.44531 0.99219 0.03438 0.01562
5 0.48438 0.99219 0.04375 0.01562
5 0.55312 0.99531 0.04375 0.00938
53 0.52812 0.9875 0.775 0.025
5 0.12344 0.90156 0.05312 0.04063
5 0.07969 0.90938 0.03438 0.05
