48 0.00312 0.2375 0.00625 0.1625
48 0.98125 0.00312 0.0375 0.00625
48 0.44375 0.39844 0.21875 0.19063
48 0.45781 0.73906 0.22813 0.25312
48 0.02969 0.76719 0.05938 0.11562
48 0.79844 0.04062 0.20312 0.08125
48 0.83594 0.28125 0.26562 0.14375
48 0.84375 0.4125 0.13125 0.1125
48 0.15156 0.31875 0.14062 0.11875
48 0.12812 0.025 0.09375 0.05
48 0.76562 0.91094 0.175 0.17812
48 0.38125 0.92344 0.125 0.15312
48 0.11719 0.87344 0.15937 0.25313
48 0.98594 0.12812 0.02812 0.1375
48 0.81875 0.16094 0.28125 0.15937
48 0.93438 0.51875 0.13125 0.15625
48 0.9875 0.36719 0.025 0.15312
48 0.96562 0.3625 0.06875 0.10625
48 0.92188 0.39375 0.08125 0.1
48 0.04219 0.57031 0.08438 0.08438
48 0.19219 0.57187 0.15312 0.0875
48 0.64375 0.81406 0.16875 0.37187
48 0.80156 0.65312 0.39688 0.1375
48 0.96562 0.86094 0.06875 0.27812
48 0.125 0.20469 0.15625 0.12812
48 0.00312 0.13594 0.00625 0.12813
48 0.20781 0.06562 0.18438 0.13125
48 0.01719 0.96875 0.03438 0.0625
48 0.02812 0.9375 0.05625 0.05625
48 0.2375 0.85156 0.1125 0.19687
48 0.47031 0.92969 0.12813 0.14062
48 0.01406 0.52344 0.02812 0.22188
48 0.07187 0.65156 0.1375 0.10938
48 0.9875 0.68438 0.025 0.11875
48 0.86563 0.5125 0.1 0.08125
48 0.37813 0.05781 0.20625 0.11562
48 0.9125 0.01094 0.075 0.02188
48 0.92656 0.075 0.07812 0.09375
