48 0.56563 0.91562 0.175 0.13125
48 0.62656 0.9875 0.20312 0.025
48 0.925 0.88437 0.15 0.19375
48 0.84688 0.7 0.15625 0.18125
48 0.01094 0.28281 0.02188 0.13437
48 0.00156 0.14062 0.00312 0.1375
48 0.51094 0.78594 0.19062 0.14687
48 0.10156 0.06094 0.18438 0.12188
48 0.65469 0.3875 0.16563 0.175
48 0.79062 0.31406 0.15 0.18438
48 0.09844 0.53281 0.19688 0.13437
50 0.37188 0.98125 0.1875 0.0375
50 0.28906 0.89375 0.21562 0.14375
48 0.17344 0.92813 0.05313 0.05625
5 0.66406 0.84531 0.05313 0.03438
48 0.32188 0.72812 0.0875 0.1125
47 0.16094 0.33125 0.06563 0.0625
48 0.03438 0.24375 0.06875 0.0875
50 0.06094 0.00469 0.12188 0.00938
48 0.16562 0.18438 0.175 0.14375
48 0.30312 0.43437 0.16875 0.14375
48 0.38125 0.525 0.1125 0.1
48 0.95312 0.62031 0.09375 0.18438
48 0.82031 0.05938 0.11563 0.11875
48 0.70469 0.13281 0.14687 0.17812
5 0.50156 0.15937 0.04688 0.03125
48 0.06562 0.4 0.13125 0.14375
48 0.13906 0.65 0.20937 0.11875
48 0.56875 0.21719 0.11875 0.16562
5 0.52344 0.41094 0.03438 0.04688
48 0.42656 0.68125 0.16563 0.125
5 0.25156 0.13125 0.04062 0.0375
5 0.18281 0.0125 0.02812 0.025
