48 0.69688 0.79531 0.125 0.12813
48 0.69062 0.90781 0.06875 0.12187
48 0.75 0.87656 0.05 0.07812
48 0.98281 0.68438 0.03438 0.14375
48 0.82187 0.82812 0.1625 0.26875
48 0.91406 0.72031 0.12813 0.17188
48 0.94375 0.87031 0.1125 0.12812
48 0.77969 0.98906 0.05937 0.02187
48 0.99062 0.95469 0.01875 0.09062
5 0.14844 0.00312 0.02813 0.00625
48 0.78125 0.06719 0.41875 0.13438
48 0.64375 0.19531 0.58125 0.39062
48 0.35625 0.36562 0.31875 0.4125
48 0.18906 0.45156 0.32812 0.40938
48 0.08125 0.18906 0.1625 0.34062
48 0.075 0.55625 0.15 0.5375
48 0.00156 0.9875 0.00312 0.025
48 0.08125 0.86562 0.125 0.125
48 0.18594 0.97969 0.15937 0.04063
48 0.025 0.97344 0.05 0.04688
48 0.34688 0.93594 0.13125 0.12813
48 0.425 0.95625 0.05625 0.0875
48 0.51406 0.96094 0.10313 0.05937
48 0.59062 0.85312 0.10625 0.125
48 0.49375 0.87031 0.1125 0.10313
48 0.42031 0.86719 0.04062 0.05313
48 0.62813 0.99844 0.1125 0.00313
48 0.64531 0.95938 0.05312 0.075
48 0.725 0.9875 0.0375 0.025
48 0.95312 0.99375 0.06875 0.0125
48 0.89219 0.98906 0.05937 0.02187
48 0.17031 0.69844 0.05313 0.04063
48 0.43594 0.72031 0.07812 0.10938
48 0.41406 0.77656 0.05937 0.04063
48 0.23281 0.68594 0.05313 0.04688
48 0.05 0.98906 0.1 0.02187
48 0.18281 0.83438 0.04688 0.04375
48 0.4625 0.58281 0.13125 0.16563
48 0.50625 0.69844 0.125 0.11562
48 0.64688 0.65312 0.1625 0.15625
48 0.64219 0.51406 0.17188 0.17188
48 0.75469 0.51094 0.20937 0.24688
48 0.98281 0.47344 0.03438 0.17187
48 0.95 0.50156 0.1 0.12813
48 0.90625 0.55156 0.1 0.12188
48 0.39688 0.23438 0.5125 0.46875
