5 0.12031 0.91562 0.03438 0.05
5 0.19062 0.86719 0.025 0.04062
5 0.07812 0.8875 0.01875 0.03125
5 0.18438 0.75781 0.03125 0.05313
5 0.12812 0.64219 0.03125 0.04688
5 0.10938 0.63906 0.025 0.03438
5 0.075 0.65781 0.04375 0.02187
5 0.08594 0.62187 0.03437 0.01875
5 0.05469 0.64062 0.05313 0.01875
5 0.04531 0.62187 0.03438 0.0125
5 0.13125 0.56719 0.025 0.04063
5 0.15625 0.53438 0.01875 0.0375
5 0.16094 0.49531 0.02188 0.03437
5 0.20781 0.54844 0.02812 0.04063
5 0.21562 0.48438 0.025 0.04375
5 0.23594 0.38281 0.02813 0.04688
5 0.18906 0.30625 0.04062 0.05625
48 0.03906 0.89375 0.07812 0.13125
48 0.04062 0.74844 0.08125 0.18437
48 0.18438 0.34219 0.36875 0.68438
48 0.74844 0.52969 0.30937 0.14062
48 0.62031 0.63594 0.22813 0.17188
48 0.32812 0.66875 0.23125 0.08125
48 0.29688 0.55156 0.1375 0.21563
48 0.33438 0.33125 0.10625 0.13125
48 0.40156 0.25312 0.22187 0.1125
48 0.42344 0.14062 0.26562 0.2375
48 0.55469 0.05781 0.35938 0.11562
48 0.73125 0.40781 0.36875 0.20312
48 0.78281 0.22031 0.43437 0.44062
48 0.95781 0.61719 0.05938 0.02812
48 0.9375 0.80313 0.05 0.025
48 0.9375 0.78125 0.04375 0.025
48 0.60781 0.95469 0.06563 0.07812
48 0.62187 0.98281 0.11875 0.03438
48 0.75469 0.97656 0.10313 0.04688
48 0.74375 0.92656 0.1 0.07188
48 0.68594 0.94375 0.05937 0.0875
48 0.625 0.8 0.24375 0.23125
48 0.48281 0.97031 0.07812 0.05937
48 0.27656 0.875 0.13438 0.11875
48 0.33906 0.96094 0.24688 0.07812
48 0.33438 0.77031 0.24375 0.13438
5 0.95469 0.9 0.07188 0.04375
5 0.94531 0.85156 0.05313 0.01562
5 0.94375 0.83281 0.04375 0.02187
5 0.95469 0.87031 0.05937 0.02813
5 0.98281 0.05156 0.03438 0.04688
5 0.97188 0.94688 0.05625 0.05
