48 0.05156 0.95781 0.10312 0.08437
5 0.01094 0.5875 0.02188 0.05
5 0.04531 0.60156 0.03438 0.05313
5 0.07656 0.60156 0.02812 0.04062
5 0.11406 0.61406 0.02812 0.05312
5 0.14531 0.62344 0.02812 0.04688
7 0.1875 0.64688 0.04375 0.05
5 0.30781 0.67969 0.04063 0.06563
5 0.34531 0.6875 0.04062 0.05
5 0.01719 0.75938 0.03438 0.03125
5 0.0125 0.825 0.025 0.05
5 0.05781 0.83125 0.05313 0.06875
5 0.10156 0.8375 0.04062 0.05625
5 0.30469 0.93906 0.03438 0.04063
5 0.42344 0.93438 0.04062 0.0375
5 0.17031 0.05156 0.04062 0.04062
5 0.11719 0.05938 0.04063 0.03125
5 0.0875 0.10156 0.04375 0.04688
5 0.34531 0.09844 0.04062 0.04688
48 0.24375 0.16719 0.25625 0.25312
48 0.72969 0.21562 0.54062 0.35
48 0.87188 0.56094 0.25625 0.42188
48 0.5375 0.44844 0.925 0.70312
6 0.79375 0.02969 0.10625 0.05312
5 0.90625 0.19531 0.0625 0.02813
5 0.97969 0.78125 0.04063 0.03125
5 0.81719 0.78281 0.03437 0.04063
5 0.87344 0.79844 0.03438 0.04063
5 0.73281 0.75312 0.04063 0.0375
5 0.7125 0.7375 0.0375 0.03125
5 0.66094 0.69844 0.04063 0.04688
5 0.40625 0.69844 0.04375 0.04063
6 0.43906 0.85625 0.08438 0.05625
48 0.88438 0.95312 0.23125 0.09375
48 0.61406 0.94062 0.36562 0.11875
5 0.96875 0.80312 0.05625 0.03125
48 0.0875 0.05 0.175 0.1
