48 0.5875 0.59375 0.175 0.14375
5 0.40312 0.90469 0.04375 0.02187
48 0.21875 0.20938 0.09375 0.1375
48 0.09688 0.36875 0.14375 0.09375
48 0.36406 0.79062 0.06562 0.0875
48 0.02812 0.90156 0.05625 0.15313
48 0.07344 0.25156 0.14688 0.10312
48 0.02812 0.6 0.05625 0.21875
48 0.37656 0.69844 0.19062 0.10938
48 0.75 0.92656 0.29375 0.14687
48 0.23438 0.85625 0.09375 0.1625
5 0.49844 0.51406 0.05937 0.02812
5 0.71562 0.86719 0.05625 0.02188
48 0.24062 0.3375 0.15 0.09375
48 0.12656 0.44688 0.14688 0.05625
48 0.21406 0.75312 0.09063 0.09375
48 0.09531 0.90625 0.10312 0.13125
5 0.90469 0.325 0.04063 0.05625
5 0.975 0.49219 0.05 0.04062
48 0.0625 0.17031 0.125 0.09688
48 0.30781 0.81562 0.07188 0.1
48 0.03594 0.78125 0.07187 0.1125
48 0.34531 0.55781 0.14062 0.09063
48 0.48125 0.95156 0.4 0.09688
5 0.175 0.91406 0.0375 0.05937
48 0.21406 0.62031 0.16562 0.07812
