48 0.55781 0.28125 0.20937 0.525
48 0.35312 0.26719 0.2375 0.48438
48 0.10625 0.32031 0.2125 0.39062
48 0.23125 0.06875 0.4625 0.1375
48 0.94844 0.45625 0.10313 0.1625
48 0.95 0.62031 0.1 0.16563
48 0.95469 0.26562 0.09062 0.26875
48 0.92188 0.07187 0.15625 0.14375
5 0.64688 0.69219 0.0375 0.05938
5 0.60781 0.69844 0.04063 0.04688
5 0.56094 0.69219 0.03438 0.04063
5 0.52656 0.69531 0.03437 0.04688
5 0.14687 0.62969 0.0875 0.02813
5 0.17812 0.65156 0.06875 0.02813
5 0.15781 0.54062 0.04688 0.05
5 0.19531 0.53281 0.04063 0.04688
5 0.39375 0.60781 0.04375 0.03438
9 0.82031 0.44375 0.04688 0.05625
53 0.41719 0.64688 0.60938 0.15
48 0.18594 0.00781 0.37188 0.01562
