48 0.85 0.97812 0.125 0.04375
48 0.77969 0.93906 0.10313 0.12187
48 0.65781 0.97188 0.16563 0.05625
48 0.73281 0.95 0.11562 0.1
48 0.98125 0.75312 0.0375 0.04375
48 0.5 0.79219 0.15 0.10938
48 0.29688 0.53594 0.15625 0.13438
48 0.71719 0.25 0.20937 0.16875
48 0.55625 0.3625 0.16875 0.13125
48 0.07812 0.8625 0.14375 0.13125
48 0.69062 0.475 0.1625 0.1375
48 0.175 0.97969 0.075 0.04063
48 0.60469 0.55 0.09063 0.10625
48 0.82812 0.89688 0.0625 0.06875
48 0.02188 0.925 0.04375 0.075
48 0.25781 0.7625 0.10313 0.11875
48 0.24844 0.925 0.11563 0.13125
48 0.99219 0.25 0.01562 0.1
48 0.03438 0.98438 0.06875 0.03125
48 0.1 0.97031 0.1 0.05937
48 0.31094 0.72188 0.12188 0.1
48 0.79531 0.37969 0.08437 0.07812
48 0.975 0.28125 0.05 0.08125
48 0.18281 0.81875 0.10938 0.10625
48 0.40938 0.83125 0.06875 0.1
48 0.575 0.72656 0.09375 0.10312
48 0.98594 0.89531 0.02812 0.15313
48 0.52188 0.63438 0.11875 0.16875
48 0.32656 0.86875 0.09063 0.10625
48 0.85781 0.54219 0.13438 0.09063
48 0.89219 0.95312 0.07812 0.08125
48 0.98906 0.41094 0.02187 0.10938
48 0.94219 0.08438 0.11562 0.16875
48 0.14062 0.0125 0.20625 0.025
5 0.54375 0.00469 0.0375 0.00938
48 0.94844 0.46094 0.10313 0.10312
48 0.41562 0.68906 0.1375 0.14062
48 0.92188 0.31719 0.10625 0.08437
