48 0.05156 0.76406 0.05938 0.06563
48 0.70156 0.95 0.15312 0.09375
48 0.80625 0.95156 0.08125 0.09688
48 0.89531 0.97812 0.09687 0.04375
48 0.30938 0.975 0.4875 0.05
48 0.89844 0.51094 0.20312 0.10313
48 0.06562 0.65156 0.1125 0.09687
48 0.02812 0.85469 0.05625 0.12188
48 0.00781 0.96562 0.01562 0.06875
48 0.50469 0.90781 0.07188 0.07188
48 0.0625 0.83125 0.06875 0.05625
48 0.29375 0.40938 0.08125 0.04375
48 0.13125 0.4125 0.08125 0.09375
48 0.54688 0.54688 0.075 0.05
48 0.26094 0.01562 0.04688 0.03125
