5 0.65938 0.00938 0.05 0.01875
5 0.75625 0.27187 0.05 0.03125
5 0.78125 0.29688 0.03125 0.04375
5 0.79375 0.33594 0.03125 0.04688
5 0.81094 0.38125 0.02812 0.05
5 0.82656 0.425 0.02812 0.05
5 0.79844 0.50625 0.04688 0.03125
5 0.73281 0.56719 0.05312 0.02813
5 0.69062 0.60938 0.05 0.03125
5 0.81562 0.53594 0.04375 0.03437
5 0.87656 0.48281 0.04688 0.05313
5 0.925 0.49844 0.05 0.02812
5 0.90156 0.53281 0.04688 0.03438
9 0.87656 0.60938 0.04688 0.06875
5 0.27344 0.71562 0.05937 0.0375
5 0.44688 0.8125 0.0375 0.05625
5 0.22344 0.73125 0.04688 0.0375
5 0.17188 0.74688 0.04375 0.03125
5 0.32812 0.69688 0.04375 0.03125
5 0.5375 0.64688 0.04375 0.03125
5 0.01094 0.96562 0.02188 0.0375
5 0.00625 0.99375 0.0125 0.0125
5 0.91406 0.62969 0.03438 0.05312
48 0.0375 0.44688 0.075 0.2
48 0.06406 0.56719 0.12812 0.19062
48 0.12031 0.12188 0.19062 0.15
48 0.16094 0.25625 0.18438 0.1625
48 0.19219 0.36719 0.17812 0.17812
48 0.20312 0.4875 0.15 0.1375
48 0.65625 0.43906 0.275 0.20937
48 0.50156 0.50938 0.25937 0.20625
48 0.62969 0.31562 0.25938 0.1875
48 0.37031 0.25938 0.24688 0.15
48 0.52969 0.09375 0.31562 0.1875
48 0.30781 0.06094 0.21562 0.12188
48 0.83125 0.04844 0.3375 0.09688
48 0.975 0.0125 0.05 0.025
48 0.475 0.025 0.3125 0.05
48 0.93438 0.32969 0.13125 0.19062
5 0.45 0.89844 0.04375 0.02812
5 0.45938 0.91406 0.05 0.02812
5 0.46562 0.95156 0.04375 0.02812
5 0.49375 0.9375 0.025 0.04375
5 0.47188 0.97031 0.04375 0.02812
5 0.47812 0.98906 0.04375 0.02187
5 0.02344 0.99219 0.04062 0.01562
48 0.84844 0.92031 0.20937 0.14687
48 0.40625 0.37813 0.275 0.20625
48 0.08125 0.05938 0.1625 0.11875
48 0.77969 0.64062 0.15312 0.125
48 0.58906 0.725 0.23438 0.1875
48 0.88281 0.23125 0.23438 0.1875
48 0.82344 0.79375 0.22813 0.1625
48 0.95312 0.61875 0.09375 0.23125
48 0.98906 0.88125 0.02187 0.2375
48 0.34062 0.15313 0.2 0.15
48 0.08906 0.68125 0.17812 0.19375
48 0.03438 0.32969 0.06875 0.19062
48 0.59062 0.86719 0.275 0.21562
