5 0.10781 0.51094 0.04688 0.02187
5 0.10156 0.55781 0.05312 0.02813
5 0.10312 0.57969 0.05 0.02187
5 0.52969 0.23594 0.02812 0.05313
5 0.56563 0.19375 0.025 0.04375
5 0.4875 0.14688 0.025 0.05
5 0.58438 0.0125 0.05625 0.025
5 0.57344 0.03438 0.05938 0.01875
5 0.4625 0.4 0.025 0.0375
8 0.16094 0.49375 0.04688 0.025
5 0.08438 0.63125 0.01875 0.05
5 0.14062 0.84375 0.0375 0.01875
5 0.4875 0.54219 0.03125 0.04688
48 0.34062 0.05156 0.2125 0.10312
5 0.75625 0.56875 0.05 0.0375
5 0.0875 0.96719 0.025 0.06563
5 0.41562 0.37656 0.0375 0.04688
5 0.39062 0.37188 0.05 0.05625
5 0.06875 0.29531 0.05 0.02813
5 0.57344 0.10625 0.08437 0.0375
5 0.58125 0.08594 0.06875 0.04062
5 0.42344 0.20156 0.04688 0.07187
5 0.17188 0.39688 0.075 0.04375
5 0.04062 0.41875 0.06875 0.03125
5 0.37031 0.36094 0.04063 0.04688
5 0.39219 0.70469 0.04062 0.03438
5 0.03438 0.20937 0.025 0.05625
5 0.29063 0.44375 0.05625 0.03125
5 0.23281 0.60781 0.04687 0.05937
5 0.35469 0.19531 0.05312 0.06562
5 0.42031 0.42344 0.04688 0.07187
5 0.05 0.39688 0.05625 0.025
5 0.10625 0.4625 0.05625 0.0375
5 0.45 0.34062 0.0375 0.0375
5 0.48594 0.20781 0.03438 0.07187
5 0.03281 0.52656 0.04688 0.02813
5 0.43906 0.81875 0.05313 0.05
5 0.47344 0.34688 0.03437 0.0375
5 0.27812 0.66094 0.0375 0.05312
5 0.31875 0.525 0.03125 0.04375
8 0.05 0.96406 0.05625 0.07188
5 0.1 0.48281 0.0625 0.04688
5 0.27812 0.19219 0.0375 0.07812
5 0.10312 0.63906 0.0375 0.05937
5 0.16563 0.51406 0.06875 0.05313
5 0.23125 0.85781 0.0625 0.04063
5 0.03281 0.55 0.05938 0.025
5 0.375 0.84062 0.06875 0.05
5 0.275 0.6 0.025 0.0625
5 0.3375 0.51719 0.0375 0.05312
5 0.07031 0.2375 0.06562 0.0375
5 0.04688 0.34219 0.0625 0.02813
5 0.0625 0.2625 0.05 0.04375
5 0.57969 0.1375 0.05937 0.0375
5 0.23594 0.45625 0.05938 0.05
5 0.24062 0.51094 0.04375 0.02813
5 0.04688 0.37031 0.0875 0.03437
5 0.56875 0.05781 0.06875 0.04688
5 0.27969 0.48125 0.04688 0.05625
5 0.35312 0.3125 0.05 0.05625
5 0.04531 0.31562 0.05938 0.0375
5 0.11875 0.97031 0.0375 0.05937
5 0.25781 0.52969 0.06563 0.02812
5 0.84844 0.01875 0.06562 0.0375
5 0.03906 0.50469 0.07812 0.04063
5 0.37812 0.31406 0.0375 0.05938
5 0.4625 0.15469 0.03125 0.07187
5 0.98125 0.05938 0.0375 0.05625
5 0.44688 0.54844 0.0375 0.07188
48 0.49844 0.96719 0.20938 0.06563
5 0.11875 0.39062 0.0625 0.03125
5 0.88125 0.02656 0.05 0.05312
5 0.40781 0.33125 0.03437 0.05625
5 0.6 0.60781 0.04375 0.05937
5 0.10938 0.43281 0.06875 0.04063
5 0.30625 0.85625 0.06875 0.05
5 0.04062 0.47969 0.05625 0.02187
5 0.4375 0.15 0.04375 0.05625
