5 0.49375 0.99375 0.025 0.0125
6 0.42969 0.73281 0.05312 0.09688
6 0.57812 0.59531 0.04375 0.07188
5 0.97969 0.56094 0.04063 0.02187
5 0.97812 0.53438 0.04375 0.01875
5 0.975 0.47188 0.05 0.025
5 0.975 0.44375 0.0375 0.025
5 0.99531 0.25156 0.00938 0.02188
5 0.99688 0.27812 0.00625 0.025
5 0.98438 0.34844 0.03125 0.02813
48 0.92188 0.17969 0.08125 0.05938
48 0.90781 0.09531 0.09062 0.12812
48 0.98281 0.025 0.03438 0.04375
48 0.25938 0.8125 0.09375 0.0875
48 0.20156 0.73125 0.19062 0.08125
48 0.12969 0.16094 0.12812 0.32188
48 0.0875 0.89688 0.1 0.0875
48 0.02031 0.91562 0.04062 0.1
6 0.28906 0.02812 0.04063 0.05625
6 0.47031 0.05313 0.03437 0.0625
5 0.5875 0.78906 0.025 0.04062
5 0.34688 0.19062 0.025 0.0375
5 0.3875 0.33906 0.025 0.03437
5 0.36094 0.35 0.02813 0.04375
48 0.99844 0.98594 0.00313 0.02812
9 0.95469 0.79844 0.09062 0.04063
13 0.9875 0.86562 0.025 0.125
13 0.1625 0.87812 0.0375 0.0625
6 0.24531 0.87344 0.11562 0.04688
6 0.44688 0.98594 0.0375 0.02812
6 0.27031 0.97031 0.10313 0.04063
6 0.20312 0.92656 0.0625 0.04063
6 0.12344 0.96094 0.09688 0.07812
6 0.19531 0.97969 0.05312 0.04063
6 0.12188 0.99375 0.05 0.0125
6 0.21094 0.99688 0.05312 0.00625
