5 0.03125 0.77188 0.03125 0.04375
5 0.04375 0.81719 0.03125 0.03437
5 0.06562 0.8625 0.0375 0.04375
5 0.09062 0.91094 0.0375 0.04063
5 0.11875 0.98125 0.03125 0.0375
5 0.13594 0.76562 0.05313 0.03125
5 0.15313 0.80781 0.05 0.02813
5 0.16406 0.84219 0.05938 0.02812
5 0.17188 0.87656 0.05625 0.02812
48 0.15781 0.43906 0.31562 0.22188
48 0.28125 0.60781 0.45625 0.25938
5 0.65156 0.67188 0.04063 0.025
5 0.02656 0.60625 0.04688 0.0625
48 0.27656 0.85781 0.41562 0.28438
5 0.0125 0.53594 0.025 0.05312
53 0.75625 0.41875 0.4875 0.76875
