48 0.21406 0.24688 0.15313 0.15
48 0.13125 0.2625 0.1625 0.20625
48 0.01094 0.37344 0.02188 0.21562
48 0.08594 0.29531 0.17188 0.20938
48 0.05 0.33594 0.1 0.23438
5 0.95 0.99844 0.0375 0.00313
48 0.61875 0.95 0.2625 0.1
5 0.59688 0.28594 0.04375 0.05312
5 0.62813 0.37969 0.0375 0.04688
5 0.26406 0.16562 0.04062 0.05
48 0.62344 0.25938 0.07188 0.08125
48 0.67188 0.31719 0.1625 0.14062
48 0.62187 0.41406 0.10625 0.10938
48 0.7 0.45938 0.175 0.125
48 0.57344 0.71094 0.22813 0.30937
48 0.98281 0.68438 0.03438 0.21875
48 0.72188 0.53438 0.3 0.19375
48 0.75625 0.28281 0.28125 0.27812
48 0.97188 0.4875 0.05625 0.25625
48 0.94531 0.36875 0.10938 0.2625
48 0.91094 0.2625 0.17812 0.225
48 0.16406 0.17031 0.14062 0.07812
48 0.04531 0.18281 0.09062 0.10312
48 0.56406 0.42812 0.15938 0.19375
48 0.50469 0.30156 0.15937 0.12812
48 0.85625 0.42656 0.14375 0.10938
48 0.04375 0.94688 0.0875 0.10625
48 0.88281 0.69844 0.23438 0.28437
48 0.28281 0.55625 0.26562 0.325
