48 0.06406 0.93906 0.12812 0.12187
48 0.10156 0.29531 0.20312 0.19688
48 0.06562 0.11875 0.13125 0.21875
48 0.05625 0.01406 0.1125 0.02812
5 0.98125 0.90938 0.0375 0.0375
5 0.97969 0.87969 0.04063 0.03437
5 0.97656 0.85469 0.04688 0.03437
5 0.93438 0.74531 0.0625 0.03437
5 0.89219 0.34844 0.05312 0.02813
5 0.2125 0.18438 0.025 0.0375
5 0.23125 0.08594 0.03125 0.04062
48 0.22031 0.97812 0.15937 0.04375
48 0.95625 0.80469 0.0875 0.39062
48 0.53125 0.15469 0.29375 0.20938
48 0.39062 0.05781 0.33125 0.11562
