48 0.01562 0.03281 0.03125 0.06562
48 0.16719 0.02969 0.19062 0.05938
48 0.35156 0.02969 0.19063 0.05938
48 0.53281 0.03281 0.20937 0.06562
48 0.08125 0.2375 0.1625 0.25
48 0.88906 0.04062 0.09062 0.08125
48 0.75938 0.03125 0.16875 0.0625
48 0.99062 0.0375 0.01875 0.075
48 0.29219 0.23438 0.19688 0.26875
48 0.47812 0.23906 0.1875 0.25312
48 0.65 0.23906 0.18125 0.25312
48 0.07969 0.53281 0.15937 0.19687
48 0.07812 0.71875 0.15625 0.18125
48 0.07969 0.89062 0.15937 0.19375
48 0.05 0.98594 0.1 0.02812
48 0.12969 0.99375 0.06562 0.0125
48 0.32188 0.52344 0.25625 0.19687
48 0.32188 0.7125 0.25625 0.2
48 0.32188 0.89062 0.2625 0.2
48 0.32656 0.99062 0.14688 0.01875
48 0.625 0.52812 0.24375 0.2
48 0.62344 0.7125 0.24687 0.18125
48 0.62344 0.89375 0.24687 0.1875
48 0.75625 0.78125 0.175 0.05
48 0.75781 0.825 0.17813 0.05625
48 0.80781 0.19062 0.14687 0.175
5 0.15937 0.55469 0.03125 0.05313
5 0.99531 0.09375 0.00938 0.03125
48 0.98281 0.27812 0.03438 0.28125
48 0.98281 0.50938 0.03438 0.125
