48 0.89844 0.95469 0.19687 0.09062
48 0.99375 0.51094 0.0125 0.27812
48 0.40469 0.80781 0.23438 0.20312
48 0.6875 0.98281 0.28125 0.03438
48 0.63906 0.6875 0.38438 0.25
48 0.98438 0.9 0.03125 0.2
48 0.90781 0.6 0.18437 0.26875
48 0.50156 0.94219 0.22188 0.11562
5 0.89375 0.4625 0.0625 0.03125
48 0.02656 0.75 0.05312 0.19375
48 0.08906 0.67812 0.17812 0.15625
48 0.21875 0.61406 0.20625 0.15937
48 0.0625 0.43438 0.125 0.16875
48 0.12969 0.38438 0.21562 0.175
48 0.32188 0.50938 0.275 0.20625
48 0.49062 0.42031 0.26875 0.19062
48 0.79219 0.31875 0.24688 0.175
48 0.91719 0.7875 0.16563 0.1875
5 0.28594 0.96562 0.04063 0.025
48 0.08438 0.94844 0.16875 0.10313
48 0.24688 0.87344 0.1875 0.15938
5 0.8125 0.45625 0.05 0.01875
5 0.99688 0.40625 0.00625 0.025
