48 0.12344 0.16094 0.14687 0.10312
48 0.19531 0.38906 0.10938 0.07187
48 0.45156 0.12969 0.13438 0.07187
48 0.47188 0.24375 0.11875 0.13125
48 0.6 0.4125 0.1375 0.075
48 0.62187 0.47344 0.1875 0.07812
48 0.80938 0.23125 0.10625 0.0375
48 0.37031 0.32812 0.11562 0.05
48 0.275 0.36406 0.08125 0.05312
48 0.25938 0.33125 0.1125 0.04375
48 0.6 0.08438 0.1125 0.075
48 0.53281 0.20781 0.22188 0.19062
48 0.64062 0.17031 0.0875 0.07812
48 0.975 0.04062 0.05 0.08125
48 0.52812 0.91719 0.1 0.11562
48 0.70938 0.26094 0.11875 0.05312
48 0.23438 0.75625 0.08125 0.05625
48 0.76719 0.75156 0.10938 0.04688
48 0.87188 0.66562 0.10625 0.06875
48 0.18594 0.70781 0.14062 0.09063
48 0.74219 0.70781 0.12813 0.06562
48 0.39844 0.48281 0.09062 0.07812
48 0.30469 0.19688 0.24062 0.225
48 0.47344 0.46719 0.07812 0.09062
48 0.45 0.53438 0.13125 0.05625
48 0.51875 0.65312 0.1625 0.075
48 0.33906 0.90312 0.12188 0.0875
48 0.93281 0.53906 0.12188 0.09062
48 0.81094 0.26719 0.07812 0.04688
48 0.83438 0.30312 0.09375 0.06875
48 0.9875 0.43594 0.025 0.10312
48 0.98438 0.79375 0.03125 0.15
48 0.925 0.80625 0.15 0.1125
48 0.86875 0.75 0.175 0.08125
48 0.95 0.63281 0.1 0.12813
48 0.06562 0.04531 0.13125 0.09062
48 0.18438 0.03125 0.3375 0.0625
48 0.27969 0.02188 0.21562 0.04375
48 0.43125 0.00938 0.18125 0.01875
5 0.51719 0.85625 0.04062 0.01875
5 0.45781 0.3125 0.02813 0.03125
48 0.16094 0.61875 0.18438 0.09375
48 0.43281 0.60469 0.22187 0.11562
48 0.71719 0.6625 0.12187 0.075
48 0.97031 0.25938 0.05937 0.11875
48 0.87969 0.60156 0.12812 0.05313
48 0.69688 0.15 0.0625 0.04375
48 0.8625 0.3875 0.09375 0.125
48 0.40938 0.40781 0.13125 0.07187
48 0.98438 0.33594 0.03125 0.09062
48 0.34375 0.77812 0.09375 0.075
48 0.66562 0.34219 0.06875 0.05938
48 0.31094 0.42031 0.07812 0.05938
48 0.01719 0.25938 0.03438 0.075
48 0.57656 0.91094 0.05937 0.06562
48 0.59688 0.79531 0.16875 0.09688
48 0.66875 0.94062 0.0625 0.05
5 0.97031 0.44219 0.03438 0.04063
48 0.93125 0.17188 0.1 0.075
48 0.13594 0.54688 0.17812 0.0625
48 0.77812 0.16719 0.1 0.10937
5 0.42812 0.24375 0.04375 0.04375
5 0.83438 0.0875 0.03125 0.0375
48 0.05469 0.75 0.10938 0.125
48 0.73594 0.33594 0.07188 0.04063
48 0.42656 0.91094 0.12188 0.10313
48 0.87188 0.48594 0.19375 0.06563
48 0.8875 0.05312 0.13125 0.10625
5 0.47188 0.34844 0.025 0.04063
48 0.6875 0.55156 0.2125 0.11562
48 0.30625 0.68281 0.11875 0.05938
48 0.01406 0.67188 0.02812 0.1125
5 0.61875 0.03594 0.05 0.01562
5 0.66875 0.03281 0.05625 0.02188
48 0.675 0.08125 0.0625 0.05
48 0.95469 0.925 0.09062 0.05625
5 0.2375 0.24844 0.03125 0.04687
5 0.85938 0.80781 0.03125 0.04688
48 0.80312 0.80156 0.1125 0.09063
48 0.57344 0.35938 0.11562 0.06875
48 0.8625 0.94219 0.0875 0.06562
48 0.77188 0.9375 0.08125 0.0875
5 0.95156 0.39844 0.02812 0.04063
5 0.93594 0.3625 0.03438 0.0375
48 0.7 0.60938 0.11875 0.06875
48 0.05312 0.45 0.10625 0.16875
48 0.45 0.78594 0.13125 0.08437
48 0.10938 0.24688 0.1625 0.125
48 0.01406 0.18438 0.02812 0.0875
5 0.04062 0.59219 0.03125 0.03438
5 0.40312 0.20156 0.0375 0.04062
