48 0.95156 0.08125 0.09688 0.1625
48 0.96719 0.59688 0.06563 0.2
48 0.98281 0.74688 0.03438 0.1125
48 0.3875 0.23594 0.46875 0.21562
48 0.17031 0.83438 0.17187 0.10625
48 0.92812 0.92812 0.14375 0.14375
48 0.63906 0.31406 0.15312 0.14688
48 0.7 0.04844 0.25 0.09688
48 0.33281 0.70312 0.17188 0.225
48 0.55781 0.68906 0.07188 0.07812
48 0.96406 0.82344 0.07188 0.12812
48 0.76562 0.49531 0.1875 0.14687
48 0.55 0.95156 0.25625 0.09688
48 0.39219 0.84844 0.07187 0.07812
48 0.29688 0.98281 0.23125 0.03438
48 0.65625 0.71875 0.23125 0.23125
48 0.15781 0.64219 0.10312 0.10938
48 0.19531 0.98906 0.09687 0.02187
48 0.87344 0.98906 0.19688 0.02187
48 0.94062 0.02031 0.11875 0.04062
48 0.42969 0.90156 0.13438 0.15313
48 0.05938 0.7625 0.11875 0.13125
48 0.59219 0.85469 0.15938 0.10313
48 0.17656 0.39531 0.15312 0.10313
48 0.43438 0.69688 0.11875 0.14375
48 0.28281 0.27969 0.10312 0.10312
48 0.29375 0.87969 0.15625 0.14687
48 0.10781 0.92188 0.20312 0.15625
48 0.47344 0.83594 0.10313 0.07812
48 0.53281 0.76094 0.10938 0.10938
48 0.42812 0.42188 0.2875 0.3
48 0.23438 0.95938 0.08125 0.08125
48 0.53125 0.02031 0.1125 0.04062
48 0.22969 0.66094 0.12813 0.12812
48 0.89375 0.67656 0.1375 0.11562
48 0.12344 0.99531 0.24688 0.00938
48 0.86875 0.81094 0.05625 0.06563
48 0.58594 0.46562 0.22188 0.24375
48 0.02344 0.9 0.04688 0.06875
48 0.95469 0.19844 0.09062 0.20937
