48 0.40469 0.12812 0.19062 0.25625
10 0.31406 0.03437 0.04062 0.05
10 0.30625 0.07031 0.04375 0.05313
10 0.19219 0.10312 0.03438 0.03125
10 0.18125 0.13281 0.0375 0.04063
5 0.35781 0.28281 0.05313 0.03437
5 0.4125 0.30156 0.05 0.03437
9 0.3875 0.44844 0.05 0.03437
9 0.66875 0.36875 0.05 0.03125
9 0.63906 0.39844 0.05312 0.03438
5 0.51875 0.50781 0.05 0.02812
5 0.6 0.5 0.0375 0.025
5 0.82344 0.40938 0.04063 0.03125
48 0.94375 0.08906 0.1125 0.17812
48 0.93594 0.27656 0.12813 0.24062
48 0.99062 0.29219 0.01875 0.24688
48 0.10469 0.09375 0.20938 0.1875
48 0.07187 0.025 0.14375 0.05
48 0.6125 0.74531 0.175 0.22187
48 0.41875 0.71875 0.13125 0.175
48 0.57031 0.86406 0.12813 0.08437
5 0.44219 0.95781 0.05938 0.04063
48 0.50781 0.98594 0.32812 0.02812
