5 0.89688 0.02188 0.05 0.03125
5 0.99844 0.39219 0.00313 0.04688
5 0.99531 0.14687 0.00938 0.0375
5 0.40156 0.39062 0.04688 0.03125
48 0.80469 0.05781 0.10312 0.08438
48 0.71719 0.0375 0.10313 0.075
48 0.72969 0.11875 0.19062 0.11875
48 0.87344 0.13906 0.14062 0.15313
48 0.95938 0.19062 0.08125 0.13125
48 0.69687 0.26094 0.11875 0.08437
48 0.81406 0.28438 0.12813 0.11875
48 0.94375 0.34844 0.1125 0.13438
48 0.62344 0.34219 0.17188 0.12188
48 0.96406 0.45312 0.07188 0.08125
48 0.54062 0.46875 0.1375 0.1375
48 0.63438 0.51562 0.08125 0.10625
48 0.6625 0.43906 0.11875 0.08438
48 0.75469 0.48281 0.09063 0.07188
48 0.76406 0.40938 0.14687 0.1
48 0.84062 0.62344 0.1375 0.09062
48 0.99062 0.58281 0.01875 0.11562
48 0.82344 0.70781 0.09063 0.07812
48 0.79375 0.76719 0.0875 0.07812
48 0.72188 0.82344 0.13125 0.12188
48 0.425 0.87031 0.3375 0.25938
48 0.50469 0.70312 0.32812 0.2125
48 0.54531 0.59531 0.27188 0.11562
48 0.74688 0.96719 0.13125 0.06563
48 0.00781 0.24062 0.01562 0.26875
48 0.14688 0.38594 0.1 0.12188
48 0.05625 0.52031 0.1125 0.10937
48 0.15937 0.60312 0.18125 0.1375
48 0.27812 0.5875 0.10625 0.1
48 0.10625 0.79062 0.18125 0.15625
48 0.10312 0.67344 0.14375 0.09688
48 0.32188 0.43125 0.11875 0.075
