48 0.48281 0.19219 0.96562 0.38438
48 0.2 0.43438 0.4 0.54375
48 0.24062 0.65781 0.48125 0.31563
48 0.57812 0.86094 0.7625 0.27812
48 0.73281 0.97188 0.53438 0.05625
48 0.93438 0.42656 0.13125 0.32188
5 0.49219 0.725 0.06563 0.0375
5 0.5125 0.75781 0.08125 0.02812
9 0.02031 0.83594 0.04062 0.05313
5 0.35312 0.86875 0.0625 0.05
5 0.32031 0.8875 0.05312 0.04375
5 0.00781 0.85781 0.01562 0.04688
5 0.28906 0.90156 0.04063 0.04063
5 0.2625 0.925 0.05 0.04375
5 0.23125 0.94531 0.05 0.04688
5 0.37812 0.64531 0.06875 0.04063
53 0.45 0.7125 0.2125 0.15
5 0.44688 0.79531 0.08125 0.04063
5 0.41406 0.82188 0.06563 0.04375
53 0.26406 0.89688 0.13438 0.125
53 0.39062 0.83594 0.125 0.10312
53 0.025 0.85625 0.05 0.1625
