5 0.28125 0.99219 0.05 0.01562
5 0.00938 0.79688 0.01875 0.03125
5 0.02969 0.82031 0.04688 0.04062
48 0.09375 0.78906 0.05 0.04688
5 0.00469 0.71562 0.00938 0.0375
5 0.17969 0.68594 0.05312 0.04688
5 0.15781 0.66406 0.04688 0.04688
5 0.12969 0.65625 0.04688 0.05
5 0.1 0.64062 0.05 0.05
5 0.21875 0.64375 0.05 0.04375
5 0.19688 0.62344 0.04375 0.04063
5 0.16562 0.61562 0.04375 0.04375
5 0.13906 0.59844 0.04688 0.04688
5 0.07187 0.62031 0.05 0.04688
5 0.05312 0.59844 0.0375 0.04063
5 0.02812 0.5875 0.0375 0.0375
5 0.00938 0.58281 0.01875 0.04688
5 0.1125 0.58125 0.05 0.05
5 0.08906 0.56406 0.04688 0.04688
5 0.06562 0.55625 0.04375 0.04375
5 0.03438 0.54375 0.04375 0.04375
5 0.01562 0.525 0.03125 0.04375
5 0.00312 0.50781 0.00625 0.04062
5 0.29688 0.55781 0.05 0.04688
5 0.35469 0.50469 0.05312 0.04687
5 0.27656 0.54375 0.04063 0.04375
5 0.24219 0.53281 0.04688 0.04063
5 0.32656 0.48594 0.05313 0.05312
5 0.22031 0.50938 0.04688 0.04375
5 0.19688 0.49375 0.04375 0.0375
5 0.17188 0.47969 0.05 0.04688
5 0.15313 0.4625 0.05 0.0375
5 0.125 0.45156 0.05625 0.05313
5 0.1 0.43594 0.04375 0.04062
5 0.06875 0.42344 0.04375 0.04688
5 0.04688 0.4 0.04375 0.04375
5 0.00625 0.37187 0.0125 0.04375
5 0.2 0.4125 0.05 0.04375
5 0.17344 0.39531 0.04688 0.04688
5 0.12969 0.36719 0.04062 0.04063
5 0.1 0.35312 0.04375 0.04375
5 0.22344 0.42812 0.04688 0.04375
5 0.3 0.46875 0.04375 0.04375
5 0.27187 0.45 0.05 0.0375
5 0.25 0.44219 0.0375 0.04063
5 0.07344 0.33906 0.04062 0.04063
5 0.04844 0.32188 0.04687 0.04375
5 0.01875 0.30938 0.0375 0.0375
5 0.04531 0.00469 0.05312 0.00938
5 0.10469 0.01406 0.04062 0.02812
5 0.12812 0.02812 0.05 0.04375
5 0.15156 0.04062 0.04062 0.0375
5 0.17656 0.05469 0.04688 0.04062
5 0.00312 0.07969 0.00625 0.05312
5 0.01406 0.14844 0.02812 0.04688
5 0.07031 0.125 0.04062 0.0375
5 0.03125 0.16562 0.05 0.05
5 0.09063 0.14062 0.05 0.05
5 0.05312 0.18281 0.04375 0.04062
5 0.10312 0.21719 0.05 0.05313
5 0.14062 0.175 0.04375 0.05
5 0.25469 0.09687 0.05313 0.04375
5 0.30312 0.12969 0.05 0.04688
5 0.32969 0.14688 0.04062 0.04375
5 0.32969 0.06562 0.05313 0.05
5 0.35781 0.08281 0.04688 0.04062
5 0.37656 0.17344 0.04688 0.04062
5 0.45312 0.13594 0.04375 0.04062
5 0.40781 0.19062 0.04688 0.04375
5 0.43437 0.20312 0.05 0.04375
5 0.48281 0.15156 0.05313 0.04688
5 0.17188 0.1875 0.04375 0.05
5 0.12969 0.23125 0.04688 0.05
5 0.15625 0.24531 0.05 0.04688
5 0.17812 0.2625 0.05625 0.05
5 0.22031 0.21875 0.04062 0.0375
5 0.24375 0.23906 0.05 0.04688
5 0.20469 0.27344 0.05313 0.05312
5 0.23281 0.2875 0.04687 0.0375
5 0.25781 0.30781 0.04688 0.04063
5 0.29688 0.27031 0.04375 0.04688
5 0.32031 0.2875 0.04688 0.04375
5 0.27812 0.33125 0.04375 0.04375
5 0.36875 0.3125 0.04375 0.04375
5 0.33438 0.35156 0.05 0.04688
5 0.3625 0.36406 0.05625 0.04688
5 0.40312 0.32344 0.05 0.04063
5 0.38438 0.38438 0.05 0.04375
5 0.42031 0.34688 0.05313 0.04375
5 0.45156 0.35469 0.04688 0.04688
5 0.40938 0.39844 0.05625 0.04688
5 0.46875 0.37187 0.04375 0.04375
5 0.44219 0.41094 0.04688 0.04063
5 0.45781 0.22031 0.03437 0.04062
5 0.53125 0.17969 0.04375 0.04688
5 0.5625 0.19219 0.04375 0.04688
5 0.48281 0.23438 0.04688 0.04375
5 0.50625 0.25312 0.05 0.05
5 0.53594 0.26562 0.04688 0.04375
5 0.55781 0.28125 0.04688 0.0375
5 0.69688 0.1375 0.05 0.0375
5 0.67188 0.12031 0.05 0.04687
5 0.62031 0.09219 0.04688 0.04688
5 0.57344 0.05625 0.04688 0.04375
5 0.49219 0.02031 0.04688 0.04062
5 0.525 0.00625 0.04375 0.0125
5 0.23281 0.01406 0.05313 0.02812
5 0.20469 0.00781 0.05313 0.01562
53 0.075 0.53438 0.15 0.93125
53 0.48438 0.37656 0.96875 0.75312
5 0.01875 0.38594 0.0375 0.03437
