48 0.97812 0.85625 0.04375 0.08125
48 0.65938 0.92656 0.14375 0.10313
48 0.47344 0.94375 0.13438 0.06875
48 0.74844 0.74219 0.14062 0.09688
48 0.39219 0.74375 0.10312 0.20625
48 0.32344 0.70312 0.07812 0.10625
48 0.21562 0.77031 0.0875 0.15313
48 0.95781 0.76094 0.08437 0.10313
48 0.70781 0.675 0.11562 0.1375
48 0.62031 0.6375 0.07812 0.0625
48 0.79219 0.79219 0.10313 0.07188
48 0.61094 0.57656 0.07188 0.10313
48 0.15469 0.48281 0.16562 0.08438
48 0.82969 0.95938 0.14687 0.08125
48 0.10312 0.78438 0.075 0.20625
48 0.49844 0.325 0.14062 0.10625
48 0.49844 0.12656 0.15937 0.07188
48 0.50313 0.07187 0.1625 0.0625
48 0.90469 0.36094 0.06563 0.10312
48 0.52344 0.66719 0.14688 0.06562
48 0.85938 0.19062 0.08125 0.04375
48 0.98281 0.22656 0.03438 0.20312
48 0.47656 0.42188 0.04688 0.0625
48 0.47344 0.00156 0.11562 0.00312
48 0.53281 0.02188 0.18438 0.04375
48 0.3 0.025 0.14375 0.05
48 0.10781 0.02344 0.21562 0.04688
48 0.03125 0.08125 0.0625 0.08125
48 0.31406 0.07187 0.17812 0.0625
48 0.06406 0.13281 0.10938 0.09063
48 0.34062 0.15156 0.09375 0.09062
48 0.26094 0.14844 0.07812 0.07812
48 0.17031 0.1125 0.10312 0.09375
48 0.67656 0.02656 0.12188 0.05312
48 0.77812 0.16875 0.0625 0.05
48 0.72031 0.10312 0.10938 0.075
48 0.61094 0.15469 0.09688 0.07812
48 0.53594 0.18125 0.04063 0.0375
48 0.78125 0.22969 0.10625 0.14687
48 0.88281 0.0875 0.06563 0.0875
48 0.27812 0.27812 0.08125 0.15
48 0.11875 0.32031 0.125 0.07188
48 0.09844 0.19531 0.19688 0.05938
48 0.12656 0.44062 0.15937 0.0625
48 0.29375 0.37031 0.04375 0.03437
48 0.47188 0.37187 0.1125 0.05
48 0.37656 0.27812 0.09687 0.15
48 0.12031 0.60938 0.15313 0.175
48 0.21094 0.63281 0.07812 0.10312
48 0.57812 0.44688 0.0875 0.19375
48 0.53281 0.45156 0.07187 0.13438
48 0.41406 0.53125 0.22188 0.2125
48 0.28281 0.60625 0.06562 0.1
48 0.55 0.53438 0.04375 0.05
48 0.57344 0.55937 0.03437 0.05
48 0.32656 0.79844 0.06562 0.10938
48 0.63125 0.70625 0.08125 0.10625
48 0.79844 0.49062 0.14687 0.1
48 0.56406 0.71406 0.06563 0.04688
48 0.57969 0.78281 0.15312 0.09688
48 0.46406 0.80313 0.02813 0.05625
48 0.89844 0.51719 0.05937 0.07187
48 0.87656 0.63906 0.09062 0.07188
48 0.93438 0.66875 0.10625 0.075
48 0.6375 0.75 0.08125 0.10625
48 0.17188 0.77812 0.05 0.1375
48 0.05156 0.79688 0.05312 0.13125
48 0.02031 0.80313 0.04062 0.13125
48 0.93281 0.72188 0.13438 0.1125
48 0.21562 0.88125 0.0375 0.0375
48 0.18125 0.90156 0.03125 0.03437
48 0.08125 0.97812 0.04375 0.04375
48 0.05312 0.87656 0.06875 0.03438
48 0.67812 0.98906 0.2 0.02187
48 0.79844 0.93594 0.13438 0.08437
48 0.8 0.87812 0.16875 0.11875
48 0.84531 0.99688 0.12813 0.00625
48 0.80312 0.82812 0.10625 0.08125
48 0.65156 0.85781 0.13438 0.06563
48 0.06719 0.95 0.04062 0.03125
48 0.97031 0.83125 0.05937 0.0875
48 0.97969 0.925 0.04063 0.10625
48 0.96875 0.82969 0.0625 0.08437
48 0.98125 0.95781 0.0375 0.08437
48 0.99062 0.975 0.01875 0.05
48 0.95156 0.38281 0.09688 0.19688
48 0.61719 0.10312 0.10938 0.1875
48 0.11719 0.06719 0.12188 0.08438
