5 0.01094 0.01875 0.02188 0.0375
5 0.07969 0.05312 0.04063 0.0375
5 0.15625 0.07812 0.04375 0.0375
48 0.14531 0.18281 0.29063 0.36562
53 0.15469 0.0625 0.30938 0.125
5 0.92188 0.45469 0.08125 0.03437
5 0.97188 0.39062 0.05625 0.03125
48 0.87188 0.45781 0.25625 0.76562
48 0.98594 0.08125 0.02812 0.1625
5 0.26406 0.625 0.06562 0.04375
5 0.32656 0.65156 0.09687 0.04688
5 0.40625 0.68438 0.0875 0.04375
5 0.90312 0.87344 0.08125 0.03438
48 0.39375 0.70938 0.7875 0.58125
48 0.75625 0.95469 0.4875 0.09062
