5 0.25625 0.025 0.0625 0.04375
9 0.1625 0.125 0.0875 0.05
48 0.84062 0.37969 0.31875 0.22188
48 0.76406 0.16406 0.07188 0.07812
48 0.91562 0.15625 0.16875 0.09375
48 0.79219 0.03594 0.12188 0.07187
5 0.0375 0.64375 0.075 0.04375
5 0.18594 0.67344 0.07812 0.04688
6 0.51562 0.7375 0.13125 0.09375
5 0.51562 0.92344 0.06875 0.05312
5 0.58594 0.92656 0.07812 0.05938
5 0.975 0.93906 0.05 0.04063
48 0.31094 0.97812 0.09063 0.04375
5 0.00156 0.82656 0.00312 0.04063
5 0.0125 0.84531 0.025 0.04688
11 0.64688 0.85625 0.08125 0.05
