48 0.87969 0.04219 0.24062 0.08438
5 0.17188 0.00625 0.01875 0.0125
48 0.0625 0.02344 0.125 0.04688
30 0.38438 0.92031 0.11875 0.15938
48 0.10469 0.56875 0.20938 0.16875
48 0.95625 0.42344 0.0875 0.16562
30 0.68594 0.92031 0.10313 0.15938
30 0.03594 0.98594 0.07187 0.02812
48 0.30625 0.03594 0.30625 0.07187
5 0.05 0.06406 0.05625 0.02188
48 0.99219 0.08281 0.01562 0.13438
48 0.54062 0.04688 0.1875 0.09375
48 0.43594 0.42188 0.87188 0.3875
30 0.81406 0.9125 0.15312 0.175
30 0.99531 0.94844 0.00938 0.10313
6 0.08125 0.19375 0.0625 0.025
5 0.31562 0.11875 0.0375 0.025
5 0.94844 0.59531 0.05938 0.02187
5 0.86719 0.63438 0.04062 0.01875
5 0.9125 0.17188 0.05625 0.025
5 0.80469 0.63438 0.04688 0.01875
5 0.92188 0.57031 0.05 0.01562
5 0.62187 0.22656 0.0375 0.02187
6 0.25156 0.12031 0.07813 0.02188
5 0.625 0.61875 0.0625 0.01875
5 0.95156 0.52969 0.04063 0.02812
5 0.825 0.10469 0.0375 0.04687
5 0.84844 0.25 0.03437 0.03125
5 0.525 0.22812 0.05625 0.03125
5 0.19219 0.06719 0.03438 0.03438
5 0.675 0.14219 0.0375 0.05313
5 0.17969 0.1125 0.05312 0.03125
5 0.9125 0.61563 0.05 0.025
9 0.25781 0.06719 0.09062 0.04062
5 0.23281 0.09844 0.05938 0.02812
5 0.57344 0.1375 0.04688 0.01875
5 0.74062 0.13594 0.01875 0.03438
