9 0.94219 0.4625 0.11562 0.025
48 0.13281 0.93906 0.26562 0.12187
48 0.13125 0.8 0.2625 0.125
5 0.28594 0.41562 0.03437 0.04375
5 0.45625 0.46562 0.05 0.025
5 0.35 0.51406 0.0625 0.02187
5 0.43281 0.51562 0.05938 0.01875
5 0.50156 0.51562 0.05312 0.01875
48 0.1375 0.63906 0.275 0.16563
48 0.13281 0.375 0.26562 0.125
48 0.13438 0.23906 0.26875 0.12812
48 0.50938 0.33594 0.3625 0.15312
48 0.50938 0.16875 0.33125 0.15625
48 0.13125 0.0875 0.2625 0.13125
5 0.82969 0.46875 0.06563 0.03125
5 0.75625 0.55312 0.025 0.04375
5 0.78125 0.55937 0.03125 0.05
5 0.85625 0.56406 0.03125 0.04063
5 0.97188 0.57344 0.025 0.04688
5 0.74844 0.24375 0.02812 0.05
5 0.74375 0.29688 0.0375 0.04375
5 0.75 0.36562 0.0375 0.05
5 0.625 0.23906 0.0625 0.02188
5 0.68594 0.12656 0.02812 0.05313
5 0.7125 0.1375 0.025 0.04375
5 0.73906 0.11406 0.04063 0.05313
5 0.73281 0.00938 0.03438 0.01875
5 0.74063 0.04844 0.0375 0.04687
48 0.49688 0.03594 0.35625 0.07187
48 0.52031 0.65 0.47188 0.2
