5 0.35781 0.65781 0.05313 0.02812
48 0.54375 0.7 0.11875 0.0625
48 0.56719 0.88281 0.38438 0.23438
48 0.02188 0.15469 0.04375 0.09063
48 0.08125 0.2875 0.09375 0.0625
48 0.11719 0.38906 0.10312 0.14688
48 0.03125 0.91406 0.0625 0.17188
48 0.89844 0.55312 0.17188 0.29375
48 0.83281 0.825 0.13438 0.35
48 0.92031 0.77031 0.09688 0.15937
48 0.95469 0.94531 0.09062 0.10312
48 0.57031 0.62187 0.10938 0.08125
48 0.73125 0.17812 0.19375 0.20625
48 0.71406 0.65 0.10938 0.23125
50 0.09531 0.79219 0.19062 0.37188
48 0.15156 0.92344 0.09688 0.11562
50 0.225 0.97188 0.225 0.05625
48 0.22813 0.28906 0.25 0.34688
48 0.07812 0.98281 0.15625 0.03438
48 0.59062 0.15938 0.25 0.3
