5 0.01094 0.25469 0.02188 0.04688
5 0.05625 0.17188 0.03125 0.04375
9 0.00781 0.05 0.01562 0.1
48 0.30781 0.04375 0.16562 0.0875
48 0.26562 0.09688 0.18125 0.1375
48 0.22812 0.17656 0.175 0.14688
48 0.17344 0.25938 0.15937 0.1375
48 0.13281 0.34531 0.16563 0.14062
48 0.46406 0.90938 0.20313 0.18125
48 0.03594 0.62344 0.07187 0.25938
5 0.07656 0.66875 0.03438 0.04375
5 0.07656 0.74062 0.03438 0.04375
5 0.05313 0.53438 0.025 0.0375
5 0.025 0.52656 0.025 0.02813
5 0.20625 0.66562 0.03125 0.04375
5 0.44062 0.80156 0.0375 0.04688
48 0.13594 0.91094 0.24062 0.17812
48 0.0875 0.95938 0.175 0.08125
13 0.9375 0.71562 0.08125 0.13125
13 0.7625 0.62656 0.08125 0.12187
13 0.80469 0.62031 0.04688 0.05938
13 0.55312 0.53125 0.08125 0.125
13 0.60156 0.51094 0.04688 0.06562
13 0.63594 0.56406 0.07812 0.12813
48 0.32969 0.44375 0.10938 0.1125
48 0.43594 0.49687 0.12188 0.09375
48 0.44219 0.41719 0.20312 0.12812
9 0.04688 0.09531 0.09375 0.15937
5 0.14687 0.00469 0.0375 0.00938
5 0.11406 0.04844 0.04062 0.05312
9 0.00312 0.26875 0.00625 0.1625
9 0.32656 0.66875 0.15313 0.09375
