5 0.44375 0.22656 0.04375 0.02187
5 0.25469 0.39375 0.02812 0.0375
53 0.29531 0.22812 0.31562 0.45625
48 0.70781 0.28281 0.58438 0.56563
5 0.23125 0.73594 0.04375 0.02812
5 0.12812 0.72344 0.03125 0.01562
5 0.2125 0.82812 0.0375 0.01875
5 0.21562 0.86562 0.04375 0.01875
5 0.20625 0.91719 0.03125 0.02187
5 0.10625 0.925 0.0375 0.01875
53 0.14844 0.84219 0.20937 0.31563
13 0.84531 0.68125 0.09062 0.06875
9 0.73906 0.69219 0.10938 0.06562
9 0.83594 0.76719 0.09688 0.06563
11 0.74375 0.575 0.16875 0.0875
11 0.74688 0.55 0.1625 0.075
11 0.90312 0.64531 0.175 0.09063
