5 0.38594 0.77031 0.06562 0.04063
5 0.17656 0.74688 0.03438 0.04375
48 0.84688 0.96562 0.30625 0.06875
48 0.5125 0.86562 0.31875 0.26875
48 0.99531 0.74062 0.00938 0.1125
48 0.9625 0.38125 0.075 0.075
48 0.85469 0.56875 0.12812 0.11875
48 0.80469 0.70625 0.12187 0.0875
48 0.95938 0.53125 0.08125 0.10625
48 0.92344 0.61875 0.11562 0.2
48 0.92031 0.73281 0.09062 0.09062
48 0.87188 0.49062 0.1 0.09375
48 0.77969 0.33281 0.20937 0.24062
48 0.79219 0.54062 0.21563 0.3625
48 0.58281 0.58438 0.06562 0.06875
48 0.63594 0.4625 0.05938 0.0625
48 0.96406 0.05156 0.07188 0.10312
48 0.98125 0.14219 0.0375 0.05313
48 0.00938 0.49688 0.01875 0.15
48 0.19375 0.15937 0.11875 0.10625
48 0.19062 0.27812 0.09375 0.1
48 0.42344 0.04844 0.12188 0.09688
48 0.35156 0.17812 0.09688 0.08125
48 0.225 0.04219 0.24375 0.08438
48 0.07031 0.07344 0.09063 0.10937
48 0.48906 0.02812 0.09063 0.05625
48 0.49687 0.13281 0.15625 0.17188
48 0.42344 0.22344 0.10312 0.09062
48 0.3625 0.27969 0.075 0.09063
48 0.29688 0.24844 0.11875 0.10937
48 0.13438 0.21875 0.10625 0.09375
48 0.11875 0.3 0.075 0.09375
48 0.0625 0.34844 0.10625 0.07188
48 0.03281 0.22188 0.06562 0.11875
48 0.16094 0.46094 0.28438 0.20938
48 0.08125 0.63906 0.15 0.12813
48 0.01094 0.68438 0.02188 0.175
48 0.06719 0.76094 0.12187 0.10313
5 0.075 0.91406 0.0375 0.05313
48 0.0375 0.89688 0.075 0.125
48 0.00469 0.9125 0.00938 0.11875
48 0.2875 0.50625 0.13125 0.15625
48 0.37969 0.36406 0.07188 0.07812
5 0.65156 0.175 0.05312 0.06875
48 0.92188 0.075 0.05625 0.075
