48 0.20156 0.01719 0.29688 0.03438
5 0.3 0.05156 0.05 0.03438
5 0.09688 0.07812 0.05625 0.03125
5 0.15313 0.06719 0.05 0.02813
5 0.44219 0.16719 0.03437 0.04062
5 0.19375 0.19219 0.025 0.04062
5 0.22188 0.23594 0.03125 0.05313
5 0.18594 0.25 0.04062 0.05
5 0.09688 0.26562 0.03125 0.04375
5 0.05781 0.26719 0.02812 0.04688
5 0.05156 0.21562 0.02813 0.04375
5 0.45156 0.20938 0.04062 0.04375
5 0.46094 0.25312 0.02812 0.05
48 0.41562 0.47969 0.38125 0.19062
48 0.72656 0.46406 0.27812 0.19062
48 0.92812 0.45469 0.14375 0.19063
48 0.36094 0.74688 0.20938 0.19375
48 0.72344 0.73594 0.34687 0.22813
48 0.93438 0.69375 0.13125 0.20625
5 0.64062 0.89375 0.025 0.04375
5 0.525 0.89688 0.03125 0.04375
5 0.49062 0.9 0.025 0.04375
5 0.43281 0.90312 0.02813 0.04375
5 0.33906 0.90312 0.02813 0.04375
5 0.30469 0.90469 0.02812 0.04688
5 0.27344 0.90781 0.02812 0.04063
5 0.23438 0.90781 0.03125 0.04063
5 0.19844 0.90938 0.02812 0.04375
5 0.16406 0.91094 0.02813 0.04688
5 0.05625 0.91406 0.025 0.03438
48 0.12969 0.52344 0.17812 0.22188
48 0.15938 0.75469 0.23125 0.19062
