24 0.19688 0.40312 0.09375 0.16875
30 0.49375 0.23125 0.1 0.1875
30 0.71719 0.98906 0.32188 0.02187
30 0.82187 0.51719 0.30625 0.38438
5 0.7125 0.96875 0.05625 0.03125
48 0.34531 0.07656 0.39688 0.15313
30 0.22812 0.84219 0.3 0.31563
5 0.65625 0.92656 0.05 0.02813
24 0.31719 0.225 0.06562 0.1375
30 0.75469 0.00781 0.12188 0.01562
30 0.99531 0.925 0.00938 0.15
30 0.24219 0.97969 0.12813 0.04063
30 0.97969 0.72812 0.04063 0.1375
30 0.76094 0.89688 0.27813 0.13125
30 0.89219 0.15781 0.21562 0.31562
30 0.79219 0.81094 0.34687 0.16563
30 0.60469 0.02031 0.10313 0.04062
30 0.66094 0.22969 0.14062 0.40312
5 0.28281 0.29844 0.02813 0.04688
5 0.09375 0.375 0.0625 0.025
5 0.09687 0.40469 0.075 0.02188
5 0.12344 0.25781 0.05938 0.02187
5 0.11719 0.28594 0.04688 0.02813
5 0.10469 0.325 0.05313 0.025
5 0.29688 0.45625 0.06875 0.04375
5 0.14844 0.10625 0.04688 0.025
5 0.09375 0.10625 0.04375 0.01875
5 0.26719 0.41094 0.02813 0.04688
