53 0.73906 0.14844 0.52188 0.29688
8 0.81719 0.0125 0.04063 0.025
8 0.92656 0.02188 0.04063 0.04375
8 0.95 0.01562 0.0375 0.03125
48 0.25312 0.36562 0.50625 0.73125
8 0.89844 0.03125 0.04688 0.05
8 0.37812 0.0125 0.0375 0.025
8 0.97969 0.0125 0.04063 0.025
53 0.85625 0.48281 0.2875 0.37187
48 0.02344 0.92031 0.04688 0.05312
5 0.75156 0.21719 0.03438 0.04062
5 0.72344 0.22656 0.03437 0.03437
5 0.74844 0.26094 0.03438 0.03438
5 0.77344 0.25156 0.02812 0.03437
5 0.79375 0.2375 0.03125 0.0375
5 0.55625 0.18594 0.03125 0.04062
5 0.55156 0.225 0.04063 0.03125
5 0.54375 0.25156 0.05625 0.02188
5 0.51406 0.22031 0.04063 0.03437
5 0.68281 0.13281 0.03437 0.04063
5 0.54531 0.12656 0.03438 0.04063
5 0.57031 0.1625 0.02812 0.04375
48 0.5875 0.11875 0.0625 0.0625
5 0.82187 0.06719 0.0375 0.04062
8 0.77656 0.61719 0.05938 0.04062
8 0.94219 0.17656 0.03437 0.04688
8 0.97969 0.52188 0.04063 0.025
8 0.85781 0.19688 0.04688 0.05
8 0.86094 0.58125 0.05312 0.0375
8 0.93125 0.54688 0.0625 0.0375
8 0.89219 0.56719 0.05937 0.04063
8 0.87656 0.04219 0.05312 0.04688
8 0.96719 0.16094 0.04063 0.04062
8 0.83125 0.59531 0.05 0.03438
8 0.98594 0.15156 0.02812 0.04062
8 0.99375 0.50938 0.0125 0.03125
8 0.80469 0.60625 0.05313 0.0375
8 0.91094 0.17969 0.03437 0.04688
8 0.85469 0.05469 0.04688 0.03437
48 0.79062 0.28125 0.41875 0.5
8 0.96094 0.53594 0.05937 0.03437
