48 0.0875 0.14844 0.175 0.29688
48 0.2375 0.15625 0.20625 0.3125
9 0.06719 0.33438 0.10312 0.0375
48 0.06562 0.59062 0.13125 0.3625
48 0.175 0.60625 0.20625 0.3625
48 0.43906 0.10938 0.12188 0.21875
5 0.85312 0.37031 0.0375 0.04063
50 0.58125 0.63125 0.35625 0.38125
47 0.32344 0.85469 0.63438 0.19062
47 0.29531 0.93281 0.59062 0.13438
47 0.82188 0.92656 0.35625 0.14687
47 0.79375 0.99375 0.4125 0.0125
48 0.63125 0.18125 0.375 0.3625
48 0.97031 0.21562 0.05937 0.39375
48 0.93594 0.68125 0.12813 0.3875
