48 0.96406 0.2375 0.07188 0.14375
5 0.68281 0.00312 0.06562 0.00625
48 0.31406 0.125 0.19062 0.13125
48 0.61406 0.10469 0.31562 0.20938
48 0.50938 0.5625 0.1875 0.1375
48 0.81719 0.6875 0.22187 0.15625
48 0.47188 0.89844 0.1 0.04062
48 0.30156 0.82656 0.09687 0.04063
48 0.47188 0.83125 0.0875 0.06875
48 0.16094 0.84844 0.13438 0.05312
48 0.86719 0.46562 0.10312 0.075
48 0.26875 0.67188 0.1625 0.11875
5 0.65938 0.55937 0.05625 0.04375
48 0.75 0.54375 0.08125 0.05625
48 0.625 0.32031 0.13125 0.05937
48 0.09531 0.225 0.19062 0.18125
