5 0.1125 0.025 0.0375 0.05
5 0.08281 0.01875 0.04062 0.0375
5 0.06562 0.07969 0.05 0.04687
5 0.15313 0.09531 0.05625 0.04688
5 0.04531 0.12812 0.04688 0.05
5 0.15156 0.14688 0.04062 0.05
5 0.12812 0.15313 0.04375 0.04375
5 0.10781 0.1875 0.04688 0.04375
6 0.2375 0.09062 0.075 0.06875
13 0.30625 0.18438 0.0875 0.125
13 0.26875 0.18594 0.0875 0.11562
48 0.14688 0.325 0.2125 0.15
13 0.39375 0.3125 0.1 0.1125
13 0.42031 0.28594 0.12188 0.12187
13 0.76562 0.10469 0.16875 0.06563
13 0.74844 0.07969 0.17188 0.05938
13 0.8875 0.05 0.11875 0.1
13 0.975 0.03125 0.05 0.05625
13 0.96875 0.01875 0.0625 0.0375
13 0.97031 0.00156 0.05937 0.00312
5 0.50938 0.02188 0.0875 0.03125
5 0.52031 0.04531 0.08437 0.03438
5 0.98594 0.22969 0.02812 0.02812
5 0.73906 0.3125 0.05312 0.04375
5 0.71094 0.31875 0.04062 0.04375
5 0.675 0.32812 0.04375 0.04375
5 0.64219 0.32969 0.04688 0.04688
5 0.61562 0.33438 0.04375 0.0625
5 0.58125 0.34688 0.04375 0.05625
5 0.65 0.38125 0.04375 0.05
5 0.61719 0.38594 0.04062 0.04688
5 0.47031 0.76562 0.05938 0.05625
5 0.92969 0.69531 0.08438 0.03438
5 0.83438 0.69688 0.04375 0.04375
5 0.79219 0.67812 0.04063 0.05
5 0.62813 0.72344 0.05625 0.05312
5 0.66406 0.70781 0.05937 0.05938
5 0.81562 0.65156 0.05 0.05312
5 0.75937 0.63437 0.05625 0.05625
5 0.78281 0.61094 0.04688 0.05937
5 0.74062 0.58125 0.05 0.05
5 0.67188 0.65312 0.0875 0.0375
5 0.66094 0.62969 0.07812 0.03437
5 0.66094 0.60625 0.06562 0.03125
5 0.65469 0.58906 0.07188 0.02187
5 0.6375 0.56406 0.09375 0.04063
10 0.70938 0.61563 0.0625 0.06875
10 0.75625 0.6875 0.08125 0.06875
13 0.54219 0.64062 0.07188 0.11875
13 0.49375 0.64375 0.06875 0.125
13 0.41875 0.67812 0.05625 0.125
13 0.96094 0.41094 0.07812 0.09063
13 0.98594 0.50937 0.02812 0.13125
13 0.97656 0.53281 0.04688 0.11562
13 0.95156 0.525 0.07188 0.125
13 0.92188 0.52031 0.0625 0.11562
13 0.89219 0.51719 0.07188 0.11562
13 0.85469 0.52344 0.08437 0.13437
10 0.02031 0.50781 0.04062 0.08438
19 0.00312 0.16406 0.00625 0.13438
19 0.01719 0.05469 0.03438 0.10312
19 0.03125 0.01406 0.0625 0.02812
