48 0.175 0.79688 0.21875 0.175
48 0.57031 0.90156 0.21562 0.14687
48 0.525 0.61719 0.15625 0.12187
48 0.80469 0.54062 0.23438 0.19375
48 0.18438 0.01094 0.13125 0.02188
48 0.89531 0.37031 0.20937 0.16563
48 0.94219 0.2 0.11562 0.15
48 0.77656 0.98281 0.28437 0.03438
48 0.36719 0.51094 0.10313 0.12188
48 0.35938 0.05312 0.13125 0.10625
48 0.01875 0.17969 0.0375 0.14687
48 0.73906 0.61875 0.20937 0.18125
48 0.29844 0.35 0.07187 0.0875
48 0.02656 0.31562 0.05312 0.11875
48 0.41719 0.91875 0.19688 0.1625
48 0.63125 0.55625 0.14375 0.10625
48 0.76875 0.25313 0.1375 0.1375
48 0.89844 0.05312 0.19063 0.1
48 0.90156 0.02344 0.14062 0.04688
48 0.06406 0.70469 0.12812 0.14687
48 0.5 0.2625 0.125 0.14375
48 0.99062 0.57969 0.01875 0.14687
48 0.4375 0.82187 0.175 0.15
48 0.88281 0.47188 0.13437 0.15
48 0.45 0.03438 0.0875 0.06875
48 0.0375 0.06562 0.075 0.13125
48 0.81094 0.43281 0.15312 0.15313
48 0.42031 0.31562 0.22813 0.18125
48 0.40938 0.20625 0.1625 0.14375
48 0.81406 0.19219 0.20937 0.16563
48 0.0875 0.83594 0.08125 0.10312
48 0.30781 0.15 0.15938 0.14375
48 0.40469 0.08906 0.12812 0.11562
48 0.5125 0.04375 0.09375 0.0875
48 0.40469 0.97188 0.15937 0.05625
48 0.23125 0.70312 0.19375 0.15
48 0.25625 0.32812 0.0625 0.0875
48 0.59062 0.03125 0.2375 0.0625
48 0.09219 0.93438 0.18438 0.13125
48 0.09531 0.125 0.13438 0.1375
48 0.07344 0.03281 0.14688 0.06562
48 0.90469 0.85 0.19063 0.16875
48 0.70156 0.35625 0.16563 0.13125
48 0.4125 0.42031 0.10625 0.13437
48 0.95 0.7625 0.1 0.15625
48 0.23438 0.44844 0.11875 0.14063
48 0.56563 0.075 0.16875 0.15
48 0.49687 0.02969 0.20625 0.05938
48 0.98125 0.05469 0.0375 0.10938
48 0.92969 0.28906 0.14062 0.14687
48 0.99688 0.12812 0.00625 0.13125
48 0.85469 0.1125 0.19688 0.1375
48 0.1 0.63281 0.2 0.16562
48 0.14375 0.41094 0.16875 0.14687
48 0.57188 0.53438 0.15625 0.13125
48 0.64688 0.4625 0.1875 0.175
48 0.9625 0.07812 0.075 0.1125
48 0.02969 0.87812 0.05938 0.1625
48 0.13594 0.05 0.14688 0.1
48 0.73281 0.29844 0.15312 0.10312
48 0.02344 0.97969 0.04688 0.04063
48 0.15313 0.875 0.15625 0.15
48 0.98125 0.92344 0.0375 0.15312
48 0.31562 0.95781 0.15625 0.08437
48 0.38906 0.02188 0.14688 0.04375
48 0.9625 0.66094 0.075 0.14062
48 0.73594 0.73438 0.17812 0.14375
48 0.07656 0.99375 0.11562 0.0125
48 0.2 0.32031 0.13125 0.15312
48 0.05938 0.2125 0.11875 0.15
48 0.66875 0.66406 0.15 0.13437
48 0.95 0.0125 0.1 0.025
48 0.29688 0.2375 0.21875 0.15625
48 0.55781 0.95781 0.16563 0.08437
48 0.29844 0.48594 0.14063 0.12813
48 0.35625 0.39062 0.1625 0.125
48 0.99062 0.8125 0.01875 0.14375
48 0.59062 0.64844 0.175 0.15938
48 0.06875 0.79844 0.1375 0.17188
48 0.525 0.16563 0.25 0.19375
5 0.57969 0.28906 0.04063 0.05312
5 0.70312 0.97031 0.05625 0.05937
5 0.7875 0.90781 0.05 0.03438
5 0.59062 0.74844 0.0625 0.04688
11 0.65469 0.80469 0.10313 0.07812
5 0.19062 0.51562 0.075 0.05
5 0.64062 0.19219 0.05625 0.05937
5 0.55156 0.35625 0.03437 0.05
5 0.25 0.55625 0.0625 0.05
5 0.3 0.65469 0.06875 0.06563
5 0.16719 0.17188 0.05313 0.06875
5 0.97031 0.48594 0.05312 0.07812
5 0.22969 0.61875 0.05312 0.05
5 0.49219 0.69062 0.05313 0.05625
