48 0.09688 0.54531 0.15 0.12187
48 0.04844 0.39844 0.09688 0.12187
48 0.94062 0.28906 0.11875 0.14062
48 0.06719 0.47188 0.13438 0.10625
48 0.8375 0.40156 0.0875 0.11562
48 0.3875 0.95625 0.10625 0.075
48 0.19375 0.78906 0.15625 0.11563
48 0.14531 0.35156 0.14688 0.10313
48 0.53281 0.5 0.12813 0.18125
48 0.45 0.66094 0.06875 0.05312
48 0.30625 0.74062 0.13125 0.10625
48 0.12344 0.61406 0.13438 0.11562
48 0.475 0.29531 0.13125 0.15937
48 0.725 0.49844 0.06875 0.09687
48 0.36406 0.48438 0.08437 0.05625
48 0.09844 0.94375 0.10312 0.075
48 0.025 0.57812 0.05 0.1
48 0.175 0.41719 0.1375 0.10313
48 0.87969 0.17969 0.22813 0.17188
48 0.10156 0.09688 0.20312 0.19375
48 0.52812 0.86875 0.1 0.0625
48 0.15625 0.71094 0.16875 0.13437
48 0.28281 0.05156 0.29062 0.10312
48 0.59062 0.99531 0.125 0.00938
48 0.68281 0.40625 0.09063 0.13125
48 0.58125 0.42031 0.14375 0.10938
48 0.32969 0.4625 0.13437 0.08125
48 0.24688 0.57344 0.15625 0.12812
48 0.02656 0.64688 0.05312 0.075
48 0.20312 0.48906 0.125 0.11562
48 0.4375 0.62656 0.06875 0.05312
48 0.04688 0.82969 0.09375 0.07188
48 0.59688 0.30469 0.15 0.14062
48 0.22813 0.86875 0.13125 0.1
48 0.06562 0.01094 0.13125 0.02188
48 0.28125 0.6625 0.15625 0.11875
48 0.72969 0.24219 0.19062 0.14687
48 0.30156 0.99688 0.12812 0.00625
48 0.99375 0.07187 0.0125 0.14375
48 0.90781 0.38281 0.10313 0.14062
48 0.37187 0.89062 0.14375 0.11875
48 0.78594 0.44062 0.10938 0.15
48 0.41875 0.975 0.13125 0.05
48 0.25625 0.94375 0.15 0.1125
48 0.63594 0.51094 0.14062 0.15937
48 0.54531 0.19844 0.12187 0.15938
5 0.17188 0.9875 0.0625 0.025
