48 0.05938 0.77656 0.11875 0.15937
48 0.72656 0.99688 0.18437 0.00625
48 0.82656 0.78125 0.09062 0.075
48 0.93125 0.73906 0.1375 0.15937
48 0.02812 0.85938 0.05625 0.2125
48 0.90938 0.96406 0.18125 0.07188
48 0.94844 0.86875 0.10313 0.125
48 0.63906 0.84219 0.16563 0.25313
48 0.81875 0.45156 0.15625 0.12187
51 0.81094 0.21562 0.19063 0.225
48 0.71562 0.45469 0.13125 0.11562
5 0.9625 0.20625 0.05625 0.025
48 0.62344 0.47969 0.10938 0.12188
48 0.60312 0.03125 0.15625 0.0625
5 0.79688 0.59844 0.04375 0.03437
48 0.78906 0.01406 0.19687 0.02812
48 0.08438 0.71719 0.16875 0.13438
48 0.43906 0.4625 0.30312 0.2625
5 0.95625 0.10469 0.05 0.02812
48 0.29844 0.11094 0.49688 0.22188
48 0.00625 0.95156 0.0125 0.08437
5 0.96562 0.18281 0.06875 0.02188
5 0.98281 0.51094 0.03438 0.02813
5 0.29063 0.85 0.0375 0.03125
5 0.96562 0.30781 0.06875 0.03437
48 0.49531 0.84844 0.16563 0.11562
48 0.74844 0.7625 0.07812 0.0625
48 0.175 0.63906 0.225 0.20312
5 0.72344 0.66094 0.04063 0.02187
48 0.73438 0.90625 0.1 0.1375
5 0.96875 0.14062 0.0625 0.01875
5 0.97031 0.23281 0.05937 0.03437
48 0.55156 0.96406 0.15313 0.07188
5 0.775 0.64844 0.0375 0.02188
48 0.9375 0.42656 0.125 0.10313
48 0.32031 0.98906 0.21562 0.02187
5 0.075 0.98281 0.04375 0.03438
48 0.03281 0.1875 0.06562 0.13125
48 0.27969 0.53906 0.29063 0.25937
48 0.38125 0.93906 0.15 0.12187
48 0.05 0.39844 0.1 0.12187
5 0.44688 0.64531 0.04375 0.02187
48 0.20156 0.3 0.18438 0.15
