48 0.36719 0.05469 0.20937 0.10938
48 0.0625 0.09531 0.125 0.15313
48 0.575 0.18125 0.26875 0.2
48 0.14688 0.24219 0.1875 0.17188
48 0.02656 0.36875 0.05312 0.20625
48 0.8125 0.4125 0.25 0.175
48 0.87969 0.70156 0.24062 0.19063
48 0.96719 0.29375 0.06563 0.125
48 0.87969 0.03594 0.22813 0.07187
48 0.99844 0.15625 0.00313 0.225
48 0.74531 0.09531 0.22187 0.16562
48 0.0125 0.05312 0.025 0.10625
48 0.19062 0.86562 0.1625 0.15625
48 0.48125 0.86875 0.15 0.11875
48 0.55156 0.94844 0.21563 0.10313
48 0.25156 0.97188 0.17812 0.05625
48 0.5875 0.99844 0.23125 0.00313
48 0.92969 0.83594 0.14062 0.13437
48 0.95625 0.90781 0.0875 0.13438
5 0.72969 0.78281 0.04063 0.04063
5 0.70938 0.85 0.0375 0.04375
5 0.78281 0.97656 0.03438 0.04688
5 0.7375 0.92656 0.03125 0.04063
5 0.74688 0.97031 0.0375 0.05312
48 0.825 0.84688 0.15625 0.14375
48 0.85469 0.94531 0.14062 0.10938
5 0.04219 0.96094 0.03437 0.05937
5 0.01562 0.87812 0.03125 0.04375
5 0.12969 0.02031 0.02812 0.02813
48 0.98594 0.97344 0.02812 0.05312
