48 0.625 0.98906 0.14375 0.02187
48 0.02188 0.41406 0.04375 0.09062
48 0.70938 0.98125 0.15 0.0375
48 0.11562 0.2875 0.15 0.1375
48 0.99219 0.9 0.01562 0.2
48 0.01406 0.20312 0.02812 0.15
48 0.33438 0.91875 0.23125 0.1125
48 0.55312 0.56875 0.15625 0.2
48 0.01875 0.59844 0.0375 0.17188
48 0.51875 0.84219 0.15 0.18437
48 0.53125 0.99375 0.1375 0.0125
48 0.37812 0.30312 0.25625 0.16875
48 0.00781 0.06094 0.01562 0.12188
48 0.09688 0.87969 0.19375 0.24062
48 0.35781 0.58438 0.24063 0.16875
48 0.36562 0.1625 0.225 0.15
48 0.15781 0.06875 0.20313 0.1375
48 0.42188 0.9875 0.19375 0.025
48 0.13594 0.42812 0.17188 0.15625
48 0.39062 0.04844 0.19375 0.09688
48 0.36719 0.44219 0.17812 0.14062
48 0.12031 0.64688 0.19062 0.1125
48 0.33281 0.75625 0.19688 0.1625
5 0.19219 0.76406 0.02812 0.04688
5 0.18906 0.84375 0.02813 0.03125
48 0.98125 0.77188 0.0375 0.18125
5 0.97969 0.65469 0.02813 0.04063
48 0.85469 0.95625 0.29063 0.0875
48 0.81562 0.72656 0.36875 0.37187
5 0.58906 0.72188 0.04063 0.04375
5 0.59688 0.61562 0.03125 0.05
5 0.20938 0.53594 0.05 0.02187
48 0.10156 0.15313 0.19062 0.0875
48 0.63906 0.01562 0.27187 0.03125
48 0.60312 0.08594 0.275 0.15313
48 0.60156 0.26094 0.22188 0.22188
48 0.55313 0.43906 0.2125 0.17188
48 0.82812 0.22031 0.24375 0.16562
48 0.86719 0.06875 0.26562 0.1375
48 0.79688 0.41094 0.24375 0.25312
48 0.94375 0.39688 0.1125 0.31875
48 0.96719 0.2 0.06563 0.11875
