6 0.475 0.98281 0.10625 0.03438
5 0.40156 0.98906 0.06562 0.02187
5 0.42031 0.97812 0.06562 0.04375
5 0.43281 0.96562 0.06562 0.05
5 0.47188 0.92812 0.075 0.05
5 0.48906 0.90312 0.07188 0.05
5 0.51094 0.88125 0.06562 0.05
5 0.52812 0.86406 0.0625 0.04688
5 0.55 0.84375 0.06875 0.05
5 0.56719 0.825 0.06562 0.05
5 0.59219 0.80781 0.05937 0.04688
5 0.60938 0.78438 0.06875 0.05
5 0.62969 0.76406 0.05938 0.04063
5 0.64844 0.73906 0.05937 0.04688
5 0.66094 0.72344 0.05938 0.04688
5 0.68281 0.70625 0.06562 0.04375
7 0.70469 0.68906 0.07812 0.05312
5 0.73906 0.64531 0.05938 0.04688
5 0.75937 0.625 0.06875 0.05
5 0.77969 0.60312 0.05937 0.05
5 0.8 0.58281 0.0625 0.04688
5 0.81562 0.56406 0.05625 0.04688
48 0.84531 0.525 0.10938 0.0875
5 0.88594 0.48594 0.06562 0.04688
5 0.90781 0.46875 0.07188 0.05625
5 0.93125 0.44531 0.06875 0.04688
5 0.95156 0.42188 0.05937 0.05
5 0.97188 0.40312 0.05625 0.04375
5 0.97812 0.38281 0.04375 0.05312
5 0.98906 0.35781 0.02187 0.04062
5 0.99531 0.34219 0.00938 0.05938
5 0.90625 0.99844 0.05625 0.00313
5 0.87812 0.99375 0.05 0.0125
5 0.85312 0.9875 0.04375 0.025
5 0.83438 0.98125 0.05 0.0375
5 0.80312 0.97031 0.0625 0.05937
5 0.7875 0.95469 0.0625 0.05937
5 0.76094 0.94687 0.05312 0.05625
5 0.74062 0.92969 0.05 0.05313
5 0.79531 0.99844 0.04688 0.00313
5 0.76875 0.99219 0.04375 0.01562
5 0.74688 0.98594 0.05 0.02812
5 0.69844 0.9625 0.05312 0.04375
5 0.675 0.94844 0.05 0.04688
5 0.64688 0.93906 0.05625 0.04688
5 0.68281 0.90156 0.05312 0.05938
5 0.7125 0.91094 0.05 0.04688
5 0.99531 0.95312 0.00938 0.04375
5 0.98281 0.94062 0.03438 0.05625
5 0.96719 0.925 0.05312 0.05625
5 0.99062 0.88906 0.01875 0.05312
5 0.97656 0.87344 0.04688 0.05312
5 0.96719 0.85781 0.06563 0.05937
5 0.94219 0.91094 0.04063 0.04688
5 0.91875 0.89531 0.0625 0.05312
5 0.89844 0.87969 0.04688 0.04688
5 0.92812 0.84375 0.05 0.05
5 0.87031 0.8625 0.04688 0.05
5 0.90938 0.83125 0.05 0.04375
5 0.88125 0.81719 0.05625 0.05938
5 0.85 0.80781 0.04375 0.04063
5 0.83125 0.78906 0.04375 0.04688
5 0.80781 0.775 0.05938 0.0625
5 0.84219 0.85625 0.04688 0.05625
5 0.82031 0.8375 0.04062 0.04375
5 0.79375 0.82812 0.05 0.05
5 0.76875 0.80469 0.04375 0.04688
5 0.99531 0.75469 0.00938 0.05312
5 0.98125 0.74219 0.0375 0.05313
5 0.96719 0.72656 0.05312 0.05313
5 0.99062 0.6875 0.01875 0.0625
5 0.975 0.67188 0.05 0.06875
5 0.95 0.65312 0.05 0.05625
5 0.925 0.64375 0.05625 0.04375
5 0.94062 0.70625 0.04375 0.05
5 0.91406 0.69375 0.04688 0.05
5 0.89062 0.68281 0.04375 0.05312
5 0.99688 0.55 0.00625 0.05
53 0.86094 0.49062 0.27812 0.98125
5 0.45781 0.94844 0.06562 0.04688
5 0.71719 0.6625 0.05312 0.0375
5 0.71875 0.98125 0.05 0.0375
