48 0.90469 0.9875 0.19063 0.025
5 0.76094 0.99062 0.04063 0.01875
5 0.77188 0.93906 0.025 0.04688
5 0.71094 0.87812 0.02812 0.05
5 0.92031 0.89219 0.15938 0.15938
5 0.75312 0.67656 0.025 0.04063
5 0.80313 0.76562 0.025 0.04375
48 0.94531 0.57344 0.10938 0.15313
48 0.93594 0.73281 0.12813 0.15938
5 0.93125 0.40312 0.06875 0.03125
5 0.9875 0.41562 0.025 0.025
48 0.57344 0.73438 0.35312 0.34375
5 0.71562 0.48438 0.05625 0.025
5 0.77344 0.45469 0.05313 0.04688
5 0.86719 0.35312 0.03438 0.05
5 0.25625 0.43281 0.0625 0.02187
48 0.97812 0.14375 0.04375 0.2
48 0.99062 0.02812 0.01875 0.05625
48 0.9625 0.3125 0.075 0.15
5 0.82656 0.19531 0.02812 0.04063
5 0.81562 0.24219 0.03125 0.04688
48 0.15156 0.95781 0.30312 0.08437
5 0.04062 0.7125 0.025 0.0375
5 0.00156 0.54688 0.00312 0.025
48 0.29688 0.60156 0.3125 0.18437
48 0.22031 0.7875 0.36562 0.24375
5 0.59844 0.49062 0.06562 0.01875
5 0.475 0.47344 0.0625 0.02187
5 0.15313 0.29219 0.0375 0.05312
48 0.63594 0.32656 0.33438 0.23437
48 0.325 0.27812 0.34375 0.24375
48 0.49375 0.05781 0.3625 0.11562
48 0.71719 0.1125 0.28438 0.225
48 0.05312 0.23438 0.10625 0.23125
48 0.12969 0.07656 0.25938 0.15313
