48 0.10938 0.29531 0.21875 0.26562
48 0.43281 0.99844 0.21562 0.00313
48 0.49844 0.58281 0.10938 0.13438
48 0.34375 0.78125 0.2 0.09375
48 0.17656 0.74531 0.12187 0.13438
48 0.025 0.54531 0.05 0.12187
5 0.64062 0.75312 0.05625 0.0625
48 0.28125 0.6875 0.15625 0.11875
48 0.18594 0.58906 0.15313 0.09687
48 0.06094 0.75625 0.11562 0.1375
48 0.40625 0.88438 0.05 0.075
5 0.32031 0.19062 0.05312 0.04375
48 0.6 0.81719 0.14375 0.07812
5 0.42812 0.30469 0.04375 0.05312
48 0.26719 0.27656 0.12812 0.05312
48 0.37813 0.325 0.08125 0.09375
48 0.5375 0.66875 0.09375 0.1
48 0.02656 0.87344 0.05312 0.09688
48 0.47812 0.71562 0.11875 0.10625
48 0.17344 0.05625 0.10312 0.0625
48 0.24375 0.22188 0.0875 0.075
48 0.13281 0.875 0.15937 0.1
48 0.13281 0.47656 0.21562 0.07187
5 0.28281 0.11406 0.08438 0.02812
48 0.43125 0.59531 0.125 0.22188
48 0.52031 0.79844 0.12812 0.15938
5 0.56563 0.61406 0.05 0.05938
5 0.4375 0.18594 0.04375 0.06562
5 0.44062 0.98438 0.05625 0.03125
48 0.29063 0.31562 0.11875 0.06875
48 0.69844 0.93906 0.30312 0.12187
