48 0.34688 0.26719 0.21875 0.15313
48 0.91406 0.94375 0.17188 0.1125
48 0.32969 0.54219 0.16562 0.16563
48 0.57812 0.31406 0.1875 0.18438
48 0.75781 0.02031 0.07812 0.04062
48 0.11406 0.05 0.10938 0.06875
48 0.04688 0.10156 0.0875 0.07188
48 0.10781 0.25938 0.21562 0.1375
48 0.03281 0.64062 0.06562 0.30625
48 0.93906 0.76875 0.12187 0.15
48 0.94688 0.87969 0.09375 0.07188
5 0.74688 0.54688 0.04375 0.025
48 0.08125 0.45469 0.1625 0.17812
5 0.00781 0.82344 0.01562 0.02813
48 0.44063 0.43281 0.15625 0.14687
48 0.85156 0.24688 0.10312 0.1125
48 0.00469 0.00781 0.00938 0.01562
5 0.06562 0.78281 0.0375 0.01562
48 0.00469 0.10469 0.00938 0.10312
