5 0.00781 0.6625 0.01562 0.03125
5 0.38594 0.60781 0.02187 0.02812
5 0.92969 0.8 0.04062 0.01875
48 0.02188 0.99062 0.04375 0.01875
5 0.64062 0.87656 0.0375 0.04688
5 0.60469 0.88438 0.03437 0.04375
48 0.5625 0.93438 0.23125 0.13125
48 0.39062 0.00156 0.3625 0.00312
48 0.12188 0.09844 0.24375 0.19688
48 0.3 0.25 0.3625 0.28125
48 0.125 0.975 0.225 0.05
48 0.81719 0.62656 0.29063 0.20312
48 0.94219 0.88281 0.11562 0.23438
48 0.99062 0.56875 0.01875 0.225
48 0.77344 0.9125 0.24687 0.175
48 0.87812 0.07187 0.24375 0.14375
48 0.325 0.73125 0.21875 0.225
48 0.56094 0.66406 0.24063 0.27188
48 0.59375 0.14219 0.33125 0.27188
48 0.07031 0.77656 0.14062 0.22187
48 0.33281 0.95312 0.24688 0.09375
