30 0.78125 0.9125 0.075 0.175
30 0.90781 0.96562 0.13438 0.06875
48 0.93906 0.74219 0.12187 0.32187
48 0.04531 0.1 0.09062 0.2
30 0.67969 0.93594 0.09062 0.12813
48 0.81875 0.12812 0.125 0.0625
48 0.275 0.67969 0.175 0.27188
48 0.61875 0.81875 0.23125 0.1
48 0.01406 0.40625 0.02812 0.15625
48 0.96562 0.1875 0.06875 0.28125
24 0.27812 0.96562 0.09375 0.0625
48 0.07344 0.27031 0.14688 0.10938
48 0.82812 0.03438 0.10625 0.06875
30 0.42656 0.98125 0.12188 0.0375
5 0.55156 0.18125 0.02813 0.05625
5 0.59531 0.01562 0.02187 0.03125
5 0.55781 0.12031 0.02813 0.06563
5 0.5375 0.26094 0.0375 0.04688
5 0.48438 0.49844 0.05625 0.06562
5 0.15781 0.03594 0.06562 0.04062
5 0.175 0.93125 0.01875 0.0625
5 0.58281 0.58125 0.05938 0.01875
5 0.57656 0.05938 0.02812 0.05
5 0.14844 0.06875 0.08438 0.03125
5 0.51875 0.3875 0.0625 0.0625
5 0.52344 0.325 0.05937 0.05
