5 0.27812 0.975 0.05625 0.04375
5 0.47656 0.85625 0.05313 0.04375
5 0.55312 0.73906 0.04375 0.04688
5 0.69062 0.67969 0.05 0.04062
5 0.88594 0.52812 0.05312 0.04375
5 0.59688 0.60469 0.05625 0.02813
48 0.52969 0.26406 0.20312 0.19062
48 0.75156 0.24375 0.15312 0.1375
48 0.75 0.0625 0.13125 0.11875
48 0.98125 0.02812 0.0375 0.05625
48 0.59062 0.125 0.08125 0.0625
48 0.59375 0.04531 0.225 0.09062
48 0.425 0.09844 0.1125 0.10312
48 0.37969 0.02344 0.12812 0.04688
48 0.625 0.41406 0.29375 0.27188
48 0.96406 0.07656 0.07188 0.10938
48 0.31094 0.2 0.15313 0.15
48 0.30469 0.10469 0.16563 0.13438
48 0.81719 0.09219 0.04063 0.04063
48 0.83906 0.11406 0.04688 0.04062
48 0.86562 0.15781 0.075 0.07812
48 0.90469 0.2125 0.07188 0.075
48 0.93906 0.25156 0.06563 0.06562
48 0.96094 0.275 0.05937 0.05625
48 0.66719 0.19062 0.10938 0.1
48 0.24844 0.01406 0.08438 0.02812
48 0.41406 0.36719 0.10313 0.09688
9 0.01875 0.78438 0.0375 0.08125
13 0.00625 0.74531 0.0125 0.05312
13 0.00156 0.45 0.00312 0.075
48 0.49844 0.16406 0.09687 0.11562
48 0.48125 0.08438 0.05625 0.05625
