48 0.17188 0.07969 0.34375 0.15937
48 0.82187 0.9 0.275 0.2
48 0.57969 0.92969 0.31563 0.14062
48 0.40781 0.96562 0.15313 0.06875
48 0.90625 0.57188 0.1875 0.1375
48 0.94688 0.74375 0.10625 0.14375
5 0.61875 0.81875 0.04375 0.025
48 0.07969 0.22031 0.15937 0.12812
48 0.45156 0.075 0.21562 0.15
48 0.11094 0.55 0.22188 0.23125
48 0.40625 0.78906 0.14375 0.14062
48 0.25156 0.79062 0.17812 0.15625
48 0.525 0.75781 0.1 0.07187
48 0.50156 0.71719 0.10312 0.04688
48 0.64062 0.73125 0.1125 0.075
48 0.67812 0.75781 0.0625 0.04062
48 0.56563 0.78906 0.11875 0.05937
48 0.56406 0.70469 0.05312 0.05937
48 0.80781 0.64062 0.05938 0.05
48 0.62187 0.66719 0.1125 0.07188
48 0.73125 0.66875 0.075 0.075
48 0.73906 0.61094 0.12812 0.07188
48 0.64219 0.63281 0.11562 0.06563
