48 0.325 0.65 0.26875 0.225
48 0.96875 0.63906 0.0625 0.12187
48 0.9375 0.67188 0.125 0.1625
48 0.24375 0.04219 0.1625 0.08438
48 0.54219 0.7125 0.24062 0.26875
48 0.98594 0.02344 0.02812 0.04688
48 0.76719 0.03594 0.10938 0.07187
48 0.80469 0.80469 0.17813 0.17188
48 0.11406 0.52344 0.20938 0.09688
48 0.59688 0.90625 0.19375 0.1875
48 0.87812 0.74688 0.1625 0.13125
48 0.10781 0.04219 0.16562 0.08438
48 0.85938 0.66719 0.1125 0.10938
48 0.33906 0.90781 0.14062 0.18437
48 0.99531 0.31406 0.00938 0.10938
48 0.77969 0.69844 0.12187 0.12188
48 0.17969 0.79219 0.22188 0.17188
48 0.67656 0.02812 0.27187 0.05625
48 0.06562 0.25312 0.13125 0.15
48 0.90625 0.55156 0.15625 0.10937
48 0.8375 0.4 0.16875 0.15625
48 0.41094 0.4625 0.10938 0.08125
48 0.78281 0.08906 0.12187 0.09062
48 0.05156 0.05156 0.10312 0.10312
48 0.39531 0.975 0.19688 0.05
48 0.01094 0.98438 0.02188 0.03125
48 0.94375 0.93281 0.1125 0.13438
48 0.05625 0.14844 0.1125 0.14062
48 0.4875 0.94375 0.2 0.1125
48 0.43906 0.54844 0.10938 0.09688
48 0.32969 0.47812 0.07187 0.06875
48 0.14062 0.20156 0.13125 0.22188
48 0.38125 0.09531 0.13125 0.12812
48 0.47812 0.43906 0.10625 0.10312
48 0.60938 0.10625 0.11875 0.1125
48 0.28438 0.19375 0.1625 0.14375
48 0.975 0.52344 0.05 0.12187
48 0.34688 0.0375 0.13125 0.075
48 0.51562 0.5125 0.14375 0.20625
48 0.32812 0.80469 0.175 0.14062
48 0.70312 0.41094 0.18125 0.15937
48 0.25625 0.51875 0.15625 0.175
48 0.95156 0.06562 0.09688 0.075
48 0.40938 0.18281 0.125 0.12188
48 0.94219 0.03281 0.11562 0.06562
48 0.25312 0.97969 0.2125 0.04063
48 0.04375 0.98594 0.0875 0.02812
48 0.04531 0.89688 0.09062 0.16875
48 0.0375 0.94375 0.075 0.0875
48 0.66406 0.1125 0.08438 0.0875
48 0.73438 0.06719 0.10625 0.12813
48 0.93438 0.32812 0.13125 0.13125
48 0.72656 0.51719 0.17813 0.13437
48 0.97969 0.00781 0.04063 0.01562
48 0.85625 0.07187 0.11875 0.14375
48 0.78125 0.58906 0.18125 0.14062
48 0.45156 0.86563 0.14688 0.15
48 0.14062 0.62969 0.25 0.23438
48 0.19531 0.17812 0.15938 0.21875
48 0.03125 0.01562 0.0625 0.03125
48 0.35781 0.54219 0.12188 0.12188
48 0.94688 0.4375 0.10625 0.16875
48 0.22813 0.91406 0.21875 0.17188
48 0.85 0.50781 0.16875 0.11563
5 0.93906 0.15937 0.05937 0.03125
10 0.72969 0.82656 0.05938 0.10938
5 0.70781 0.69062 0.02813 0.05625
5 0.00312 0.59844 0.00625 0.05938
10 0.64375 0.76094 0.05 0.07188
5 0.77031 0.29219 0.07188 0.05938
5 0.47812 0.12031 0.04375 0.06563
