48 0.03125 0.79531 0.0625 0.05312
48 0.10312 0.85312 0.10625 0.05625
48 0.91406 0.1625 0.09688 0.075
48 0.96562 0.97031 0.06875 0.05937
48 0.51875 0.72344 0.16875 0.12188
48 0.00781 0.32656 0.01562 0.15313
48 0.3375 0.47969 0.1 0.08437
48 0.66875 0.49531 0.08125 0.05938
48 0.57656 0.5 0.14062 0.10625
48 0.5 0.60469 0.0875 0.07188
5 0.96875 0.375 0.0375 0.04375
48 0.15625 0.68906 0.1625 0.10938
48 0.1375 0.98438 0.1875 0.03125
48 0.23281 0.59688 0.12812 0.11875
48 0.41719 0.46562 0.10313 0.08125
48 0.37656 0.43281 0.09063 0.08437
48 0.16562 0.92656 0.075 0.05938
48 0.02656 0.85312 0.05312 0.04375
48 0.63281 0.35781 0.07812 0.05938
48 0.21719 0.90938 0.12812 0.10625
48 0.89844 0.33125 0.19063 0.16875
48 0.78281 0.45469 0.13438 0.13437
48 0.60156 0.28906 0.12813 0.10313
48 0.975 0.87812 0.05 0.14375
48 0.45312 0.40781 0.125 0.10312
48 0.67188 0.33594 0.0625 0.05312
48 0.3625 0.88281 0.14375 0.12187
48 0.85781 0.93281 0.13438 0.10938
48 0.91094 0.08125 0.12188 0.09375
48 0.96719 0.21406 0.06563 0.15938
48 0.24062 0.85312 0.1 0.08125
48 0.06406 0.89219 0.09688 0.07188
48 0.03281 0.25938 0.06562 0.09375
48 0.46094 0.77969 0.10312 0.08437
48 0.9875 0.00625 0.025 0.0125
48 0.64688 0.60156 0.11875 0.11563
48 0.66406 0.18281 0.16562 0.14062
48 0.59062 0.41406 0.11875 0.09688
