48 0.66719 0.27031 0.44688 0.23438
48 0.45938 0.97969 0.175 0.04063
5 0.24062 0.59844 0.04375 0.06562
48 0.77031 0.62813 0.24688 0.18125
48 0.27031 0.32188 0.18438 0.15
48 0.05312 0.66719 0.10625 0.26562
48 0.09063 0.88906 0.08125 0.08437
5 0.93438 0.45781 0.08125 0.04063
48 0.69062 0.06719 0.175 0.13438
48 0.35625 0.53594 0.125 0.19062
48 0.88438 0.05 0.23125 0.1
48 0.97188 0.65 0.05625 0.15625
48 0.4875 0.02344 0.25 0.04688
48 0.52188 0.08594 0.15 0.10938
48 0.27969 0.2 0.13438 0.1
48 0.06406 0.1125 0.12812 0.15
48 0.95625 0.5125 0.0875 0.13125
48 0.16875 0.59531 0.1375 0.23438
48 0.20469 0.06406 0.16562 0.12812
48 0.37656 0.74844 0.18438 0.23438
48 0.96094 0.90781 0.07812 0.12813
