5 0.07812 0.01562 0.0375 0.03125
5 0.01562 0.19219 0.03125 0.05937
5 0.25781 0.66406 0.06563 0.03438
5 0.31719 0.72656 0.07812 0.03438
48 0.4875 0.90938 0.16875 0.18125
48 0.84375 0.93906 0.10625 0.12187
48 0.35469 0.89688 0.14687 0.18125
48 0.12969 0.95156 0.10938 0.09688
48 0.975 0.48594 0.05 0.12188
48 0.99844 0.20781 0.00313 0.10938
48 0.89688 0.07344 0.14375 0.14688
48 0.78125 0.06875 0.15 0.1375
48 0.97656 0.04531 0.04688 0.09062
48 0.22656 0.04062 0.17188 0.08125
48 0.54062 0.05781 0.15 0.11562
48 0.72031 0.00625 0.07188 0.0125
48 0.66094 0.07812 0.12812 0.15625
48 0.42188 0.02969 0.125 0.05938
48 0.61094 0.91406 0.12813 0.12187
48 0.70938 0.93125 0.1125 0.11875
48 0.13594 0.29531 0.10937 0.10937
48 0.01406 0.99062 0.02812 0.01875
48 0.06406 0.79688 0.12812 0.15
48 0.07344 0.89219 0.05938 0.05937
48 0.13438 0.83281 0.15 0.11562
48 0.40312 0.24531 0.075 0.10312
48 0.97344 0.3 0.05312 0.10625
48 0.9625 0.38594 0.075 0.09687
48 0.69375 0.375 0.14375 0.1125
48 0.79531 0.54844 0.08437 0.10938
48 0.95312 0.62031 0.09375 0.06562
48 0.71094 0.67188 0.10938 0.11875
48 0.94219 0.69219 0.11562 0.07812
48 0.72188 0.26094 0.13125 0.11562
48 0.73906 0.55781 0.07812 0.07188
48 0.61719 0.56875 0.14688 0.16875
48 0.51719 0.49375 0.07187 0.0875
48 0.92656 0.57031 0.14687 0.07812
48 0.40469 0.55781 0.12188 0.12188
48 0.45469 0.47344 0.06562 0.04688
48 0.37344 0.33906 0.09063 0.10938
48 0.29375 0.55781 0.11875 0.13438
48 0.08906 0.50313 0.13438 0.09375
48 0.20312 0.2125 0.16875 0.1125
48 0.11719 0.18438 0.07812 0.08125
48 0.22969 0.38594 0.09063 0.05312
48 0.24062 0.50937 0.05625 0.06875
48 0.30625 0.33125 0.0625 0.1125
48 0.28438 0.15625 0.10625 0.05
48 0.96094 0.1625 0.07187 0.06875
48 0.35312 0.61094 0.03125 0.04063
48 0.49687 0.325 0.0625 0.05625
48 0.45938 0.41562 0.16875 0.08125
48 0.18438 0.45781 0.1 0.05312
48 0.09219 0.40469 0.14688 0.09063
48 0.54219 0.56563 0.07188 0.05625
