5 0.74844 0.44063 0.05937 0.01875
48 0.60781 0.00938 0.05937 0.01875
48 0.275 0.09062 0.10625 0.1
48 0.52656 0.10625 0.05312 0.1875
48 0.05625 0.84531 0.1125 0.09688
48 0.52344 0.00625 0.11563 0.0125
48 0.44219 0.11406 0.10313 0.16562
48 0.60625 0.06562 0.09375 0.075
5 0.69062 0.42969 0.03125 0.02187
48 0.12969 0.29688 0.25938 0.40625
48 0.60469 0.91094 0.27187 0.17812
5 0.60469 0.44531 0.02813 0.04063
5 0.54844 0.4 0.04063 0.025
48 0.35156 0.7375 0.38438 0.4875
48 0.63906 0.76719 0.21562 0.12187
48 0.73281 0.025 0.15312 0.05
48 0.07031 0.60156 0.14062 0.29062
48 0.72344 0.59219 0.10313 0.18437
48 0.53281 0.56563 0.20937 0.18125
48 0.79844 0.24688 0.14062 0.25
48 0.39531 0.47031 0.12188 0.11562
