48 0.61406 0.19219 0.10313 0.13438
48 0.81406 0.12031 0.07188 0.07812
48 0.95781 0.70938 0.08437 0.1
48 0.80469 0.20156 0.16562 0.12812
48 0.60156 0.31562 0.07812 0.1
48 0.75 0.40469 0.09375 0.10938
48 0.95625 0.82969 0.0875 0.11562
48 0.37812 0.06094 0.11875 0.11562
48 0.84688 0.74688 0.0875 0.10625
48 0.59062 0.07656 0.075 0.10938
48 0.74063 0.30156 0.0375 0.06562
48 0.93438 0.58438 0.13125 0.125
48 0.95 0.97188 0.1 0.05625
48 0.99844 0.87656 0.00313 0.09062
48 0.4875 0.00625 0.15625 0.0125
48 0.70625 0.07344 0.15 0.10937
48 0.49844 0.05469 0.12812 0.10938
48 0.51406 0.225 0.12812 0.125
48 0.31875 0.02969 0.21875 0.05938
48 0.78906 0.6625 0.10938 0.1125
48 0.43594 0.14844 0.20312 0.11562
48 0.86094 0.31719 0.27187 0.25938
48 0.975 0.92969 0.05 0.14062
48 0.28906 0.05781 0.10938 0.10312
48 0.60156 0.42656 0.08438 0.10938
