6 0.125 0.74375 0.05625 0.1
6 0.01406 0.54844 0.02812 0.10938
48 0.06406 0.70156 0.12812 0.19688
48 0.11094 0.47188 0.20312 0.3125
48 0.00625 0.16094 0.0125 0.15937
48 0.26094 0.83906 0.20937 0.11562
48 0.45 0.12812 0.15625 0.1625
48 0.78906 0.38438 0.10938 0.175
5 0.70469 0.98125 0.04688 0.025
5 0.75781 0.98906 0.04062 0.02187
48 0.62813 0.00469 0.33125 0.00938
5 0.60469 0.00469 0.05312 0.00938
5 0.93281 0.02812 0.13438 0.05625
5 0.99375 0.03594 0.0125 0.07187
5 0.97031 0.5375 0.04688 0.03125
5 0.92813 0.58438 0.05625 0.0375
48 0.70156 0.81875 0.16563 0.175
48 0.82187 0.65781 0.15 0.15312
48 0.71406 0.64531 0.10938 0.18438
48 0.925 0.7 0.15 0.20625
48 0.93906 0.89062 0.12187 0.1875
48 0.82969 0.84375 0.15312 0.20625
48 0.99062 0.92031 0.01875 0.15938
48 0.84062 0.21875 0.125 0.175
48 0.90938 0.40938 0.18125 0.18125
48 0.64844 0.14062 0.21562 0.1875
48 0.62969 0.33281 0.15313 0.21562
48 0.525 0.32188 0.1625 0.18125
48 0.40156 0.28594 0.16563 0.19688
5 0.32188 0.28906 0.04375 0.05937
48 0.53594 0.61875 0.17187 0.21875
48 0.43906 0.54688 0.12188 0.18125
48 0.31094 0.55625 0.17187 0.23125
48 0.37344 0.74062 0.34062 0.2
48 0.39219 0.94219 0.23438 0.11562
48 0.18594 0.94844 0.17813 0.10313
48 0.6125 0.98281 0.14375 0.03438
48 0.7 0.99688 0.1375 0.00625
48 0.03594 0.04375 0.07187 0.0875
5 0.05781 0.96562 0.05313 0.06875
48 0.92969 0.23906 0.14062 0.15937
