48 0.06875 0.64531 0.1375 0.19062
5 0.55313 0.22812 0.05625 0.05
5 0.58125 0.19688 0.0625 0.05
10 0.61406 0.17969 0.09687 0.06562
5 0.62969 0.15781 0.07812 0.04688
5 0.64688 0.12969 0.06875 0.04688
5 0.6625 0.10938 0.06875 0.05625
5 0.67656 0.08906 0.07188 0.05313
5 0.70469 0.06719 0.06563 0.05938
5 0.73281 0.03438 0.07812 0.05625
5 0.76094 0.02188 0.07188 0.04375
5 0.9375 0.0125 0.06875 0.025
5 0.9125 0.025 0.05625 0.05
5 0.89219 0.04062 0.05937 0.05
5 0.86563 0.07031 0.06875 0.04688
5 0.9875 0.55937 0.025 0.05
5 0.97656 0.55 0.04688 0.05625
5 0.95625 0.53281 0.05 0.04688
5 0.92344 0.51875 0.05312 0.04375
5 0.90312 0.49687 0.05625 0.05
5 0.87656 0.48281 0.04688 0.05937
5 0.85625 0.46562 0.05625 0.05
5 0.81406 0.45 0.05312 0.05625
5 0.78125 0.43594 0.05625 0.04688
5 0.75937 0.41562 0.05625 0.05
5 0.75 0.54531 0.05 0.04688
5 0.775 0.56406 0.04375 0.04063
5 0.82812 0.58594 0.05 0.04688
5 0.84844 0.6 0.04688 0.04375
5 0.87031 0.62031 0.04688 0.04688
5 0.9 0.62813 0.05 0.05
5 0.92188 0.63906 0.04375 0.05937
5 0.94688 0.65625 0.05 0.05
5 0.97188 0.67031 0.0375 0.04063
5 0.98438 0.69062 0.03125 0.05
5 0.72812 0.59375 0.05 0.04375
5 0.75781 0.60938 0.04688 0.05
5 0.81406 0.63906 0.05937 0.05937
5 0.86875 0.67344 0.04375 0.05312
5 0.89219 0.69375 0.05312 0.05
5 0.91562 0.70625 0.05 0.05
5 0.94375 0.72031 0.05625 0.05312
5 0.97031 0.73906 0.04063 0.04688
5 0.98594 0.75469 0.02812 0.05312
5 0.83906 0.7875 0.05938 0.05625
5 0.87188 0.80938 0.04375 0.05
5 0.90938 0.83125 0.04375 0.0625
5 0.95 0.85469 0.04375 0.05938
5 0.97656 0.87031 0.04688 0.05938
5 0.99219 0.88906 0.01562 0.05312
