25 0.28594 0.40938 0.04688 0.05
24 0.30469 0.40312 0.04063 0.05625
25 0.32656 0.38906 0.04062 0.05938
25 0.85312 0.32188 0.04375 0.025
25 0.89375 0.31562 0.04375 0.03125
23 0.71875 0.00781 0.05 0.01562
48 0.06875 0.5125 0.125 0.125
48 0.14219 0.40312 0.12812 0.125
48 0.24219 0.31562 0.12813 0.125
48 0.35781 0.24062 0.12812 0.1
24 0.80469 0.04219 0.03438 0.02188
24 0.79688 0.02969 0.03125 0.02812
24 0.78281 0.02188 0.02812 0.03125
24 0.725 0.01562 0.05 0.03125
48 0.49062 0.20156 0.125 0.09063
48 0.62969 0.18594 0.11562 0.07187
48 0.76562 0.2 0.11875 0.0875
48 0.92344 0.00938 0.15312 0.01875
24 0.99688 0.01875 0.00625 0.0375
48 0.89531 0.01406 0.12188 0.02812
48 0.85781 0.02969 0.10938 0.05938
48 0.71094 0.10312 0.32812 0.1125
24 0.61719 0.29375 0.02188 0.05625
25 0.63594 0.28906 0.02187 0.05312
25 0.65469 0.29219 0.02812 0.04688
24 0.68906 0.28281 0.02812 0.04688
24 0.72656 0.31406 0.04062 0.02188
24 0.80938 0.34219 0.05 0.02813
24 0.90781 0.33906 0.02812 0.04688
24 0.92344 0.33594 0.02812 0.04688
25 0.95938 0.32656 0.025 0.04688
25 0.95781 0.36406 0.02187 0.04688
24 0.98438 0.34375 0.03125 0.05
24 0.97656 0.36562 0.02188 0.04375
25 0.93125 0.37656 0.025 0.04062
24 0.91719 0.38594 0.02813 0.05312
25 0.8375 0.35469 0.025 0.04063
25 0.91562 0.29375 0.04375 0.01875
25 0.93438 0.30781 0.05 0.02813
25 0.95781 0.28125 0.04688 0.03125
24 0.87656 0.27031 0.02187 0.02813
25 0.88906 0.25938 0.02812 0.04375
25 0.90469 0.25156 0.02812 0.03437
24 0.92188 0.24531 0.0375 0.03438
25 0.92031 0.27031 0.04063 0.02813
24 0.88594 0.1875 0.04063 0.025
24 0.88437 0.16719 0.0375 0.02812
24 0.75625 0.23438 0.04375 0.01875
24 0.83125 0.05938 0.0375 0.0375
48 0.32656 0.52969 0.08438 0.09062
48 0.54375 0.05625 0.1875 0.1125
48 0.5875 0.02812 0.2 0.05625
