48 0.01562 0.5125 0.03125 0.125
48 0.22969 0.68281 0.09063 0.10313
48 0.28594 0.58281 0.04063 0.04688
48 0.08438 0.98281 0.16875 0.03438
48 0.92344 0.98125 0.13438 0.0375
48 0.79531 0.96094 0.14687 0.07812
48 0.66094 0.95156 0.14687 0.09688
48 0.93906 0.925 0.11562 0.11875
48 0.84219 0.89375 0.12813 0.11875
48 0.70938 0.86875 0.1875 0.13125
48 0.91406 0.80469 0.17188 0.14062
48 0.73594 0.7625 0.15312 0.1375
48 0.48281 0.61719 0.14062 0.09688
48 0.48438 0.69844 0.13125 0.10938
48 0.56094 0.74062 0.08437 0.09375
48 0.54062 0.80938 0.075 0.075
48 0.46719 0.77656 0.10938 0.09687
48 0.40625 0.70625 0.04375 0.11875
48 0.54062 0.54844 0.2125 0.07188
