5 0.525 0.18281 0.0625 0.02812
9 0.04688 0.58594 0.0375 0.07187
5 0.75469 0.06094 0.04688 0.02187
5 0.75937 0.03906 0.05625 0.02812
9 0.23125 0.32031 0.025 0.05312
5 0.44219 0.32344 0.02813 0.04688
9 0.05312 0.42344 0.06875 0.02813
5 0.36875 0.33906 0.03125 0.04688
5 0.12188 0.48594 0.025 0.04062
5 0.3375 0.49375 0.025 0.04375
5 0.43281 0.49375 0.02813 0.04375
5 0.54688 0.60781 0.025 0.04063
5 0.05938 0.48438 0.025 0.04375
9 0.24531 0.49375 0.09063 0.05625
5 0.0875 0.64688 0.05625 0.025
9 0.54219 0.50156 0.02813 0.05938
9 0.58281 0.50313 0.03437 0.05625
48 0.97969 0.43281 0.04063 0.07812
48 0.825 0.4375 0.1 0.0625
48 0.94688 0.53594 0.10625 0.10937
48 0.89844 0.43125 0.04688 0.0625
48 0.96875 0.225 0.0625 0.1875
48 0.91875 0.23281 0.075 0.14688
48 0.85312 0.24062 0.08125 0.125
10 0.29063 0.31719 0.03125 0.05938
10 0.5125 0.00156 0.1125 0.00312
5 0.77188 0.39375 0.04375 0.0375
5 0.71094 0.29375 0.02812 0.03125
5 0.83906 0.34219 0.05312 0.03437
10 0.50625 0.31562 0.09375 0.03125
5 0.70625 0.20469 0.0375 0.03437
5 0.87188 0.54062 0.03125 0.04375
10 0.03438 0.32031 0.03125 0.05937
10 0.33281 0.32812 0.03437 0.075
5 0.75781 0.0125 0.04688 0.0125
8 0.61719 0.39062 0.07187 0.06875
10 0.41406 0.33125 0.02187 0.05
