48 0.87344 0.82812 0.25313 0.2375
48 0.04062 0.0875 0.08125 0.175
48 0.19062 0.09688 0.325 0.19375
5 0.96719 0.01406 0.05312 0.02812
5 0.95 0.03281 0.05625 0.03438
5 0.93906 0.05156 0.05937 0.03438
5 0.91719 0.06406 0.04688 0.03438
5 0.90312 0.09219 0.0625 0.04063
5 0.88594 0.1125 0.05312 0.025
5 0.86094 0.13281 0.04688 0.02813
5 0.18438 0.83438 0.04375 0.025
5 0.31406 0.9375 0.04062 0.0375
14 0.1 0.79375 0.1125 0.0375
5 0.61562 0.99062 0.05 0.01875
5 0.36875 0.81719 0.0375 0.02813
6 0.42344 0.82812 0.05313 0.05625
5 0.48438 0.64844 0.05 0.04062
5 0.55469 0.4625 0.04062 0.0375
6 0.68281 0.44219 0.10938 0.09063
5 0.60625 0.40312 0.04375 0.03125
48 0.56406 0.22344 0.53438 0.30937
5 0.67969 0.32812 0.06563 0.03125
5 0.69531 0.30156 0.03438 0.02813
5 0.84375 0.35 0.0375 0.0375
9 0.7625 0.27656 0.08125 0.05312
5 0.99531 0.39375 0.00938 0.025
48 0.43906 0.05469 0.29688 0.10938
48 0.72969 0.08438 0.40313 0.16875
5 0.81406 0.18594 0.04688 0.04688
5 0.83906 0.15 0.04688 0.03125
53 0.88906 0.10625 0.12187 0.1125
53 0.94531 0.03594 0.10938 0.07187
