55 0.05312 0.52656 0.10625 0.20937
55 0.70781 0.13281 0.16563 0.15313
55 0.8375 0.20937 0.14375 0.15
55 0.93281 0.27969 0.13438 0.15937
55 0.78125 0.03438 0.11875 0.06875
55 0.88281 0.06406 0.11563 0.11562
55 0.95781 0.12812 0.08437 0.125
55 0.07344 0.80938 0.14688 0.18125
55 0.17188 0.925 0.14375 0.15
48 0.02656 0.02812 0.05312 0.05625
48 0.22656 0.20156 0.45312 0.40312
48 0.55625 0.37812 0.28125 0.2875
48 0.89375 0.6875 0.2125 0.40625
48 0.7375 0.54219 0.26875 0.26563
48 0.48438 0.05312 0.175 0.10625
48 0.31406 0.04844 0.19062 0.09688
55 0.17344 0.65 0.19062 0.21875
55 0.37344 0.79375 0.19062 0.2125
55 0.54531 0.89844 0.20312 0.20312
55 0.73594 0.95625 0.15312 0.0875
55 0.40469 0.04844 0.04688 0.05312
55 0.43906 0.07344 0.04688 0.04688
55 0.47344 0.09844 0.04688 0.04688
55 0.51094 0.12656 0.04063 0.04063
55 0.53125 0.17969 0.03125 0.02813
55 0.54844 0.15781 0.02812 0.02813
