48 0.63438 0.38438 0.075 0.13125
48 0.48125 0.44531 0.10625 0.07812
5 0.37344 0.45469 0.04688 0.02188
5 0.24375 0.43281 0.025 0.03437
48 0.20156 0.41719 0.06562 0.09063
48 0.17188 0.67656 0.09375 0.05938
48 0.27969 0.68281 0.09063 0.05312
48 0.48281 0.69688 0.09687 0.0625
5 0.62187 0.72344 0.0625 0.03437
48 0.6625 0.81406 0.09375 0.10938
48 0.65312 0.9375 0.1125 0.125
48 0.58281 0.89219 0.10313 0.21562
48 0.50625 0.90625 0.10625 0.1875
48 0.42812 0.90781 0.1125 0.18437
48 0.37031 0.89844 0.08437 0.20312
48 0.31875 0.90312 0.075 0.19375
48 0.25469 0.83281 0.09062 0.20312
48 0.2625 0.95938 0.0875 0.08125
48 0.21094 0.98906 0.04063 0.02187
48 0.19375 0.84375 0.08125 0.13125
48 0.12188 0.80469 0.10625 0.10938
48 0.10312 0.9125 0.1125 0.125
48 0.1 0.98438 0.1125 0.03125
48 0.04688 0.8375 0.09375 0.175
48 0.03438 0.95312 0.06875 0.09375
48 0.00312 0.86094 0.00625 0.22813
