5 0.53438 0.04062 0.03125 0.025
7 0.26406 0.80938 0.04687 0.01875
5 0.38906 0.83906 0.03437 0.02187
5 0.16563 0.7875 0.0375 0.01875
5 0.11719 0.79844 0.04063 0.01562
48 0.24844 0.51719 0.04687 0.06563
48 0.21406 0.72031 0.10312 0.13438
48 0.14844 0.725 0.07188 0.06875
48 0.32031 0.91562 0.05937 0.0875
48 0.45938 0.60469 0.0375 0.04063
48 0.57187 0.70156 0.0875 0.04688
48 0.33281 0.19219 0.05938 0.05937
48 0.97812 0.26562 0.04375 0.175
48 0.20469 0.91562 0.11562 0.1625
48 0.58594 0.75 0.06563 0.075
48 0.14375 0.88594 0.0625 0.10938
48 0.9875 0.6375 0.025 0.0875
48 0.85312 0.70781 0.08125 0.09063
48 0.41406 0.525 0.04688 0.05625
48 0.41875 0.17031 0.08125 0.14062
48 0.44844 0.25312 0.05312 0.05625
48 0.38906 0.31094 0.06562 0.04688
48 0.20625 0.05312 0.10625 0.1
48 0.72656 0.97656 0.05937 0.04688
48 0.37344 0.20469 0.05938 0.05313
48 0.63125 0.22344 0.0625 0.05937
48 0.95938 0.5 0.08125 0.075
48 0.6125 0.96094 0.11875 0.07812
48 0.70312 0.55625 0.1 0.0625
48 0.68438 0.1875 0.06875 0.1625
48 0.45469 0.94219 0.09063 0.11562
48 0.77812 0.26094 0.1 0.06563
48 0.97188 0.08906 0.05625 0.09062
48 0.53438 0.94219 0.09375 0.09063
48 0.95938 0.86094 0.08125 0.20937
48 0.60469 0.53125 0.10313 0.06875
48 0.98125 0.00938 0.0375 0.01875
48 0.53594 0.5625 0.10313 0.15
48 0.31875 0.29688 0.13125 0.21875
48 0.07031 0.84219 0.08438 0.07812
48 0.46406 0.53906 0.05938 0.04062
48 0.58125 0.575 0.04375 0.05
48 0.6625 0.35156 0.1625 0.20312
48 0.83906 0.04219 0.10313 0.08438
48 0.00625 0.99062 0.0125 0.01875
48 0.13281 0.98594 0.11562 0.02812
48 0.46719 0.20312 0.07188 0.10625
48 0.37813 0.72969 0.10625 0.17812
48 0.78125 0.21406 0.125 0.05313
48 0.99531 0.83438 0.00938 0.13125
48 0.26094 0.96875 0.05938 0.0625
48 0.94531 0.70781 0.08438 0.11562
48 0.30625 0.70469 0.11875 0.17188
48 0.38906 0.49531 0.04688 0.05938
48 0.64219 0.17969 0.05937 0.06562
48 0.79219 0.17812 0.10938 0.08125
48 0.30937 0.97344 0.075 0.05312
48 0.05781 0.975 0.11562 0.05
48 0.54219 0.11719 0.10938 0.09063
48 0.55 0.18281 0.0625 0.06563
48 0.61719 0.13594 0.07812 0.06563
48 0.175 0.50781 0.125 0.18437
48 0.18281 0.63906 0.04688 0.05312
48 0.61719 0.2625 0.07812 0.05
48 0.75469 0.02969 0.10938 0.05938
48 0.38438 0.99219 0.06875 0.01562
48 0.80938 0.78125 0.1125 0.0875
48 0.2625 0.46562 0.05625 0.075
48 0.79531 0.85781 0.10313 0.13438
48 0.5125 0.76562 0.125 0.1875
48 0.80625 0.99375 0.1125 0.0125
48 0.34531 0.48594 0.05938 0.06563
48 0.38438 0.92656 0.1125 0.11562
48 0.96094 0.63594 0.05313 0.08437
48 0.15313 0.6625 0.0375 0.0375
48 0.44844 0.56875 0.06562 0.03125
48 0.01719 0.90312 0.03438 0.09375
48 0.92031 0.625 0.05937 0.075
48 0.06562 0.62187 0.13125 0.2375
48 0.25625 0.13594 0.0625 0.08438
48 0.59688 0.99531 0.10625 0.00938
48 0.22031 0.99844 0.04688 0.00313
48 0.23125 0.6375 0.11875 0.125
48 0.2375 0.28438 0.13125 0.18125
48 0.34531 0.13594 0.07187 0.06563
48 0.47812 0.30156 0.05625 0.06562
48 0.72812 0.18125 0.06875 0.1125
48 0.05 0.91562 0.075 0.09375
48 0.89844 0.69531 0.06563 0.09688
48 0.46719 0.50781 0.05938 0.03438
48 0.41719 0.63281 0.09063 0.06563
48 0.29688 0.48594 0.05 0.05312
48 0.46094 0.1 0.10938 0.0625
48 0.10156 0.94062 0.04688 0.075
5 0.7125 0.11719 0.03125 0.02187
5 0.74375 0.12188 0.03125 0.01875
5 0.10781 0.02344 0.02812 0.04688
48 0.725 0.43437 0.11875 0.10625
5 0.26562 0.85625 0.0375 0.025
48 0.02188 0.18906 0.04375 0.10938
48 0.03594 0.11562 0.07187 0.1
48 0.09688 0.46094 0.13125 0.12813
48 0.57187 0.35 0.13125 0.19375
48 0.30156 0.06406 0.10313 0.10312
48 0.89844 0.41406 0.09688 0.07188
48 0.91406 0.36719 0.11563 0.07812
48 0.42656 0.00625 0.11562 0.0125
48 0.77031 0.34219 0.09687 0.09063
48 0.05625 0.01875 0.1125 0.0375
48 0.00781 0.34062 0.01562 0.09375
48 0.69219 0.59375 0.10313 0.06875
48 0.01562 0.24844 0.03125 0.09687
48 0.1875 0.13281 0.1125 0.10312
48 0.59688 0.01719 0.1375 0.03438
48 0.66562 0.02344 0.11875 0.04688
48 0.00781 0.39688 0.01562 0.0875
48 0.38594 0.36094 0.09063 0.07187
48 0.64219 0.775 0.14062 0.19375
48 0.93125 0.26562 0.13125 0.14375
5 0.67969 0.06406 0.05313 0.02188
48 0.89062 0.47656 0.1 0.09062
48 0.91562 0.84375 0.08125 0.18125
5 0.325 0.00469 0.0375 0.00938
5 0.84219 0.14062 0.03438 0.025
5 0.30156 0.81875 0.02813 0.025
5 0.32031 0.8625 0.04688 0.0125
48 0.01406 0.30625 0.02812 0.1
5 0.48281 0.0375 0.03437 0.025
48 0.99688 0.93438 0.00625 0.09375
48 0.47969 0.37656 0.09063 0.10312
5 0.17656 0.22969 0.02812 0.04688
48 0.04688 0.07031 0.09375 0.10938
48 0.6875 0.64844 0.1125 0.08438
48 0.34062 0.55625 0.0875 0.09375
