47 0.37813 0.01719 0.08125 0.03438
48 0.46719 0.05 0.16563 0.1
57 0.2 0.04688 0.13125 0.09375
57 0.29375 0.14062 0.1125 0.10625
57 0.38906 0.24688 0.11563 0.1125
57 0.48906 0.35156 0.10937 0.11562
57 0.63125 0.43125 0.125 0.1125
57 0.575 0.45781 0.1125 0.09687
57 0.73125 0.53594 0.125 0.11562
57 0.67656 0.55313 0.12812 0.11875
57 0.77188 0.66406 0.1125 0.10312
57 0.82188 0.63594 0.10625 0.11562
57 0.92656 0.74844 0.13438 0.12187
57 0.87969 0.76719 0.10313 0.09688
57 0.9875 0.86406 0.025 0.09687
57 0.95781 0.88906 0.08437 0.08437
35 0.86562 0.82969 0.26875 0.07812
