48 0.09062 0.89062 0.18125 0.1875
48 0.07187 0.46875 0.14375 0.2625
48 0.02188 0.65312 0.04375 0.1375
48 0.0125 0.30312 0.025 0.3875
48 0.84844 0.08281 0.30312 0.16562
48 0.88438 0.99844 0.23125 0.00313
48 0.07344 0.68125 0.14062 0.1375
48 0.56563 0.25312 0.81875 0.46875
48 0.9625 0.88281 0.075 0.23438
48 0.37344 0.02812 0.32188 0.05625
48 0.93906 0.97031 0.12187 0.05937
48 0.60938 0.70938 0.45 0.58125
5 0.81562 0.85 0.04375 0.05
9 0.94531 0.92344 0.08438 0.11562
5 0.42812 0.86563 0.04375 0.05625
5 0.35312 0.97812 0.03125 0.04375
6 0.24844 0.93594 0.05313 0.07188
9 0.20781 0.76719 0.04688 0.07188
5 0.19219 0.5 0.03438 0.05
5 0.24375 0.8875 0.05 0.0625
