48 0.07656 0.0625 0.15313 0.125
48 0.17344 0.09219 0.05938 0.09063
48 0.01406 0.19688 0.02812 0.075
48 0.17031 0.45469 0.14062 0.12188
5 0.33438 0.54688 0.025 0.05625
5 0.32188 0.48125 0.01875 0.03125
48 0.06562 0.20156 0.075 0.15313
48 0.11875 0.2 0.11875 0.23125
48 0.03906 0.40625 0.07812 0.34375
48 0.13125 0.57344 0.2625 0.19062
48 0.10781 0.95469 0.21562 0.09062
5 0.07344 0.75937 0.02812 0.0375
48 0.03594 0.84844 0.07187 0.13438
48 0.1125 0.83906 0.1125 0.14062
48 0.23281 0.82344 0.16562 0.16563
5 0.3875 0.80625 0.025 0.05
5 0.40469 0.88906 0.02813 0.04688
5 0.41719 0.94375 0.02813 0.04375
7 0.42812 0.98594 0.03125 0.02812
5 0.48281 0.80625 0.02813 0.05
5 0.57344 0.94375 0.03437 0.025
5 0.62031 0.62031 0.04688 0.02813
5 0.675 0.6125 0.0375 0.025
5 0.79375 0.50781 0.01875 0.03438
5 0.98125 0.56406 0.0375 0.01562
5 0.89844 0.575 0.04688 0.025
5 0.64062 0.57344 0.05 0.02187
5 0.97812 0.51406 0.0375 0.02187
6 0.76562 0.59531 0.05625 0.03438
5 0.96875 0.6 0.025 0.0375
5 0.9875 0.59219 0.01875 0.03438
48 0.97656 0.92344 0.04688 0.15312
48 0.70469 0.80938 0.33438 0.33125
48 0.93594 0.71875 0.12813 0.2
48 0.69844 0.99844 0.25312 0.00313
48 0.83438 0.98906 0.0875 0.02187
6 0.97969 0.86563 0.04063 0.025
48 0.55 0.51562 0.06875 0.05
48 0.60312 0.10312 0.06875 0.05625
48 0.62656 0.30312 0.25313 0.35
48 0.76562 0.36562 0.06875 0.10625
48 0.85469 0.45312 0.05312 0.0625
48 0.9125 0.26719 0.175 0.35938
48 0.52344 0.0375 0.17188 0.075
