11 0.54688 0.10938 0.125 0.0875
11 0.61406 0.87188 0.04063 0.15625
10 0.68281 0.8875 0.04063 0.09375
11 0.71719 0.86719 0.03438 0.12813
56 0.09531 0.56875 0.19062 0.8625
56 0.38906 0.47812 0.25938 0.65
57 0.45938 0.90156 0.025 0.11562
57 0.43438 0.9375 0.025 0.06875
57 0.36719 0.98125 0.02812 0.0375
56 0.75937 0.58906 0.2875 0.82188
56 0.12188 0.03594 0.18125 0.07187
56 0.44688 0.03281 0.2875 0.06562
57 0.86094 0.09375 0.07188 0.04375
57 0.71406 0.075 0.07812 0.0375
56 0.77812 0.04375 0.31875 0.0875
9 0.83594 0.17656 0.10938 0.04062
56 0.96406 0.84375 0.07188 0.3125
56 0.98125 0.42656 0.0375 0.62188
36 0.29375 0.03438 0.0625 0.06875
