48 0.06719 0.10312 0.13438 0.20625
48 0.30312 0.11875 0.1125 0.10625
48 0.3375 0.16406 0.1125 0.11562
48 0.39219 0.39219 0.16562 0.17813
48 0.29375 0.51719 0.18125 0.19063
48 0.42344 0.475 0.16562 0.1875
48 0.58281 0.58281 0.15313 0.14687
48 0.67969 0.6125 0.22812 0.21875
48 0.42344 0.70625 0.34062 0.275
48 0.02969 0.76406 0.05938 0.22813
48 0.01875 0.92188 0.0375 0.09375
48 0.25 0.81719 0.2 0.20312
48 0.6 0.95938 0.0875 0.08125
48 0.07344 0.0375 0.14688 0.075
48 0.17969 0.02188 0.12188 0.04375
48 0.13594 0.19688 0.27187 0.30625
48 0.1625 0.3875 0.2 0.20625
48 0.30469 0.28594 0.19062 0.19062
48 0.54219 0.39844 0.14063 0.13438
48 0.57656 0.43594 0.14062 0.12188
48 0.6875 0.17812 0.075 0.075
48 0.78125 0.1125 0.13125 0.1375
48 0.75937 0.22813 0.11875 0.13125
48 0.91094 0.32188 0.17812 0.2875
48 0.98906 0.18906 0.02187 0.19687
48 0.91875 0.07031 0.1625 0.14062
48 0.95156 0.81406 0.08437 0.09062
48 0.96875 0.88125 0.0625 0.2375
48 0.57031 0.04531 0.07812 0.08438
48 0.90781 0.67812 0.14062 0.14375
48 0.98438 0.65625 0.03125 0.1875
5 0.63125 0.29219 0.05 0.02187
48 0.25 0.94688 0.225 0.09375
48 0.76719 0.05156 0.32812 0.10312
48 0.8875 0.87969 0.175 0.07812
8 0.4625 0.9875 0.05625 0.025
48 0.89219 0.95938 0.17188 0.08125
5 0.32344 0.99688 0.05938 0.00625
5 0.71875 0.39375 0.0375 0.05
8 0.70469 0.67812 0.07188 0.075
5 0.51875 0.93281 0.0375 0.06562
5 0.47656 0.31719 0.06563 0.04063
5 0.80313 0.66094 0.05625 0.07188
5 0.66094 0.72656 0.05312 0.04062
48 0.73906 0.88906 0.21563 0.22188
48 0.09063 0.86719 0.125 0.20938
5 0.00781 0.99531 0.01562 0.00938
48 0.03281 0.56406 0.06562 0.15313
