5 0.33281 0.98906 0.05312 0.02187
5 0.26094 0.92969 0.06563 0.02812
5 0.44375 0.95312 0.06875 0.025
5 0.53906 0.9625 0.08438 0.03125
5 0.2375 0.84688 0.0375 0.04375
5 0.27656 0.84375 0.04063 0.05
5 0.35156 0.85312 0.03438 0.04375
9 0.39219 0.85938 0.03437 0.0625
5 0.46719 0.85781 0.03437 0.05312
5 0.5125 0.86562 0.03125 0.04375
5 0.55312 0.86875 0.03125 0.04375
5 0.59062 0.86875 0.0375 0.05
5 0.67813 0.87344 0.0375 0.05312
5 0.71406 0.87969 0.04063 0.04063
5 0.75781 0.88125 0.03438 0.04375
9 0.83281 0.93281 0.05312 0.06562
5 0.49687 0.78438 0.03125 0.03125
5 0.46094 0.78125 0.03438 0.0375
5 0.425 0.77188 0.0375 0.05
5 0.39062 0.775 0.03125 0.0375
5 0.22969 0.70469 0.02812 0.05312
5 0.26719 0.70938 0.03437 0.04375
5 0.3125 0.72812 0.03125 0.05
5 0.34062 0.65 0.075 0.04375
48 0.53281 0.4625 0.07187 0.075
48 0.22188 0.05312 0.19375 0.10625
48 0.99219 0.72188 0.01562 0.06875
