48 0.2875 0.85781 0.13125 0.10313
48 0.38438 0.86875 0.11875 0.10625
48 0.49687 0.88281 0.14375 0.09688
48 0.3 0.94375 0.23125 0.1125
48 0.45 0.94062 0.1 0.06875
48 0.98594 0.70156 0.02812 0.16563
48 0.52188 0.64531 0.21875 0.12188
48 0.47344 0.96875 0.11562 0.0625
48 0.06719 0.59844 0.13438 0.44062
48 0.05938 0.34219 0.11875 0.68438
5 0.14687 0.84062 0.025 0.0375
48 0.80625 0.725 0.3 0.1625
48 0.05781 0.87812 0.11562 0.24375
48 0.64688 0.29844 0.40625 0.59688
48 0.99375 0.99688 0.0125 0.00625
5 0.20469 0.57344 0.02813 0.05312
5 0.70469 0.62344 0.04688 0.02187
48 0.94531 0.16406 0.10938 0.19062
48 0.09688 0.42031 0.15 0.38438
5 0.61406 0.81406 0.04688 0.02812
5 0.22969 0.47656 0.04062 0.04688
5 0.16719 0.92969 0.03438 0.04062
48 0.14375 0.11875 0.15625 0.2375
48 0.35156 0.35 0.11562 0.2875
5 0.49531 0.72656 0.04688 0.02188
48 0.35469 0.59531 0.15937 0.17188
5 0.30625 0.7625 0.05 0.03125
48 0.37656 0.10156 0.10312 0.20312
5 0.11406 0.98281 0.01562 0.03438
51 0.93125 0.45156 0.1375 0.35312
5 0.54375 0.81875 0.05 0.025
48 0.85156 0.98594 0.17188 0.02812
5 0.53125 0.79688 0.05625 0.0375
5 0.23125 0.73906 0.05 0.03437
