5 0.00469 0.87656 0.00938 0.02812
5 0.00625 0.90312 0.0125 0.025
5 0.08906 0.83438 0.03438 0.04375
5 0.98906 0.81406 0.02187 0.04688
5 0.99844 0.31875 0.00313 0.05625
5 0.99219 0.61094 0.01562 0.04688
5 0.98906 0.65938 0.02187 0.04375
5 0.87656 0.52969 0.05312 0.02812
5 0.73438 0.55781 0.0625 0.02187
5 0.99062 0.7125 0.01875 0.0375
5 0.47812 0.27031 0.05625 0.02813
5 0.35156 0.32344 0.05937 0.02813
5 0.58594 0.29063 0.05937 0.01875
5 0.88438 0.24531 0.0625 0.02187
5 0.81875 0.25156 0.05 0.02188
5 0.75938 0.26094 0.0625 0.01562
5 0.15469 0.00312 0.05313 0.00625
5 0.42969 0.95156 0.05312 0.01562
5 0.44688 0.00469 0.05 0.00938
5 0.20938 0.70938 0.05 0.03125
5 0.86562 0.58594 0.05 0.02812
5 0.95 0.23281 0.05625 0.03437
5 0.9875 0.9875 0.025 0.025
5 0.9875 0.85781 0.025 0.04063
5 0.00938 0.93125 0.01875 0.03125
5 0.99375 0.375 0.0125 0.0375
5 0.9875 0.46406 0.025 0.04688
48 0.44531 0.47344 0.40938 0.32812
48 0.00156 0.01719 0.00312 0.03438
48 0.875 0.76094 0.25 0.30938
48 0.90781 0.39844 0.18437 0.27812
48 0.05312 0.2375 0.10625 0.2625
48 0.76562 0.12656 0.25625 0.25312
48 0.67344 0.9875 0.27812 0.025
48 0.14062 0.51562 0.25 0.31875
48 0.94688 0.1 0.10625 0.2
48 0.67813 0.81719 0.225 0.25938
48 0.28281 0.85938 0.22812 0.26875
48 0.16406 0.20938 0.19062 0.26875
48 0.07344 0.53594 0.14688 0.34688
48 0.74062 0.43438 0.20625 0.29375
48 0.3625 0.18125 0.2625 0.25625
48 0.53438 0.16094 0.2125 0.25938
48 0.46562 0.84219 0.25 0.24062
48 0.8625 0.97031 0.275 0.05937
48 0.45938 0.99219 0.30625 0.01562
