5 0.54219 0.99531 0.05312 0.00938
7 0.28281 0.57812 0.05938 0.025
5 0.10156 0.7 0.05312 0.025
5 0.01094 0.58281 0.02188 0.03437
7 0.33594 0.9375 0.04688 0.03125
7 0.48438 0.75781 0.0625 0.02812
5 0.82344 0.01562 0.04688 0.03125
5 0.67812 0.17969 0.04375 0.04688
5 0.42188 0.00938 0.05625 0.01875
5 0.40938 0.08125 0.04375 0.0375
5 0.45938 0.12344 0.05625 0.04688
5 0.48281 0.14062 0.04063 0.0375
5 0.50156 0.15937 0.04688 0.0375
5 0.525 0.175 0.05625 0.05
5 0.54531 0.1875 0.05312 0.0375
5 0.55937 0.21094 0.05 0.03437
5 0.58125 0.225 0.05 0.05
5 0.60312 0.24219 0.05 0.04688
5 0.61875 0.27031 0.04375 0.04063
5 0.64219 0.28594 0.04063 0.02813
5 0.65625 0.3 0.0375 0.03125
5 0.57656 0.30312 0.04688 0.04375
7 0.40938 0.27187 0.05625 0.04375
5 0.44375 0.29844 0.0375 0.03437
5 0.46094 0.31406 0.03438 0.03437
5 0.48125 0.33125 0.04375 0.0375
5 0.50781 0.34844 0.05313 0.04688
5 0.52812 0.36406 0.05 0.04063
5 0.55 0.38438 0.05 0.0375
5 0.15781 0.1625 0.05938 0.04375
5 0.11562 0.41094 0.04375 0.03437
5 0.17031 0.46406 0.05313 0.04063
5 0.17344 0.64844 0.04688 0.03438
5 0.07812 0.675 0.04375 0.03125
5 0.05469 0.66094 0.05938 0.04063
5 0.01719 0.60156 0.03438 0.04062
7 0.05938 0.53594 0.05625 0.04063
5 0.54219 0.83594 0.05312 0.04062
5 0.63594 0.76875 0.04688 0.03125
5 0.76094 0.70781 0.04688 0.03437
5 0.64219 0.60781 0.05312 0.03438
5 0.84531 0.62031 0.04063 0.03437
48 0.38594 0.46719 0.77188 0.93438
4 0.725 0.67188 0.04375 0.03125
4 0.83906 0.425 0.04063 0.03125
4 0.22188 0.22813 0.05 0.0375
4 0.05 0.9875 0.04375 0.025
4 0.60312 0.73281 0.04375 0.03438
4 0.14531 0.325 0.05313 0.03125
4 0.47969 0.04219 0.03437 0.03437
4 0.57812 0.875 0.04375 0.0375
4 0.03281 0.61562 0.04688 0.03125
4 0.90625 0.33594 0.0375 0.03438
4 0.85312 0.44688 0.05 0.05625
4 0.00781 0.19219 0.01562 0.02812
4 0.0875 0.275 0.04375 0.03125
4 0.30938 0.30938 0.0375 0.03125
4 0.14375 0.05156 0.04375 0.03438
4 0.95 0.36094 0.04375 0.04688
4 0.27031 0.27187 0.04688 0.04375
4 0.36406 0.52344 0.04688 0.03438
4 0.21719 0.12344 0.04688 0.04062
4 0.925 0.68438 0.04375 0.03125
4 0.1125 0.0375 0.04375 0.03125
4 0.33906 0.22031 0.04063 0.03437
4 0.04062 0.33281 0.05 0.02813
4 0.25313 0.25312 0.04375 0.025
4 0.29688 0.46562 0.0375 0.0375
4 0.06562 0.07656 0.05 0.02812
4 0.36094 0.23281 0.04062 0.02813
4 0.33438 0.02812 0.0375 0.03125
4 0.7875 0.39688 0.05625 0.04375
4 0.70781 0.65312 0.04063 0.03125
4 0.72188 0.52031 0.04375 0.03437
4 0.15469 0.62813 0.05938 0.025
4 0.12188 0.58594 0.0625 0.03438
4 0.13594 0.42812 0.04062 0.03125
4 0.35156 0.34375 0.05937 0.03125
4 0.50156 0.05469 0.04062 0.03437
4 0.57344 0.1 0.04688 0.04375
4 0.58281 0.71562 0.02813 0.025
4 0.325 0.19688 0.04375 0.04375
4 0.25938 0.86406 0.04375 0.02813
4 0.075 0.55312 0.075 0.03125
4 0.04219 0.51875 0.05313 0.025
4 0.14531 0.44688 0.05313 0.0375
4 0.19531 0.48594 0.05312 0.03438
4 0.0375 0.06406 0.04375 0.02812
4 0.17812 0.09062 0.0375 0.0375
4 0.45938 0.02656 0.04375 0.03437
4 0.38438 0.98906 0.05625 0.02187
4 0.05 0.24219 0.04375 0.02812
4 0.425 0.40938 0.05 0.025
4 0.33438 0.78906 0.05 0.02812
4 0.01406 0.20937 0.02812 0.025
4 0.07969 0.37188 0.04687 0.03125
4 0.28281 0.4375 0.05938 0.0375
4 0.23594 0.53125 0.04062 0.03125
4 0.09375 0.01875 0.04375 0.025
4 0.97969 0.23125 0.04063 0.0375
4 0.86406 0.04375 0.03437 0.0375
4 0.06094 0.35469 0.05938 0.03437
4 0.38594 0.37656 0.04688 0.02813
4 0.0375 0.96875 0.04375 0.03125
4 0.99219 0.74844 0.01562 0.03438
4 0.88281 0.65 0.04062 0.0375
4 0.07031 0.99531 0.04062 0.00938
4 0.66719 0.62187 0.04688 0.03125
4 0.00938 0.46562 0.01875 0.03125
4 0.19375 0.10469 0.04375 0.02812
4 0.66406 0.02031 0.04062 0.03437
4 0.96406 0.72656 0.04063 0.03438
4 0.1375 0.60938 0.05625 0.025
4 0.41406 0.39531 0.04063 0.03437
4 0.11562 0.12969 0.04375 0.02812
4 0.52031 0.06875 0.04063 0.04375
4 0.74062 0.22812 0.04375 0.03125
4 0.53906 0.68281 0.03438 0.02813
4 0.90625 0.66406 0.04375 0.04688
4 0.025 0.50313 0.05 0.025
4 0.19219 0.36719 0.05937 0.04063
4 0.09844 0.11406 0.04688 0.02812
4 0.63281 0.14687 0.04062 0.0375
4 0.70625 0.40469 0.04375 0.03437
4 0.81406 0.5875 0.05312 0.0375
4 0.02656 0.22344 0.04688 0.02812
4 0.12812 0.30938 0.0375 0.025
4 0.32188 0.48438 0.04375 0.025
4 0.2375 0.40625 0.04375 0.03125
4 0.30469 0.18125 0.04688 0.0375
4 0.64375 0.0125 0.04375 0.025
4 0.59844 0.88906 0.04688 0.03438
4 0.19688 0.20781 0.05 0.03438
4 0.92188 0.49531 0.04375 0.03437
4 0.07031 0.25781 0.04062 0.03438
4 0.08281 0.09531 0.04688 0.02812
4 0.38438 0.24844 0.04375 0.04062
4 0.55937 0.7 0.03125 0.025
4 0.27812 0.17031 0.04375 0.03437
4 0.28281 0.88281 0.04688 0.02188
4 0.68438 0.64062 0.0375 0.03125
4 0.46562 0.44688 0.05625 0.0375
4 0.4375 0.01406 0.03125 0.02812
4 0.62031 0.00156 0.03437 0.00312
4 0.29375 0.29063 0.04375 0.04375
4 0.71719 0.20625 0.04063 0.0375
4 0.90781 0.07344 0.04063 0.04688
4 0.01406 0.30312 0.02812 0.03125
4 0.02188 0.31875 0.04375 0.025
4 0.2375 0.13438 0.04375 0.0375
4 0.3625 0.04844 0.04375 0.04063
4 0.83438 0.14687 0.0375 0.0375
4 0.15781 0.07031 0.04062 0.03437
4 0.72344 0.99844 0.04688 0.00313
4 0.10469 0.29219 0.04687 0.03437
4 0.74844 0.44844 0.04688 0.03437
4 0.30312 0.90312 0.05 0.025
4 0.17031 0.35156 0.04688 0.03438
4 0.25156 0.42344 0.03437 0.02813
4 0.2625 0.55 0.05625 0.03125
4 0.94062 0.70469 0.0375 0.02812
4 0.01719 0.48438 0.03438 0.03125
4 0.26406 0.15 0.04062 0.03125
4 0.79531 0.11719 0.04063 0.05312
4 0.5125 0.79531 0.0375 0.03438
4 0.74063 0.69219 0.0375 0.02813
4 0.89531 0.47969 0.04688 0.04063
4 0.33125 0.325 0.04375 0.025
4 0.34531 0.50313 0.04688 0.03125
4 0.18125 0.18594 0.05 0.03437
4 0.69062 0.02969 0.05625 0.04062
4 0.36875 0.36094 0.05625 0.02813
4 0.4375 0.11406 0.05 0.04062
4 0.74063 0.0875 0.0375 0.0375
4 0.76562 0.54844 0.04375 0.03438
4 0.96406 0.90938 0.04688 0.0375
4 0.1 0.3875 0.05 0.0375
4 0.34219 0.81406 0.04688 0.02812
4 0.04688 0.63906 0.04375 0.02812
4 0.13906 0.15 0.04688 0.025
4 0.61406 0.12812 0.03437 0.0375
