5 0.98438 0.07344 0.03125 0.05938
5 0.94688 0.19688 0.05 0.04375
5 0.92344 0.24844 0.04688 0.04687
5 0.90156 0.30937 0.03437 0.05
5 0.07812 0.05938 0.05625 0.0375
5 0.15781 0.06719 0.04062 0.04688
48 0.67344 0.37812 0.20937 0.24375
48 0.49531 0.21406 0.63438 0.42812
48 0.55 0.70156 0.0875 0.03438
5 0.58281 0.73594 0.08437 0.03438
5 0.57031 0.75781 0.07187 0.02812
5 0.57344 0.78594 0.07812 0.03437
5 0.56719 0.8125 0.06562 0.025
5 0.57031 0.83281 0.08438 0.03437
5 0.66094 0.80938 0.07188 0.03125
7 0.425 0.89375 0.04375 0.05625
5 0.2875 0.8125 0.0625 0.03125
5 0.30469 0.87188 0.03438 0.05
5 0.34375 0.87969 0.0375 0.04688
5 0.37969 0.88438 0.04688 0.05
5 0.79219 0.99062 0.05938 0.01875
5 0.78281 0.82031 0.04063 0.04688
5 0.68906 0.77031 0.07188 0.04063
5 0.92344 0.70938 0.07188 0.0375
48 0.94844 0.81094 0.10313 0.37813
48 0.40156 0.94375 0.34687 0.1125
