48 0.74531 0.12812 0.31562 0.25625
48 0.89531 0.39688 0.20937 0.4125
48 0.02031 0.99062 0.04062 0.01875
48 0.40469 0.74531 0.28438 0.29063
5 0.32344 0.50313 0.04688 0.0375
5 0.36406 0.54688 0.04063 0.0375
5 0.39844 0.41094 0.03438 0.04063
5 0.54219 0.3375 0.03437 0.0375
5 0.51406 0.29688 0.03437 0.04375
5 0.67813 0.28438 0.0375 0.04375
48 0.09844 0.89531 0.19688 0.20937
48 0.24219 0.84219 0.29063 0.31563
48 0.825 0.61562 0.28125 0.26875
48 0.14844 0.37344 0.27187 0.30937
48 0.1125 0.16719 0.09375 0.08438
48 0.20312 0.1875 0.13125 0.14375
48 0.08281 0.49688 0.16562 0.30625
48 0.36562 0.28594 0.29375 0.33438
48 0.47656 0.1125 0.27188 0.225
48 0.58281 0.63281 0.27187 0.32187
