53 0.27656 0.93906 0.20312 0.12187
5 0.34844 0.99688 0.05312 0.00625
5 0.34375 0.98438 0.05 0.025
5 0.24531 0.89375 0.04688 0.04375
5 0.15313 0.99062 0.05 0.01875
48 0.1 0.69375 0.2 0.6125
5 0.17188 0.94219 0.03125 0.01562
5 0.34375 0.94062 0.05 0.025
5 0.25625 0.94844 0.04375 0.04063
5 0.34375 0.96406 0.05 0.01562
5 0.25 0.98438 0.04375 0.03125
5 0.17344 0.96562 0.04062 0.01875
5 0.14688 0.7875 0.04375 0.025
6 0.15625 0.72656 0.09375 0.02812
5 0.21562 0.8 0.025 0.0375
5 0.29219 0.79219 0.02187 0.04063
