48 0.69375 0.89375 0.45 0.2125
5 0.9875 0.3625 0.025 0.025
5 0.93594 0.30625 0.03438 0.025
5 0.98906 0.31719 0.02187 0.02813
5 0.99531 0.25156 0.00938 0.02188
5 0.4875 0.24062 0.04375 0.03125
5 0.40781 0.28906 0.02813 0.04063
5 0.5125 0.44531 0.03125 0.04688
5 0.58438 0.46094 0.0375 0.05312
5 0.68906 0.46875 0.04063 0.0625
5 0.71406 0.47031 0.03437 0.04062
48 0.00156 0.97344 0.00312 0.05312
48 0.21562 0.775 0.43125 0.35
48 0.18125 0.27656 0.3625 0.15938
48 0.20938 0.0875 0.41875 0.175
48 0.25156 0.00312 0.44688 0.00625
48 0.84219 0.66719 0.24687 0.44688
5 0.6375 0.29219 0.05 0.02813
5 0.6375 0.31875 0.0375 0.025
5 0.47969 0.33594 0.05312 0.02812
5 0.47344 0.35469 0.04688 0.02813
5 0.39062 0.34531 0.03125 0.04688
48 0.2375 0.44844 0.475 0.37812
53 0.46094 0.23594 0.17813 0.27812
53 0.68438 0.22344 0.14375 0.29063
53 0.88281 0.24844 0.14688 0.29063
53 0.98906 0.22656 0.02187 0.20937
53 0.63125 0.43125 0.275 0.15625
