9 0.60469 0.56563 0.22813 0.0875
53 0.57969 0.35156 0.84062 0.70312
53 0.89062 0.9 0.21875 0.2
45 0.00156 0.95625 0.00312 0.08125
5 0.71562 0.15 0.03125 0.05
5 0.99375 0.94844 0.0125 0.02187
5 0.7375 0.00469 0.03125 0.00938
5 0.65938 0.09375 0.025 0.04375
5 0.21875 0.53594 0.0625 0.04688
5 0.16094 0.9375 0.03438 0.0625
5 0.10469 0.06875 0.03438 0.04375
5 0.4875 0.44375 0.04375 0.05
5 0.95156 0.61406 0.05312 0.02187
5 0.71094 0.00469 0.03438 0.00938
5 0.79375 0.09531 0.0375 0.04688
5 0.65625 0.00469 0.025 0.00938
5 0.08125 0.26562 0.04375 0.0375
5 0.86719 0.65 0.07187 0.025
5 0.7625 0.00312 0.03125 0.00625
5 0.90938 0.14531 0.025 0.05313
5 0.6875 0.09531 0.03125 0.05312
5 0.38125 0.62656 0.06875 0.04063
5 0.60156 0.00469 0.02812 0.00938
5 0.74375 0.14844 0.03125 0.04688
5 0.91094 0.1 0.02813 0.0375
5 0.85156 0.10156 0.02812 0.04688
5 0.8 0.15313 0.03125 0.05625
5 0.99062 0.84375 0.01875 0.025
5 0.88594 0.99688 0.05938 0.00625
5 0.62969 0.1 0.03437 0.05
5 0.10156 0.65 0.04062 0.0625
5 0.92188 0.2625 0.03125 0.04375
5 0.725 0.65 0.05 0.03125
5 0.99062 0.82344 0.01875 0.02187
5 0.99375 0.92344 0.0125 0.02187
5 0.84375 0.00312 0.0375 0.00625
5 0.83438 0.2625 0.03125 0.04375
5 0.99688 0.9 0.00625 0.025
5 0.88437 0.09844 0.0375 0.04062
5 0.40312 0.32344 0.03125 0.05312
5 0.99531 0.97031 0.00938 0.02187
5 0.54844 0.00781 0.04063 0.01562
5 0.28281 0.1125 0.03437 0.04375
5 0.99375 0.86563 0.0125 0.025
5 0.85156 0.14531 0.02812 0.04688
5 0.76562 0.09531 0.03125 0.05938
5 0.275 0.79844 0.075 0.04063
5 0.65781 0.14688 0.03438 0.05
5 0.99844 0.98906 0.00313 0.02187
