48 0.32969 0.2125 0.65938 0.425
5 0.04844 0.72031 0.06562 0.04063
5 0.10156 0.70312 0.04688 0.03125
5 0.02188 0.73594 0.04375 0.03438
48 0.0125 0.775 0.025 0.10625
5 0.23438 0.79531 0.0625 0.04063
48 0.30156 0.73125 0.23438 0.14375
48 0.15469 0.60938 0.15937 0.1
48 0.04688 0.51406 0.09375 0.11563
48 0.7 0.53906 0.2375 0.13437
48 0.40781 0.57656 0.21562 0.14062
48 0.66406 0.38438 0.13437 0.1
48 0.93125 0.00312 0.09375 0.00625
48 0.86406 0.03594 0.19062 0.07187
5 0.98438 0.92031 0.03125 0.03438
5 0.92813 0.9625 0.06875 0.04375
5 0.97188 0.99844 0.05 0.00313
48 0.99531 0.94688 0.00938 0.10625
