48 0.06406 0.01719 0.12812 0.03438
48 0.76094 0.07344 0.47812 0.14688
48 0.83125 0.33594 0.3375 0.47188
48 0.09375 0.99062 0.1875 0.01875
9 0.05938 0.37656 0.08125 0.05313
9 0.08594 0.42969 0.09687 0.05937
9 0.17969 0.42188 0.09063 0.0625
9 0.13438 0.48906 0.1 0.06562
5 0.36719 0.48125 0.05937 0.0375
5 0.42031 0.47969 0.06562 0.04688
5 0.49375 0.53125 0.06875 0.04375
5 0.35938 0.51719 0.05625 0.04688
5 0.42188 0.52031 0.05 0.04063
5 0.46719 0.54688 0.05938 0.04375
5 0.51562 0.575 0.05625 0.05
5 0.48438 0.59219 0.0625 0.03438
5 0.33125 0.56406 0.08125 0.04688
5 0.35625 0.58438 0.0625 0.04375
5 0.39375 0.60469 0.06875 0.04063
5 0.29688 0.59844 0.06875 0.04688
5 0.34531 0.63594 0.06562 0.04688
5 0.4 0.66562 0.05625 0.04375
5 0.45156 0.69688 0.05938 0.04375
13 0.97031 0.64375 0.05937 0.075
48 0.89844 0.56094 0.18437 0.11562
5 0.82031 0.6 0.07187 0.0375
5 0.76406 0.6375 0.07188 0.04375
9 0.90312 0.66406 0.0875 0.05937
9 0.89219 0.71562 0.08437 0.06875
9 0.86563 0.77812 0.0875 0.05625
5 0.99688 0.69531 0.00625 0.04062
9 0.97188 0.76406 0.05625 0.05312
9 0.92656 0.80781 0.08437 0.05938
5 0.31094 0.90625 0.03437 0.04375
5 0.39531 0.92188 0.04688 0.04375
5 0.4375 0.92969 0.05 0.04688
5 0.48125 0.93594 0.0375 0.04688
5 0.64375 0.96562 0.05625 0.05625
5 0.72969 0.98438 0.03437 0.03125
5 0.76719 0.98594 0.04063 0.02812
9 0.80781 0.98906 0.04063 0.02187
5 0.84688 0.99219 0.0375 0.01562
5 0.88125 0.99844 0.0375 0.00313
5 0.06562 0.11719 0.075 0.04688
5 0.29375 0.00625 0.0875 0.0125
5 0.49062 0.00781 0.05625 0.01562
5 0.92656 0.11562 0.06562 0.0375
9 0.94375 0.08438 0.0875 0.04375
5 0.97812 0.04844 0.04375 0.03438
9 0.17969 0.525 0.11562 0.0625
5 0.03281 0.35781 0.05312 0.04062
53 0.15156 0.44375 0.25938 0.1875
53 0.425 0.57969 0.2875 0.26562
5 0.54688 0.19219 0.05625 0.04688
5 0.17031 0.18125 0.05938 0.04375
53 0.94219 0.08281 0.11562 0.11562
5 0.03438 0.97656 0.06875 0.04062
5 0.06875 0.9875 0.06875 0.025
53 0.10781 0.97812 0.21562 0.04375
53 0.39062 0.92656 0.2375 0.07188
53 0.80938 0.97969 0.38125 0.04063
13 0.95938 0.81094 0.08125 0.09062
48 0.99844 0.88906 0.00313 0.13438
5 0.8125 0.72812 0.0625 0.05
9 0.83281 0.76094 0.07812 0.05312
53 0.88125 0.725 0.2375 0.2875
5 0.72188 0.19375 0.05 0.0375
48 0.73125 0.67031 0.1125 0.06563
