48 0.85312 0.53125 0.29375 0.9375
5 0.13125 0.24062 0.03125 0.05
5 0.17344 0.23438 0.02813 0.0375
5 0.25 0.28438 0.03125 0.04375
5 0.17969 0.64062 0.02813 0.04375
5 0.02188 0.66562 0.025 0.0375
5 0.05781 0.67031 0.02812 0.04063
5 0.14062 0.68594 0.025 0.03438
10 0.60312 0.4875 0.0625 0.03125
10 0.6 0.53281 0.08125 0.04063
5 0.53281 0.50781 0.05937 0.02812
10 0.5625 0.59844 0.08125 0.03437
10 0.49375 0.64062 0.08125 0.05
10 0.54375 0.66875 0.075 0.03125
10 0.6875 0.54688 0.04375 0.06875
8 0.66406 0.6375 0.02812 0.04375
10 0.47031 0.72344 0.06563 0.03437
5 0.53281 0.70156 0.04688 0.02187
5 0.53281 0.72031 0.04688 0.02187
5 0.45312 0.8 0.0375 0.01875
8 0.39531 0.57031 0.05938 0.04062
5 0.38438 0.60312 0.075 0.03125
10 0.3125 0.64375 0.05625 0.05625
8 0.35625 0.69531 0.05625 0.03438
10 0.32969 0.79219 0.07812 0.02813
10 0.63438 0.725 0.04375 0.06875
5 0.50313 0.83594 0.0375 0.03438
5 0.49375 0.86719 0.04375 0.04688
5 0.43281 0.88281 0.04688 0.02812
5 0.57656 0.91094 0.02812 0.04063
5 0.475 0.91094 0.0375 0.03437
8 0.42188 0.94375 0.05625 0.03125
5 0.2375 0.93281 0.03125 0.03437
5 0.22812 0.97969 0.05 0.02187
5 0.27344 0.98438 0.04688 0.025
5 0.45469 0.97969 0.05313 0.02813
5 0.45 0.99531 0.04375 0.00938
5 0.4 0.99531 0.04375 0.00938
5 0.55 0.99844 0.025 0.00313
5 0.63906 0.99688 0.02812 0.00625
5 0.65312 0.96562 0.025 0.0375
5 0.56875 0.97031 0.03125 0.04063
5 0.66562 0.90781 0.025 0.04063
5 0.70469 0.77188 0.03438 0.04375
5 0.69844 0.99688 0.04688 0.00625
5 0.8125 0.97969 0.025 0.04063
8 0.81719 0.94062 0.03437 0.04375
5 0.7125 0.96094 0.05 0.02188
5 0.71562 0.94219 0.04375 0.02187
5 0.92188 0.9625 0.05625 0.03125
10 0.73281 0.86562 0.07188 0.03125
5 0.83438 0.83438 0.03125 0.0375
5 0.85 0.79219 0.025 0.03437
5 0.75938 0.78594 0.04375 0.02187
5 0.7625 0.76875 0.04375 0.01875
5 0.7875 0.74844 0.05 0.02812
5 0.86406 0.75 0.02813 0.0375
10 0.97188 0.73594 0.05625 0.02812
10 0.925 0.92969 0.075 0.03438
5 0.94375 0.90469 0.05 0.02187
5 0.94062 0.88281 0.0625 0.02188
5 0.95156 0.85781 0.05937 0.02812
5 0.9625 0.83594 0.05625 0.02188
5 0.96875 0.82031 0.05625 0.02188
5 0.96875 0.80156 0.05625 0.02187
5 0.9625 0.77812 0.0625 0.025
10 0.77812 0.70469 0.075 0.02812
5 0.7875 0.67031 0.06875 0.02812
5 0.79688 0.64688 0.05625 0.025
5 0.80625 0.62969 0.05 0.02187
5 0.80781 0.60781 0.05312 0.02187
8 0.82187 0.58906 0.05625 0.02813
8 0.77344 0.5375 0.03438 0.0625
5 0.83281 0.54375 0.04688 0.025
5 0.83594 0.51875 0.04062 0.025
5 0.84062 0.50156 0.04375 0.02187
5 0.85 0.48594 0.04375 0.02188
11 0.97656 0.40938 0.04688 0.04375
11 0.97656 0.37656 0.04688 0.05313
5 0.87656 0.38594 0.05937 0.02187
5 0.81719 0.34062 0.02813 0.05
48 0.98906 0.17031 0.02187 0.18438
53 0.5875 0.70938 0.6625 0.58125
