48 0.39219 0.16562 0.20938 0.20625
48 0.00156 0.85469 0.00312 0.11562
48 0.03438 0.72188 0.06875 0.1
48 0.69375 0.44219 0.13125 0.12812
48 0.17656 0.70156 0.10938 0.09688
48 0.12969 0.8125 0.12187 0.0875
48 0.05781 0.85156 0.11562 0.08438
5 0.04844 0.60469 0.04687 0.02813
5 0.01719 0.63906 0.03438 0.03438
5 0.225 0.52812 0.05 0.03125
51 0.72188 0.7375 0.1875 0.2
48 0.34688 0.80156 0.09375 0.09063
48 0.91719 0.82969 0.16563 0.09688
48 0.20312 0.12656 0.40625 0.25312
48 0.45312 0.98906 0.24375 0.02187
48 0.50781 0.78125 0.27812 0.1125
48 0.50625 0.68438 0.1875 0.11875
5 0.37812 0.48125 0.0625 0.0375
48 0.87344 0.62656 0.25313 0.27812
48 0.86562 0.46875 0.26875 0.25
48 0.03594 0.21562 0.07187 0.1625
48 0.43281 0.95625 0.27812 0.0875
48 0.00938 0.54844 0.01875 0.18438
5 0.32969 0.49844 0.04062 0.03437
5 0.9875 0.98906 0.025 0.02187
48 0.48125 0.35469 0.225 0.14062
48 0.85312 0.96719 0.13125 0.06563
48 0.89375 0.14219 0.2125 0.28438
48 0.08594 0.94219 0.17188 0.11562
51 0.63437 0.63594 0.1625 0.12812
5 0.96562 0.95938 0.04375 0.0375
5 0.18438 0.53906 0.04375 0.04062
48 0.75781 0.93906 0.15312 0.12187
48 0.28594 0.62813 0.15937 0.16875
5 0.47344 0.46562 0.05312 0.0375
5 0.26719 0.50781 0.05313 0.02812
48 0.28438 0.40938 0.225 0.15625
51 0.04688 0.49531 0.09375 0.17188
5 0.11562 0.56563 0.05625 0.0375
48 0.58438 0.49688 0.1875 0.16875
48 0.01719 0.7875 0.03438 0.13125
48 0.47188 0.58281 0.14375 0.10313
48 0.13594 0.62031 0.17812 0.10938
5 0.68438 0.33281 0.05625 0.04063
48 0.64062 0.23125 0.2125 0.18125
48 0.38281 0.55 0.13438 0.10625
51 0.15313 0.44375 0.1875 0.16875
51 0.95625 0.92969 0.0875 0.14062
48 0.67188 0.06094 0.29375 0.12188
48 0.15156 0.775 0.27812 0.125
