48 0.91406 0.06875 0.17188 0.1375
5 0.89375 0.14062 0.05625 0.05
48 0.73594 0.10625 0.32188 0.2125
48 0.01875 0.97344 0.0375 0.05312
5 0.05938 0.76406 0.04375 0.02812
5 0.25625 0.65781 0.04375 0.03438
51 0.89688 0.9375 0.20625 0.125
48 0.025 0.64219 0.05 0.32187
48 0.11094 0.54531 0.22188 0.32188
48 0.1875 0.30781 0.1625 0.12188
48 0.25312 0.45312 0.2875 0.25625
48 0.40625 0.325 0.26875 0.2875
48 0.64531 0.75 0.29063 0.375
48 0.48594 0.83125 0.27812 0.275
48 0.30312 0.90469 0.275 0.19063
48 0.13281 0.96719 0.26562 0.06563
48 0.95781 0.525 0.08437 0.25
