48 0.47344 0.65156 0.09063 0.07188
48 0.65938 0.69844 0.09375 0.07812
48 0.11094 0.32031 0.09687 0.10938
13 0.10781 0.22188 0.10938 0.1
8 0.25781 0.35938 0.05937 0.05625
8 0.25156 0.29688 0.06562 0.05625
8 0.37656 0.23594 0.06562 0.05313
8 0.50781 0.23438 0.04688 0.0625
57 0.24062 0.17656 0.1125 0.09688
13 0.20312 0.34375 0.1125 0.09375
13 0.24531 0.41406 0.10312 0.09062
13 0.40625 0.29375 0.09375 0.0875
48 0.06875 0.08281 0.1375 0.16562
13 0.32656 0.47812 0.09687 0.09375
13 0.39375 0.42031 0.1125 0.09063
13 0.60781 0.34219 0.05937 0.03437
13 0.54375 0.375 0.09375 0.08125
48 0.73438 0.68438 0.0625 0.08125
48 0.65 0.32656 0.05 0.07187
48 0.44531 0.38281 0.05312 0.05312
48 0.19375 0.14531 0.10625 0.10938
