48 0.07969 0.55469 0.15937 0.89062
5 0.80781 0.30625 0.05312 0.025
48 0.97188 0.05938 0.05625 0.11875
48 0.91562 0.89531 0.16875 0.15313
48 0.10469 0.09219 0.20938 0.18438
48 0.96406 0.21562 0.07188 0.15
48 0.82187 0.94688 0.2875 0.10625
53 0.88125 0.46875 0.2375 0.1875
53 0.78906 0.67344 0.14062 0.30312
5 0.72188 0.85156 0.025 0.03438
5 0.78281 0.65625 0.04688 0.03125
48 0.95625 0.325 0.0875 0.175
10 0.93281 0.28438 0.04688 0.08125
5 0.79688 0.61562 0.05 0.03125
5 0.92656 0.075 0.02813 0.05625
5 0.79062 0.63906 0.05 0.02812
5 0.96562 0.08438 0.025 0.04375
8 0.89219 0.275 0.04063 0.05
5 0.9625 0.53594 0.01875 0.04688
5 0.75469 0.25469 0.02813 0.04063
5 0.99375 0.54531 0.0125 0.03438
5 0.80156 0.59688 0.04688 0.03125
5 0.94531 0.075 0.02812 0.05
51 0.91094 0.65625 0.17812 0.2625
5 0.84844 0.55156 0.04063 0.03437
48 0.9375 0.43906 0.03125 0.05313
5 0.79844 0.08438 0.02812 0.05625
48 0.95938 0.44375 0.0375 0.05
5 0.24688 0.15156 0.0625 0.04688
5 0.76719 0.72188 0.04688 0.03125
