48 0.06875 0.08438 0.1375 0.14375
48 0.07812 0.32656 0.15625 0.25312
48 0.02188 0.23281 0.04375 0.24063
48 0.96875 0.88438 0.0625 0.23125
48 0.27344 0.07031 0.21562 0.14062
48 0.92812 0.97188 0.14375 0.05625
52 0.04375 0.53281 0.0875 0.55937
48 0.24375 0.71562 0.1375 0.15625
48 0.35625 0.77656 0.11875 0.10313
48 0.42812 0.54688 0.35 0.425
48 0.26562 0.92812 0.1875 0.14375
48 0.12969 0.88594 0.22812 0.21563
48 0.46875 0.29844 0.1125 0.12812
48 0.60312 0.34531 0.15 0.17813
5 0.925 0.41094 0.03125 0.04063
48 0.23438 0.30156 0.0875 0.08437
48 0.28125 0.23125 0.09375 0.075
48 0.75938 0.11719 0.3625 0.23438
48 0.97344 0.42656 0.05312 0.16563
48 0.90156 0.65625 0.19688 0.31875
48 0.63125 0.96719 0.28125 0.06563
48 0.13281 0.00312 0.26562 0.00625
5 0.02344 0.99688 0.04688 0.00625
5 0.65625 0.57031 0.03125 0.02812
48 0.17656 0.16094 0.09062 0.10938
8 0.06719 0.66875 0.03438 0.05
5 0.17812 0.62031 0.03125 0.02187
48 0.22031 0.175 0.08438 0.10625
5 0.2375 0.52031 0.0375 0.03437
48 0.10938 0.21719 0.175 0.16562
