5 0.66406 0.1625 0.05313 0.05625
5 0.5625 0.22031 0.0625 0.03437
5 0.77812 0.37344 0.06875 0.04688
5 0.71719 0.58281 0.05937 0.06562
5 0.76719 0.66875 0.05937 0.05625
5 0.84844 0.44688 0.07188 0.05
5 0.88281 0.45938 0.07812 0.0375
5 0.90625 0.4875 0.075 0.04375
5 0.99062 0.57656 0.01875 0.04688
9 0.57187 0.58438 0.11875 0.1
5 0.50469 0.72969 0.07812 0.04688
5 0.60938 0.80469 0.06875 0.04062
5 0.62656 0.82969 0.07188 0.04688
5 0.75625 0.92031 0.075 0.04688
5 0.82656 0.97969 0.07188 0.04063
5 0.43281 0.66875 0.07188 0.05
5 0.67188 0.98281 0.06875 0.03438
5 0.44531 0.81719 0.04688 0.05312
48 0.92969 0.29219 0.14062 0.22812
48 0.87031 0.15937 0.25938 0.2875
48 0.66562 0.08125 0.19375 0.09375
48 0.61875 0.99062 0.3875 0.01875
5 0.58906 0.24219 0.08437 0.04688
5 0.61875 0.25938 0.06875 0.05
5 0.71562 0.33125 0.0875 0.05
8 0.87656 0.71094 0.07188 0.05313
5 0.82812 0.42031 0.075 0.04062
5 0.92969 0.50938 0.07187 0.05
5 0.95781 0.53125 0.07188 0.04375
5 0.80156 0.95938 0.07812 0.04375
