48 0.52969 0.32031 0.14688 0.06563
48 0.72812 0.29531 0.15 0.13438
48 0.78281 0.02344 0.07188 0.04688
48 0.7 0.03125 0.1125 0.0625
48 0.375 0.54062 0.5375 0.175
48 0.2625 0.10625 0.1625 0.15625
48 0.99688 0.32031 0.00625 0.10938
48 0.34531 0.82344 0.39688 0.35312
48 0.375 0.00156 0.1125 0.00312
48 0.89062 0.2 0.175 0.18125
48 0.65 0.10625 0.125 0.075
48 0.85312 0.57187 0.29375 0.13125
48 0.9875 0.19844 0.025 0.13438
48 0.54062 0.09688 0.09375 0.0875
48 0.5875 0.21562 0.175 0.16875
48 0.3875 0.27344 0.14375 0.09688
48 0.25469 0.275 0.12187 0.09375
48 0.89375 0.34531 0.2125 0.10312
48 0.13125 0.24531 0.125 0.12188
48 0.60625 0.00625 0.1 0.0125
48 0.75 0.19844 0.1125 0.07187
5 0.60938 0.05469 0.05 0.03437
48 0.10938 0.09062 0.16875 0.10625
48 0.86094 0.73906 0.27812 0.30312
48 0.40625 0.12969 0.125 0.11562
24 0.52188 0.8625 0.08125 0.16875
30 0.75469 0.93438 0.12188 0.13125
30 0.89219 0.91719 0.21562 0.16563
30 0.60469 0.84688 0.10313 0.30625
5 0.93438 0.425 0.05 0.01875
9 0.10781 0.4625 0.05938 0.06875
5 0.45781 0.38438 0.07812 0.01875
5 0.48281 0.05 0.05937 0.01875
48 0.95781 0.01094 0.08437 0.02188
5 0.20469 0.37188 0.08438 0.025
5 0.10625 0.36094 0.0625 0.02813
5 0.77969 0.40469 0.04688 0.02813
5 0.56563 0.43125 0.0625 0.03125
5 0.69688 0.71719 0.01875 0.05312
5 0.56719 0.39062 0.07188 0.03125
5 0.35469 0.37969 0.04688 0.02187
5 0.88438 0.43125 0.04375 0.025
5 0.95938 0.04219 0.0375 0.04062
5 0.98438 0.42969 0.03125 0.02187
