5 0.79219 0.82344 0.04063 0.02813
5 0.90781 0.78906 0.04063 0.03438
5 0.9 0.77031 0.04375 0.02813
5 0.77656 0.7875 0.04688 0.025
5 0.76875 0.77344 0.05 0.02812
5 0.7375 0.74219 0.04375 0.02188
5 0.7125 0.70938 0.05 0.03125
5 0.85 0.70312 0.05 0.03125
5 0.83906 0.68594 0.06562 0.02187
5 0.83125 0.66875 0.0625 0.025
5 0.82031 0.65312 0.04688 0.0125
5 0.65469 0.63125 0.04688 0.025
5 0.78125 0.60938 0.04375 0.025
5 0.77031 0.59062 0.04063 0.01875
5 0.75469 0.57812 0.04688 0.025
5 0.64375 0.60938 0.05625 0.025
5 0.63594 0.59219 0.04688 0.02187
5 0.625 0.57969 0.05625 0.02187
5 0.73906 0.5625 0.04688 0.01875
5 0.72656 0.55 0.05313 0.03125
5 0.72031 0.52969 0.05312 0.02812
5 0.60156 0.54844 0.04688 0.02187
5 0.70938 0.5125 0.05 0.01875
5 0.575 0.51875 0.05625 0.025
5 0.55156 0.49062 0.05312 0.03125
5 0.69531 0.5 0.04688 0.025
5 0.6875 0.48125 0.05 0.025
5 0.65625 0.45156 0.05625 0.02813
5 0.53281 0.45625 0.04688 0.025
5 0.51406 0.44219 0.05313 0.02813
5 0.6375 0.42188 0.05 0.0375
5 0.61406 0.39062 0.04688 0.025
5 0.4875 0.37812 0.0375 0.03125
5 0.47656 0.35781 0.04688 0.02813
5 0.59844 0.35625 0.05938 0.0375
5 0.58594 0.32188 0.04688 0.025
5 0.57344 0.30156 0.04063 0.02813
5 0.575 0.28438 0.04375 0.01875
5 0.44062 0.28438 0.0375 0.025
5 0.43906 0.26094 0.04688 0.02187
5 0.42812 0.23906 0.04375 0.01562
5 0.51406 0.19844 0.04063 0.02188
5 0.52344 0.2125 0.03438 0.025
5 0.53438 0.23438 0.04375 0.025
5 0.55156 0.25156 0.04688 0.02188
53 0.62656 0.47344 0.62813 0.72812
