48 0.3 0.74062 0.225 0.09375
48 0.25469 0.82969 0.20312 0.09062
48 0.17656 0.97656 0.19062 0.04688
48 0.23594 0.91562 0.20938 0.08125
48 0.29844 0.65 0.19687 0.0875
48 0.51562 0.95781 0.19375 0.08437
48 0.50156 0.86406 0.17812 0.09063
48 0.55937 0.78438 0.16875 0.0875
48 0.56094 0.69219 0.17813 0.08437
48 0.80469 0.6 0.08438 0.075
48 0.67969 0.51875 0.15312 0.1375
48 0.55937 0.52344 0.13125 0.14062
48 0.44688 0.46406 0.15 0.15937
48 0.31875 0.47344 0.13125 0.13438
48 0.2125 0.42812 0.13125 0.13125
48 0.09688 0.43281 0.11875 0.13438
48 0.02969 0.38438 0.05938 0.13125
48 0.03594 0.94375 0.07187 0.0875
5 0.60781 0.625 0.05937 0.0375
5 0.43281 0.6875 0.04063 0.04375
5 0.40312 0.76719 0.03125 0.04063
5 0.13906 0.6 0.05312 0.06875
