5 0.00938 0.79375 0.01875 0.03125
5 0.00156 0.86094 0.00312 0.03438
5 0.00469 0.74531 0.00938 0.03437
5 0.01094 0.9875 0.02188 0.025
5 0.03438 0.98125 0.01875 0.0375
5 0.00469 0.95781 0.00938 0.03437
5 0.01875 0.95781 0.01875 0.03437
5 0.00938 0.91875 0.01875 0.03125
5 0.03125 0.92188 0.01875 0.03125
5 0.01094 0.63281 0.02188 0.04062
5 0.03125 0.6375 0.01875 0.0375
5 0.00625 0.66719 0.0125 0.03437
5 0.02031 0.67344 0.01562 0.03438
5 0.00938 0.70938 0.01875 0.04375
5 0.03438 0.69844 0.01875 0.03437
5 0.02656 0.73125 0.02188 0.03125
5 0.02031 0.7625 0.02188 0.03125
5 0.04062 0.76875 0.01875 0.03125
5 0.02969 0.80781 0.02188 0.03437
5 0.02188 0.84375 0.01875 0.0375
5 0.01562 0.88281 0.025 0.03438
5 0.03906 0.88281 0.02188 0.03438
5 0.04531 0.84531 0.02188 0.03438
5 0.06094 0.88281 0.02187 0.03438
5 0.06875 0.85 0.01875 0.03125
5 0.075 0.81094 0.025 0.04063
5 0.08125 0.77812 0.01875 0.03125
5 0.07187 0.99062 0.01875 0.01875
5 0.09219 0.99375 0.02187 0.0125
5 0.11719 0.99531 0.02187 0.00938
5 0.1375 0.99844 0.01875 0.00313
5 0.1875 0.9875 0.01875 0.025
5 0.16719 0.98125 0.01562 0.03125
5 0.14688 0.975 0.01875 0.0375
5 0.125 0.97188 0.025 0.03125
5 0.10312 0.96719 0.01875 0.03438
5 0.08281 0.9625 0.02188 0.0375
5 0.09063 0.92656 0.01875 0.03437
5 0.11406 0.93281 0.02188 0.03437
5 0.13281 0.93438 0.02187 0.0375
5 0.15313 0.94062 0.01875 0.0375
5 0.17656 0.94687 0.02188 0.0375
5 0.18438 0.90781 0.01875 0.03438
5 0.1625 0.9 0.025 0.0375
5 0.14375 0.89688 0.01875 0.0375
5 0.12188 0.9 0.01875 0.03125
5 0.1 0.89531 0.01875 0.03437
5 0.11094 0.86094 0.02187 0.03438
5 0.15156 0.85938 0.02188 0.0375
5 0.17188 0.87188 0.01875 0.03125
5 0.19844 0.84844 0.02188 0.02813
5 0.18125 0.83594 0.025 0.04062
5 0.15937 0.82656 0.025 0.02812
5 0.13906 0.82812 0.01562 0.03125
5 0.11719 0.82812 0.02187 0.03125
5 0.12969 0.79531 0.02188 0.03438
5 0.15 0.79688 0.01875 0.03125
5 0.19062 0.8 0.025 0.03125
5 0.17188 0.78906 0.01875 0.03438
5 0.2 0.76719 0.01875 0.03438
5 0.18281 0.75 0.02188 0.0375
5 0.15469 0.77188 0.02188 0.03125
5 0.13438 0.76719 0.01875 0.02812
5 0.14219 0.74062 0.02188 0.03125
5 0.16563 0.73906 0.025 0.02813
5 0.21094 0.72969 0.02187 0.03437
5 0.19375 0.71562 0.025 0.03125
5 0.17344 0.70938 0.02188 0.03125
5 0.15313 0.70781 0.025 0.03437
5 0.24531 0.7 0.02187 0.0375
5 0.22031 0.69375 0.02188 0.0375
5 0.20312 0.67969 0.01875 0.03438
5 0.05313 0.81094 0.025 0.03438
5 0.06094 0.77344 0.02187 0.03438
5 0.08906 0.75 0.01562 0.03125
5 0.09687 0.71719 0.01875 0.03438
5 0.06875 0.7375 0.01875 0.0375
5 0.05 0.73125 0.01875 0.0375
5 0.07656 0.7 0.01562 0.0375
5 0.05781 0.69375 0.02188 0.0375
5 0.08906 0.66094 0.02188 0.04063
5 0.06562 0.65469 0.025 0.04063
5 0.07187 0.60938 0.025 0.04375
11 0.27969 0.97031 0.07812 0.05937
5 0.57031 0.18125 0.02812 0.05625
5 0.33281 0.60938 0.06562 0.025
5 0.23594 0.5375 0.04688 0.025
5 0.00781 0.82031 0.01562 0.03438
5 0.12969 0.86563 0.02188 0.0375
5 0.19062 0.87812 0.01875 0.025
28 0.74688 0.17344 0.19375 0.34688
23 0.5 0.95625 0.25625 0.0875
48 0.2125 0.29375 0.425 0.5875
48 0.50313 0.32656 0.525 0.65312
