5 0.51562 0.00469 0.05625 0.00938
48 0.75469 0.25469 0.15313 0.05937
48 0.49219 0.15781 0.12187 0.12812
48 0.73125 0.82344 0.2125 0.14687
48 0.01562 0.22969 0.03125 0.15313
48 0.93281 0.35156 0.09687 0.10938
5 0.27812 0.02188 0.06875 0.025
5 0.59844 0.31562 0.02813 0.0625
48 0.0875 0.56875 0.125 0.13125
48 0.36094 0.14219 0.04688 0.11562
48 0.26562 0.78125 0.1125 0.1375
48 0.11719 0.40938 0.11562 0.10625
48 0.90156 0.96406 0.05938 0.07188
48 0.13125 0.27187 0.09375 0.1125
48 0.46406 0.32656 0.15937 0.08438
48 0.02969 0.5625 0.05938 0.15
48 0.40312 0.95781 0.1625 0.05312
48 0.95469 0.48906 0.09062 0.09063
48 0.95938 0.87344 0.05 0.17188
48 0.75625 0.325 0.14375 0.1
48 0.99375 0.83438 0.0125 0.0875
48 0.19844 0.57656 0.17188 0.17813
48 0.78906 0.62031 0.15938 0.16563
48 0.99531 0.49688 0.00938 0.0875
48 0.04688 0.77656 0.075 0.12812
48 0.9875 0.98594 0.025 0.02812
48 0.05938 0.25938 0.05625 0.1
48 0.125 0.7875 0.075 0.15
48 0.97812 0.64531 0.04375 0.12188
48 0.99219 0.61094 0.01562 0.10313
5 0.58281 0.53594 0.02813 0.05938
5 0.57812 0.6125 0.0375 0.05625
48 0.70781 0.43594 0.14062 0.09687
48 0.71562 0.94062 0.25 0.11875
48 0.32031 0.44531 0.05937 0.09688
48 0.8875 0.85625 0.0875 0.15
48 0.6875 0.58281 0.1375 0.17812
48 0.95 0.97344 0.03125 0.05312
48 0.29219 0.13281 0.09688 0.15313
48 0.43437 0.44062 0.14375 0.13125
48 0.45781 0.25313 0.16563 0.075
48 0.40469 0.98594 0.15313 0.02812
48 0.42656 0.88906 0.14687 0.10938
48 0.40938 0.80312 0.175 0.10625
48 0.275 0.96562 0.075 0.06875
48 0.41406 0.6125 0.24063 0.14375
48 0.21094 0.27969 0.04688 0.10937
48 0.88125 0.47812 0.09375 0.14375
48 0.19062 0.13125 0.05625 0.15625
48 0.20625 0.42656 0.05625 0.10313
48 0.26406 0.275 0.05313 0.1125
48 0.92969 0.19844 0.14062 0.17188
5 0.56406 0.83281 0.02187 0.05312
48 0.42188 0.1375 0.08125 0.13125
48 0.08594 0.10312 0.17188 0.20625
48 0.775 0.16094 0.15 0.12812
48 0.03281 0.39531 0.06562 0.15937
48 0.33594 0.29375 0.05937 0.125
48 0.07969 0.93438 0.15937 0.125
48 0.91719 0.63594 0.07188 0.13438
5 0.55625 0.91094 0.0375 0.05938
48 0.79375 0.48594 0.14375 0.10938
48 0.20312 0.95625 0.0625 0.0875
48 0.99688 0.33125 0.00625 0.10625
