5 0.29531 0.03438 0.03437 0.04375
5 0.96562 0.33125 0.04375 0.04375
5 0.00312 0.22813 0.00625 0.0375
5 0.06094 0.40938 0.03438 0.05
5 0.6125 0.01719 0.025 0.00937
5 0.82969 0.04531 0.02812 0.04062
5 0.00312 0.06562 0.00625 0.05
5 0.2125 0.45938 0.04375 0.04375
5 0.00781 0.12188 0.01562 0.04375
5 0.59688 0.16406 0.03125 0.04063
6 0.99062 0.10156 0.01875 0.06562
5 0.64688 0.02344 0.01875 0.02188
5 0.02031 0.22812 0.02813 0.04375
5 0.04531 0.08281 0.03438 0.06562
5 0.225 0.125 0.03125 0.0375
5 0.76094 0.03281 0.02813 0.03438
5 0.11719 0.425 0.02813 0.04375
6 0.08438 0.25625 0.0375 0.0625
5 0.025 0.13125 0.03125 0.04375
5 0.69375 0.025 0.025 0.03125
5 0.00938 0.27656 0.01875 0.04688
5 0.00312 0.54688 0.00625 0.0375
5 0.25938 0.2125 0.03125 0.04375
5 0.00938 0.44844 0.01875 0.04688
6 0.95938 0.08594 0.0375 0.08438
5 0.19219 0.28281 0.04062 0.04062
5 0.13281 0.10312 0.02187 0.0375
5 0.06094 0.56875 0.02812 0.0375
5 0.12031 0.2625 0.03438 0.05
5 0.08594 0.13594 0.02813 0.04687
9 0.89688 0.06719 0.03125 0.05938
5 0.03125 0.40469 0.03125 0.04688
5 0.08125 0.41094 0.0375 0.05312
6 0.56563 0.13281 0.04375 0.07188
5 0.85938 0.05625 0.025 0.03125
9 0.79219 0.04688 0.04063 0.05625
5 0.02969 0.2875 0.03438 0.04375
5 0.01406 0.07969 0.02812 0.05312
5 0.11094 0.09375 0.03437 0.04375
5 0.00938 0.40312 0.01875 0.05
5 0.73125 0.03125 0.025 0.0375
5 0.04844 0.23594 0.02812 0.03437
5 0.07969 0.08438 0.03438 0.05
5 0.24844 0.13438 0.03437 0.0375
5 0.08281 0.30469 0.02812 0.04063
5 0.05469 0.13594 0.02813 0.04687
5 0.1625 0.11875 0.0375 0.04375
5 0.51562 0.10156 0.03125 0.06562
