5 0.84844 0.42188 0.05938 0.0375
5 0.03125 0.46406 0.05 0.02187
48 0.03281 0.82344 0.06562 0.18438
48 0.03594 0.56563 0.07187 0.14375
48 0.13281 0.6125 0.12188 0.225
48 0.33594 0.67344 0.10938 0.10313
48 0.33281 0.53281 0.08437 0.07187
48 0.44688 0.53281 0.09375 0.07187
48 0.45312 0.60156 0.08125 0.07187
48 0.11875 0.77969 0.0625 0.09062
48 0.13594 0.91094 0.05313 0.12188
48 0.23438 0.81875 0.1 0.16875
48 0.44531 0.76406 0.09062 0.06563
48 0.62656 0.80469 0.16563 0.14688
48 0.43125 0.91406 0.13125 0.04688
48 0.63906 0.66094 0.14687 0.12188
48 0.66562 0.52969 0.225 0.12812
48 0.79062 0.82656 0.11875 0.10938
48 0.92344 0.91406 0.15312 0.14062
48 0.96562 0.96406 0.06875 0.07188
48 0.85625 0.66406 0.19375 0.26562
48 0.2625 0.51719 0.05 0.05312
48 0.44062 0.68438 0.1 0.0875
48 0.52812 0.6625 0.06875 0.11875
48 0.91875 0.77812 0.1625 0.275
48 0.75469 0.96719 0.09687 0.06563
48 0.08438 0.06094 0.16875 0.12188
48 0.18125 0.0625 0.21875 0.125
48 0.31719 0.11406 0.07812 0.05937
48 0.1875 0.14375 0.04375 0.04375
9 0.24844 0.1375 0.05938 0.03125
48 0.32812 0.00312 0.0875 0.00625
48 0.49375 0.05469 0.08125 0.10938
48 0.44844 0.14688 0.08437 0.05
48 0.51406 0.125 0.05313 0.06875
48 0.60625 0.125 0.10625 0.1125
48 0.85156 0.03125 0.13437 0.0625
48 0.90469 0.16875 0.06563 0.075
48 0.43125 0.07656 0.075 0.09062
48 0.975 0.2375 0.05 0.1125
48 0.98281 0.09844 0.03438 0.19688
