48 0.74219 0.14219 0.19063 0.19688
29 0.1875 0.56094 0.06875 0.08437
48 0.50313 0.10312 0.6 0.20625
5 0.15781 0.00781 0.04688 0.01562
5 0.21406 0.0375 0.04062 0.04375
5 0.23281 0.02188 0.03437 0.0375
5 0.25 0.01406 0.04375 0.02812
48 0.31875 0.00156 0.18125 0.00312
5 0.1625 0.02188 0.05 0.03125
48 0.03281 0.02812 0.06562 0.05625
29 0.20781 0.55 0.06563 0.08125
29 0.22656 0.53594 0.06563 0.08437
29 0.24531 0.52344 0.07187 0.09062
29 0.30938 0.42344 0.18125 0.22188
29 0.35469 0.39219 0.18438 0.22188
29 0.93438 0.01719 0.13125 0.03438
29 0.67188 0.22031 0.3625 0.38438
29 0.47656 0.31094 0.20312 0.20938
24 0.11406 0.45781 0.07187 0.05312
29 0.27187 0.47969 0.175 0.21562
