48 0.49219 0.43437 0.32812 0.2375
48 0.4625 0.00312 0.0875 0.00625
48 0.70938 0.46719 0.3875 0.47188
48 0.04688 0.97969 0.09375 0.04063
48 0.96094 0.31562 0.07812 0.09375
5 0.9875 0.57031 0.025 0.04062
48 0.91562 0.07656 0.16875 0.15313
48 0.93906 0.175 0.12187 0.06875
5 0.99219 0.37812 0.01562 0.025
48 0.9875 0.50781 0.025 0.19063
51 0.82969 0.79531 0.34062 0.22813
51 0.90312 0.89531 0.19375 0.20937
5 0.18125 0.97969 0.0375 0.04063
5 0.4625 0.86562 0.0375 0.04375
5 0.69219 0.00156 0.04063 0.00312
5 0.225 0.96406 0.0375 0.03437
5 0.95938 0.37812 0.03125 0.03125
5 0.92969 0.32656 0.02812 0.03437
5 0.45938 0.04219 0.04375 0.02188
48 0.95 0.24062 0.1 0.0625
5 0.59688 0.01406 0.05 0.02812
5 0.87656 0.19375 0.03438 0.03125
48 0.36875 0.21094 0.2 0.16563
53 0.25781 0.9375 0.51562 0.125
5 0.81719 0.07969 0.04688 0.04063
5 0.27344 0.94531 0.04063 0.04688
5 0.37969 0.89375 0.03437 0.0375
5 0.41406 0.05625 0.04688 0.025
5 0.44375 0.87656 0.0375 0.03438
5 0.84531 0.12344 0.03438 0.04062
48 0.6875 0.12656 0.125 0.06562
5 0.20156 0.96719 0.04062 0.04063
5 0.15156 0.98281 0.03438 0.03438
5 0.98594 0.47031 0.02812 0.02813
5 0.41719 0.88125 0.03437 0.0375
48 0.71719 0.19688 0.10938 0.06875
5 0.64844 0.00469 0.04688 0.00938
5 0.33594 0.91094 0.03438 0.04688
5 0.31094 0.925 0.03437 0.04375
5 0.13281 0.98594 0.04063 0.02812
5 0.9 0.25625 0.025 0.03125
5 0.51094 0.02969 0.05938 0.02812
5 0.30469 0.12656 0.04063 0.02188
5 0.99375 0.51094 0.0125 0.03437
48 0.51875 0.1875 0.08125 0.11875
48 0.32969 0.02344 0.22188 0.04688
