9 0.05781 0.325 0.11562 0.05
5 0.47344 0.42812 0.07812 0.03125
5 0.575 0.46719 0.075 0.03437
5 0.92031 0.59531 0.07188 0.03438
5 0.77969 0.67344 0.06563 0.03438
5 0.95312 0.65312 0.08125 0.0375
5 0.97344 0.44844 0.05312 0.02813
5 0.03438 0.97344 0.0625 0.04688
5 0.01094 0.875 0.02188 0.0375
5 0.13125 0.84688 0.0875 0.05
8 0.12656 0.80625 0.07812 0.05
5 0.37188 0.74844 0.06875 0.04063
5 0.48125 0.80312 0.075 0.03125
5 0.675 0.78906 0.075 0.02812
5 0.64688 0.81562 0.05 0.025
5 0.61094 0.8625 0.05937 0.03125
5 0.55937 0.89062 0.075 0.03125
5 0.49219 0.89219 0.06563 0.03438
5 0.9875 0.9 0.025 0.03125
5 0.99531 0.92656 0.00938 0.02813
5 0.99844 0.95469 0.00313 0.02812
5 0.99062 0.39531 0.01875 0.02813
