10 0.57812 0.05938 0.0375 0.05
6 0.52812 0.06406 0.06875 0.02812
6 0.38906 0.06094 0.05313 0.04062
10 0.42188 0.11875 0.05 0.03125
10 0.54375 0.08281 0.05 0.02188
13 0.64375 0.01562 0.04375 0.03125
5 0.50469 0.17656 0.05938 0.04688
13 0.57656 0.00312 0.07188 0.00625
5 0.04219 0.17656 0.02812 0.02812
48 0.01875 0.05469 0.0375 0.10938
48 0.075 0.00469 0.15 0.00938
55 0.62344 0.38125 0.12813 0.1125
48 0.15469 0.77344 0.30938 0.45312
48 0.90469 0.03125 0.19063 0.0625
48 0.98438 0.85781 0.03125 0.12813
48 0.99844 0.54219 0.00313 0.10313
13 0.50625 0.0125 0.06875 0.025
48 0.70312 0.52812 0.2125 0.19375
48 0.9625 0.88594 0.05 0.02813
13 0.59688 0.01406 0.0875 0.02812
48 0.86719 0.25937 0.26562 0.50625
48 0.20156 0.375 0.40312 0.325
48 0.95625 0.91875 0.0875 0.05
48 0.88594 0.925 0.09063 0.075
