48 0.9625 0.79219 0.075 0.05938
48 0.99219 0.46875 0.01562 0.125
48 0.83906 0.97812 0.19062 0.04375
48 0.01719 0.72188 0.03438 0.05625
34 0.29688 0.63125 0.59375 0.29375
34 0.55781 0.43125 0.60938 0.16875
48 0.95938 0.60469 0.08125 0.09063
48 0.87812 0.21719 0.24375 0.17187
5 0.04219 0.90781 0.04688 0.04063
48 0.92344 0.04844 0.15312 0.09688
5 0.10625 0.02188 0.05 0.04375
48 0.96562 0.96719 0.06875 0.06563
48 0.95469 0.67656 0.09062 0.09687
48 0.93281 0.11094 0.13438 0.12188
48 0.22812 0.95781 0.45625 0.08437
48 0.85 0.93438 0.1375 0.06875
48 0.87031 0.76406 0.10313 0.10938
52 0.5375 0.58438 0.69375 0.66875
5 0.99844 0.83438 0.00313 0.01875
39 0.95625 0.36094 0.0875 0.09063
5 0.05 0.22188 0.05 0.0375
6 0.67031 0.97656 0.04063 0.04688
5 0.09531 0.10938 0.05312 0.04375
48 0.98438 0.525 0.03125 0.08125
