6 0.7875 0.42969 0.2125 0.10313
6 0.9875 0.39219 0.025 0.08438
5 0.8875 0.50781 0.075 0.04688
5 0.8625 0.55625 0.08125 0.04375
48 0.56719 0.54844 0.21563 0.11562
9 0.94531 0.26406 0.10312 0.04687
9 0.9625 0.2375 0.075 0.05
9 0.98281 0.21719 0.03438 0.05313
9 0.99531 0.1875 0.00938 0.05625
5 0.03125 0.5125 0.0625 0.03125
5 0.0875 0.58125 0.05625 0.05625
5 0.10938 0.44375 0.04375 0.04375
5 0.12812 0.49375 0.075 0.0375
5 0.15 0.45625 0.0375 0.0375
5 0.19531 0.47656 0.03437 0.03438
5 0.24531 0.49375 0.03438 0.03125
48 0.47188 0.2375 0.7875 0.475
48 0.22031 0.43594 0.40938 0.17813
6 0.01875 0.00156 0.0375 0.00312
