48 0.50469 0.61719 0.18438 0.20312
48 0.55156 0.74531 0.07188 0.07188
48 0.59062 0.52969 0.2125 0.20312
48 0.72969 0.56406 0.10938 0.13437
48 0.7 0.42031 0.1875 0.21562
48 0.77812 0.33281 0.20625 0.21562
48 0.925 0.35938 0.1 0.125
48 0.89375 0.2125 0.18125 0.21875
48 0.93438 0.11562 0.13125 0.20625
48 0.99688 0.05781 0.00625 0.11562
48 0.90156 0.77344 0.19688 0.24063
48 0.99531 0.89062 0.00938 0.21875
50 0.47656 0.975 0.27188 0.05
47 0.62656 0.98906 0.10313 0.02187
52 0.50625 0.95625 0.1375 0.0875
48 0.98438 0.49844 0.03125 0.35938
