5 0.24062 0.03594 0.0625 0.02188
5 0.23594 0.06094 0.06562 0.02187
5 0.23438 0.07812 0.0625 0.01875
5 0.23594 0.10156 0.06562 0.02188
5 0.21562 0.12656 0.05625 0.02188
5 0.21719 0.15156 0.05938 0.02188
5 0.22031 0.17031 0.05938 0.02188
5 0.32031 0.16875 0.02812 0.0375
5 0.21406 0.20938 0.06563 0.01875
5 0.22656 0.22656 0.06563 0.02187
5 0.32031 0.2125 0.02812 0.0375
5 0.31875 0.25625 0.0375 0.0375
5 0.2375 0.29219 0.025 0.04063
5 0.31875 0.30938 0.0375 0.0375
5 0.24062 0.35156 0.03125 0.04063
5 0.31406 0.36562 0.03437 0.04375
5 0.23438 0.42656 0.03125 0.04063
19 0.42188 0.27187 0.05625 0.05625
19 0.425 0.32656 0.0625 0.05313
19 0.43281 0.41094 0.05312 0.05938
19 0.59531 0.32656 0.06563 0.10938
19 0.6125 0.49062 0.05625 0.1125
19 0.44531 0.51094 0.05312 0.05312
19 0.45312 0.57187 0.05 0.05625
19 0.40625 0.67344 0.05625 0.12187
19 0.4625 0.67812 0.04375 0.0625
19 0.63594 0.65781 0.05938 0.10313
19 0.79219 0.91562 0.07188 0.08125
19 0.80156 0.9875 0.07188 0.025
55 0.93594 0.02031 0.12813 0.04062
