2 0.97656 0.16094 0.04688 0.32188
5 0.7 0.92813 0.0375 0.0375
5 0.64531 0.98125 0.05938 0.0375
5 0.82031 0.17812 0.03438 0.025
5 0.74219 0.89688 0.04688 0.04375
5 0.95781 0.13594 0.03437 0.02188
5 0.84062 0.79688 0.04375 0.04375
5 0.875 0.76094 0.0375 0.04688
5 0.67031 0.96406 0.04063 0.04063
5 0.98125 0.27656 0.0375 0.04063
5 0.6875 0.94688 0.0375 0.04375
5 0.85469 0.77969 0.05312 0.04688
5 0.75625 0.88594 0.05 0.05312
5 0.86563 0.24531 0.0375 0.03438
5 0.72031 0.9125 0.04063 0.05
5 0.80312 0.825 0.05 0.04375
