48 0.29375 0.56719 0.15625 0.15937
48 0.46719 0.65625 0.09687 0.13125
48 0.98438 0.95156 0.03125 0.09688
48 0.275 0.36406 0.1625 0.13438
48 0.60625 0.1875 0.19375 0.19375
48 0.96875 0.64688 0.0625 0.15625
48 0.00312 0.14062 0.00625 0.08125
48 0.16094 0.50625 0.12812 0.075
48 0.18281 0.69688 0.14687 0.16875
48 0.975 0.27969 0.05 0.11563
48 0.0125 0.33125 0.025 0.14375
48 0.13438 0.54375 0.125 0.09375
48 0.9875 0.17656 0.025 0.15312
48 0.35156 0.59375 0.10938 0.1375
48 0.92344 0.39531 0.15312 0.14062
48 0.76875 0.64688 0.1875 0.15625
48 0.35625 0.7 0.1125 0.08125
48 0.54844 0.525 0.11562 0.1125
48 0.625 0.42656 0.1125 0.12188
48 0.05312 0.38125 0.10625 0.125
48 0.87812 0.15156 0.15 0.22188
48 0.94062 0.12656 0.11875 0.17188
48 0.93594 0.79688 0.12813 0.11875
48 0.95781 0.92969 0.08437 0.11563
48 0.14531 0.10312 0.21562 0.15
48 0.55781 0.70156 0.10938 0.12187
5 0.23125 0.91406 0.0125 0.04062
48 0.83281 0.96875 0.15313 0.0625
48 0.58281 0.40938 0.09687 0.1125
48 0.01406 0.9875 0.02812 0.025
48 0.00625 0.1125 0.0125 0.09375
48 0.07344 0.25 0.14688 0.16875
48 0.075 0.6875 0.15 0.1375
48 0.17812 0.05156 0.18125 0.10312
48 0.2125 0.03438 0.21875 0.06875
48 0.60156 0.04844 0.19063 0.09688
5 0.2625 0.26875 0.04375 0.05625
48 0.68438 0.85 0.16875 0.1375
48 0.34375 0.98281 0.45 0.03438
48 0.10469 0.59844 0.12813 0.08437
48 0.46719 0.02656 0.19688 0.05312
48 0.89219 0.87656 0.14687 0.14687
48 0.0625 0.29844 0.125 0.15313
48 0.63125 0.56563 0.11875 0.125
48 0.69688 0.76719 0.2 0.13438
48 0.10156 0.19219 0.20312 0.12812
48 0.63437 0.88125 0.19375 0.15
48 0.68125 0.45625 0.1375 0.125
48 0.03125 0.45625 0.0625 0.11875
48 0.25312 0.52344 0.09375 0.09688
48 0.2375 0.74062 0.1125 0.14375
48 0.34531 0.21562 0.19062 0.13125
48 0.51719 0.67344 0.10312 0.12813
48 0.9875 0.83125 0.025 0.1125
48 0.19219 0.47188 0.14062 0.1
48 0.94844 0.19531 0.10313 0.20312
48 0.61406 0.93594 0.19062 0.12813
48 0.82656 0.98906 0.17812 0.02187
48 0.02344 0.08594 0.04688 0.09687
48 0.86094 0.53438 0.22188 0.20625
48 0.7125 0.72031 0.225 0.12813
48 0.45625 0.12344 0.21875 0.15937
48 0.94062 0.725 0.11875 0.11875
5 0.19688 0.42031 0.04375 0.03437
48 0.39688 0.62031 0.13125 0.13438
48 0.68906 0.81719 0.16563 0.12188
48 0.67969 0.06406 0.15312 0.12812
48 0.7875 0.10625 0.21875 0.2125
5 0.15625 0.35 0.05 0.05
48 0.05 0.05156 0.1 0.10312
48 0.42812 0.30781 0.13125 0.12188
48 0.37656 0.81094 0.13437 0.15312
48 0.54219 0.87812 0.09063 0.1625
48 0.87031 0.9375 0.15313 0.1
5 0.11562 0.84688 0.0125 0.05
48 0.43438 0.63906 0.1 0.11562
48 0.06562 0.00938 0.13125 0.01875
48 0.44844 0.46094 0.13438 0.13437
