48 0.18125 0.01562 0.30625 0.03125
48 0.45625 0.10938 0.3375 0.21875
53 0.88438 0.48438 0.23125 0.21875
53 0.725 0.42656 0.13125 0.33438
53 0.54844 0.60156 0.32812 0.28438
5 0.05156 0.59688 0.05938 0.05
5 0.61719 0.5 0.02812 0.04375
5 0.79375 0.52188 0.01875 0.05625
5 0.50938 0.54688 0.01875 0.05625
5 0.75312 0.4375 0.05 0.05
48 0.74688 0.14062 0.15625 0.2125
48 0.31719 0.30625 0.09063 0.0625
5 0.59375 0.50469 0.03125 0.05312
48 0.89062 0.59375 0.21875 0.16875
5 0.43281 0.67969 0.05938 0.04062
5 0.73594 0.38125 0.04688 0.05
5 0.82187 0.51094 0.025 0.05312
5 0.74531 0.41094 0.04063 0.03437
48 0.40156 0.42812 0.17812 0.275
48 0.87031 0.27031 0.25938 0.25938
5 0.99531 0.84531 0.00938 0.03438
5 0.53438 0.52812 0.0375 0.05625
5 0.56094 0.5125 0.03438 0.05
5 0.70781 0.29531 0.04063 0.04062
5 0.96875 0.46406 0.04375 0.06562
5 0.86875 0.49531 0.0375 0.05312
5 0.99688 0.44688 0.00625 0.0625
48 0.26875 0.1625 0.175 0.25
5 0.71406 0.32344 0.04688 0.04688
