12 0.61562 0.02188 0.09375 0.04375
5 0.4625 0.60156 0.06875 0.02188
5 0.13438 0.72031 0.0375 0.04063
5 0.87812 0.99375 0.0375 0.0125
7 0.54062 0.57188 0.03125 0.0625
48 0.97188 0.03125 0.05625 0.0625
48 0.62187 0.00625 0.175 0.0125
48 0.79219 0.02188 0.19688 0.04375
48 0.09688 0.15156 0.175 0.10312
48 0.24062 0.23594 0.075 0.24062
48 0.05938 0.61875 0.11875 0.14375
48 0.16875 0.66406 0.05625 0.06563
48 0.06562 0.41562 0.13125 0.05
48 0.39844 0.66562 0.16563 0.10625
48 0.17812 0.57344 0.08125 0.12812
48 0.6875 0.675 0.175 0.15
48 0.58906 0.55469 0.09687 0.11563
48 0.99688 0.7375 0.00625 0.075
48 0.61562 0.19688 0.14375 0.13125
48 0.94062 0.44844 0.11875 0.09687
48 0.94688 0.35 0.10625 0.1375
48 0.75781 0.2375 0.16562 0.1875
48 0.92656 0.22031 0.14687 0.09687
48 0.99531 0.31719 0.00938 0.25312
48 0.36719 0.43438 0.25938 0.0625
48 0.02969 0.99375 0.05938 0.0125
48 0.06406 0.87812 0.06562 0.0375
48 0.03438 0.82031 0.06875 0.07812
48 0.125 0.80781 0.06875 0.04063
48 0.27344 0.82344 0.09062 0.05312
48 0.42969 0.83438 0.12813 0.04375
48 0.39531 0.91562 0.17812 0.16875
48 0.54062 0.84844 0.11875 0.05938
48 0.66094 0.88438 0.17812 0.09375
48 0.8875 0.875 0.075 0.0375
48 0.67344 0.31719 0.05937 0.10313
48 0.70625 0.46406 0.15625 0.07813
48 0.78125 0.475 0.075 0.075
48 0.2 0.49062 0.06875 0.05625
48 0.23125 0.38438 0.09375 0.075
48 0.00938 0.34375 0.01875 0.0875
48 0.22031 0.43438 0.07187 0.05625
