5 0.25938 0.18594 0.05 0.02188
5 0.19844 0.05625 0.05937 0.01875
5 0.2 0.15625 0.05625 0.025
5 0.20156 0.12188 0.04062 0.025
5 0.9875 0.05156 0.025 0.02813
48 0.94062 0.17344 0.11875 0.20313
48 0.89531 0.80312 0.09687 0.09375
5 0.25 0.98438 0.025 0.03125
5 0.26719 0.00156 0.04688 0.00312
48 0.89688 0.8875 0.125 0.0875
48 0.975 0.80781 0.04375 0.06562
5 0.08594 0.19375 0.05313 0.025
48 0.72656 0.78906 0.19687 0.15938
48 0.86563 0.46562 0.0875 0.1375
5 0.19062 0.18125 0.05625 0.01875
48 0.89844 0.6375 0.09062 0.1125
5 0.25781 0.11094 0.05312 0.02187
5 0.2 0.98281 0.01875 0.03438
48 0.9625 0.92812 0.075 0.14375
48 0.99844 0.80781 0.00313 0.07812
5 0.25625 0.08594 0.05 0.02188
48 0.96719 0.48594 0.06563 0.17188
48 0.61562 0.13125 0.51875 0.2625
48 0.70781 0.90938 0.19688 0.18125
5 0.19531 0.225 0.04688 0.01875
5 0.24844 0.13125 0.05313 0.01875
48 0.23125 0.57656 0.15625 0.16563
5 0.19219 0.27031 0.04688 0.02187
5 0.1375 0.35 0.01875 0.0375
48 0.4125 0.70938 0.1875 0.175
5 0.25 0.25312 0.05 0.025
48 0.08438 0.55156 0.16875 0.17187
5 0.05625 0.02812 0.01875 0.04375
48 0.58438 0.725 0.16875 0.1625
5 0.19062 0.24844 0.05 0.01562
5 0.04219 0.24062 0.02812 0.05
51 0.42656 0.84531 0.32812 0.30937
48 0.57812 0.49219 0.45625 0.32187
48 0.15 0.79062 0.3 0.2875
48 0.83906 0.625 0.04063 0.1
5 0.24844 0.15781 0.05938 0.02188
48 0.97656 0.64062 0.04688 0.11875
5 0.19531 0.20156 0.04688 0.01562
5 0.2625 0.0375 0.05 0.025
5 0.0875 0.15156 0.05625 0.02812
5 0.10156 0.0375 0.04688 0.01875
