48 0.03438 0.33125 0.06875 0.175
48 0.03906 0.47031 0.05313 0.09688
48 0.02812 0.08281 0.05625 0.07187
48 0.03594 0.18281 0.07187 0.13438
48 0.73438 0.93594 0.53125 0.12813
48 0.97031 0.80625 0.05937 0.3875
50 0.31875 0.49844 0.29375 0.30937
56 0.81875 0.74844 0.225 0.19688
48 0.05938 0.80781 0.11875 0.13438
48 0.00156 0.74219 0.00312 0.09688
48 0.47188 0.82188 0.34375 0.35625
48 0.05625 0.99531 0.075 0.00938
48 0.00312 0.56094 0.00625 0.17188
48 0.14375 0.89688 0.09375 0.11875
48 0.03438 0.02656 0.06875 0.05312
