48 0.15 0.91562 0.3 0.16875
48 0.19531 0.79844 0.24688 0.24687
48 0.07812 0.54688 0.15625 0.4625
48 0.01406 0.15 0.02812 0.125
48 0.17188 0.22188 0.34375 0.20625
48 0.175 0.38594 0.16875 0.14687
48 0.24844 0.49375 0.17813 0.175
48 0.59844 0.26562 0.44688 0.29375
48 0.675 0.51562 0.1625 0.26875
48 0.24688 0.05 0.48125 0.1
48 0.49375 0.06094 0.175 0.12188
48 0.68594 0.15313 0.30937 0.1625
48 0.95312 0.36094 0.09375 0.38438
48 0.9 0.79375 0.13125 0.0875
14 0.9625 0.09844 0.05625 0.12812
14 0.98594 0.01094 0.02812 0.02188
14 0.3125 0.94531 0.13125 0.10938
14 0.35625 0.97812 0.13125 0.04375
