48 0.51094 0.43906 0.36562 0.30312
48 0.86719 0.51719 0.26562 0.30312
48 0.73125 0.8875 0.3875 0.225
48 0.21562 0.98438 0.35625 0.03125
48 0.44375 0.06875 0.3125 0.125
5 0.54062 0.15937 0.05625 0.03125
5 0.30625 0.12188 0.0375 0.03125
5 0.21406 0.62344 0.03438 0.03438
5 0.19219 0.66406 0.04062 0.04062
5 0.30938 0.65 0.05625 0.03125
5 0.33438 0.61406 0.05 0.02813
5 0.24531 0.75937 0.04688 0.025
5 0.22969 0.79062 0.04688 0.025
5 0.21562 0.81719 0.05 0.02813
5 0.99375 0.95781 0.0125 0.03437
53 0.21875 0.79688 0.09375 0.10625
53 0.27344 0.70938 0.05937 0.08125
53 0.31094 0.6375 0.10938 0.075
