48 0.81094 0.61875 0.16563 0.06875
48 0.0875 0.2125 0.16875 0.1375
48 0.20312 0.34531 0.11875 0.11563
5 0.37344 0.35312 0.23438 0.075
48 0.55 0.68906 0.0875 0.05312
48 0.64844 0.8875 0.10312 0.08125
48 0.40469 0.87812 0.13437 0.0875
48 0.26562 0.8625 0.15625 0.1
48 0.32031 0.95 0.10313 0.06875
48 0.52188 0.95156 0.325 0.04688
48 0.50781 0.87344 0.09688 0.09062
48 0.98125 0.575 0.0375 0.0625
48 0.2875 0.61406 0.1 0.06562
48 0.35312 0.68594 0.05625 0.04688
48 0.44062 0.68906 0.0625 0.05312
48 0.0375 0.49844 0.075 0.20938
48 0.63125 0.98125 0.16875 0.0375
48 0.07656 0.68594 0.15313 0.14687
48 0.31562 0.25312 0.13125 0.15
48 0.82969 0.96406 0.10313 0.07188
48 0.95 0.49219 0.1 0.10312
48 0.85156 0.15 0.17813 0.14375
48 0.97656 0.1625 0.04688 0.11875
48 0.00469 0.93281 0.00938 0.13438
48 0.20312 0.98281 0.1125 0.03438
48 0.35781 0.0875 0.19062 0.175
48 0.87031 0.03906 0.16563 0.07812
48 0.53906 0.05156 0.11563 0.10312
48 0.7125 0.03594 0.125 0.07187
48 0.61094 0.225 0.24062 0.15625
48 0.88438 0.82812 0.23125 0.1125
48 0.95781 0.29063 0.08437 0.13125
48 0.8125 0.51562 0.16875 0.10625
48 0.42969 0.50938 0.50937 0.175
48 0.11094 0.32969 0.15937 0.09063
48 0.20469 0.70156 0.15937 0.17812
48 0.83906 0.38281 0.15313 0.11562
48 0.98125 0.41875 0.0375 0.10625
48 0.06562 0.85469 0.13125 0.11562
48 0.96406 0.94688 0.07188 0.10625
48 0.81562 0.28125 0.15625 0.11875
48 0.96719 0.05156 0.06563 0.10312
48 0.325 0.99375 0.125 0.0125
48 0.83438 0.72656 0.1625 0.15938
48 0.96719 0.68594 0.06563 0.19688
48 0.59531 0.63281 0.20937 0.12187
48 0.59844 0.40312 0.22813 0.11875
48 0.12031 0.09531 0.22812 0.19062
48 0.4875 0.75 0.3375 0.08125
48 0.0125 0.26875 0.025 0.24375
48 0.20938 0.02656 0.19375 0.05312
48 0.44844 0.98281 0.09063 0.03438
48 0.03438 0.05156 0.06875 0.10312
