5 0.98438 0.10156 0.03125 0.02813
9 0.43125 0.13438 0.05625 0.0625
5 0.66875 0.19844 0.075 0.03438
5 0.78125 0.17656 0.075 0.03438
48 0.9 0.03281 0.175 0.06562
48 0.95781 0.02031 0.08437 0.04062
48 0.62344 0.05781 0.32188 0.11562
48 0.02344 0.03594 0.04688 0.07187
9 0.05 0.00938 0.04375 0.01875
5 0.03438 0.08438 0.03125 0.05
5 0.07187 0.08906 0.0375 0.05313
5 0.10938 0.09063 0.03125 0.05
5 0.14531 0.09219 0.02812 0.05938
5 0.18438 0.09219 0.0375 0.05938
5 0.22188 0.09531 0.03125 0.05312
5 0.25625 0.09219 0.03125 0.04688
9 0.29688 0.09375 0.0375 0.0625
5 0.12812 0.00312 0.0375 0.00625
5 0.16719 0.00469 0.03438 0.00938
5 0.20938 0.00625 0.03125 0.0125
5 0.24531 0.00469 0.04062 0.00938
5 0.28594 0.00469 0.04688 0.00938
53 0.16719 0.06406 0.29063 0.12812
