48 0.02031 0.125 0.04062 0.0875
48 0.07187 0.05781 0.14375 0.09688
48 0.30625 0.93594 0.1375 0.06563
48 0.10469 0.89219 0.12813 0.09062
48 0.96875 0.32812 0.0625 0.08125
48 0.98594 0.40469 0.02812 0.07187
48 0.98594 0.48438 0.02812 0.1
48 0.94219 0.19219 0.11562 0.07812
48 0.95469 0.60625 0.09062 0.10625
48 0.08594 0.99844 0.09063 0.00313
48 0.0375 0.31094 0.075 0.09687
48 0.36562 0.97969 0.15 0.04063
48 0.50469 0.98281 0.11562 0.03438
48 0.07969 0.97031 0.10938 0.05312
48 0.82656 0.85625 0.34688 0.2875
48 0.625 0.83125 0.16875 0.13125
48 0.43281 0.84375 0.19688 0.1125
48 0.29375 0.85938 0.1375 0.11875
48 0.375 0.11406 0.63125 0.22812
48 0.8875 0.025 0.225 0.05
53 0.42656 0.30469 0.57812 0.20312
48 0.99844 0.58125 0.00313 0.1
48 0.04375 0.01406 0.0875 0.02812
5 0.34062 0.3125 0.0375 0.04375
5 0.30625 0.35469 0.03125 0.03437
48 0.85938 0.50625 0.0625 0.05625
5 0.59375 0.575 0.05 0.03125
5 0.45938 0.40156 0.05 0.04063
48 0.8875 0.63125 0.0625 0.0625
5 0.48594 0.51875 0.04062 0.0375
5 0.62031 0.48594 0.04688 0.02813
5 0.57969 0.27344 0.04063 0.02812
5 0.54062 0.35469 0.05 0.03437
5 0.65156 0.58281 0.05938 0.02813
5 0.1875 0.33281 0.03125 0.03437
5 0.76875 0.375 0.025 0.0375
5 0.22188 0.95938 0.0375 0.05
5 0.97969 0.675 0.04063 0.025
5 0.31719 0.80469 0.05938 0.02812
53 0.59375 0.44375 0.3375 0.43125
5 0.46719 0.48438 0.05313 0.03125
5 0.22656 0.36719 0.02813 0.03438
5 0.17656 0.38125 0.02812 0.03125
5 0.00156 0.01875 0.00312 0.01875
5 0.8125 0.39688 0.03125 0.0375
5 0.42188 0.27344 0.05 0.02812
5 0.52344 0.68281 0.05313 0.03437
5 0.51406 0.64219 0.05937 0.03438
5 0.00156 0.0375 0.00312 0.01875
5 0.5875 0.35156 0.05 0.02812
48 0.24844 0.54062 0.49688 0.3125
48 0.79844 0.09531 0.09688 0.07188
5 0.66562 0.23438 0.04375 0.025
48 0.17969 0.99219 0.07188 0.01562
5 0.57656 0.5125 0.05312 0.025
5 0.61406 0.44844 0.05312 0.03437
48 0.85781 0.38281 0.10938 0.17188
5 0.20312 0.89062 0.0375 0.04375
5 0.69062 0.06406 0.03125 0.04063
48 0.93906 0.12188 0.12187 0.08125
5 0.11094 0.83125 0.05938 0.03125
48 0.44062 0.92656 0.15 0.06562
5 0.37344 0.79844 0.04062 0.02187
5 0.23906 0.32812 0.03437 0.04375
48 0.82969 0.20156 0.12813 0.09063
5 0.6375 0.54219 0.0625 0.02813
5 0.75156 0.62813 0.04063 0.025
48 0.08594 0.27656 0.10938 0.09063
5 0.43594 0.32969 0.04688 0.02813
5 0.59531 0.00156 0.04688 0.00312
