53 0.73906 0.22812 0.52188 0.4
5 0.70469 0.23438 0.02812 0.04375
5 0.65938 0.22656 0.01875 0.03437
5 0.6375 0.225 0.01875 0.0375
5 0.8375 0.16875 0.0375 0.025
5 0.90781 0.06719 0.02187 0.03438
5 0.90312 0.13906 0.04375 0.01562
5 0.96094 0.14688 0.04688 0.01875
5 0.99844 0.15469 0.00313 0.02188
48 0.71719 0.46094 0.19063 0.20938
33 0.94844 0.31875 0.04063 0.05
48 0.3 0.37344 0.40625 0.36562
53 0.05938 0.27969 0.11875 0.32812
48 0.89844 0.50156 0.20312 0.25937
48 0.02031 0.0625 0.04062 0.125
48 0.21406 0.66094 0.42812 0.67812
48 0.35625 0.12031 0.7125 0.24062
48 0.81094 0.07031 0.37813 0.14062
