5 0.55625 0.98906 0.025 0.02187
5 0.50156 0.99375 0.03438 0.0125
48 0.05938 0.08281 0.11875 0.05938
48 0.00469 0.14688 0.00938 0.075
48 0.04375 0.02188 0.0875 0.04375
48 0.2 0.03906 0.075 0.07812
48 0.14531 0.04688 0.04688 0.06875
48 0.14375 0.11562 0.05625 0.05
48 0.09844 0.14062 0.05313 0.08125
48 0.08438 0.21562 0.08125 0.075
48 0.17031 0.20625 0.09063 0.05
48 0.25312 0.1125 0.08125 0.05625
48 0.28906 0.30156 0.05312 0.05312
48 0.08906 0.35938 0.09688 0.1125
48 0.02188 0.37969 0.04375 0.07812
48 0.03125 0.27969 0.0625 0.05313
48 0.225 0.37188 0.0875 0.05625
48 0.28438 0.35625 0.04375 0.06875
48 0.34375 0.20312 0.075 0.11875
48 0.35 0.08281 0.04375 0.08438
48 0.55781 0.03438 0.07812 0.06875
48 0.50469 0.03438 0.04687 0.06875
48 0.70156 0.025 0.09688 0.05
48 0.82031 0.12656 0.05313 0.04063
48 0.74531 0.25312 0.12188 0.15
48 0.84844 0.25469 0.09063 0.13438
48 0.98906 0.23906 0.02187 0.13438
50 0.27656 0.97344 0.14687 0.05312
48 0.95938 0.00469 0.08125 0.00938
48 0.82344 0.01562 0.05938 0.03125
48 0.76094 0.11406 0.07188 0.12187
48 0.94062 0.24531 0.08125 0.10938
48 0.75625 0.3375 0.0875 0.05625
48 0.90312 0.36719 0.0375 0.04063
48 0.6125 0.3125 0.10625 0.09375
48 0.63906 0.24062 0.02812 0.025
48 0.60312 0.24531 0.03125 0.03438
48 0.56094 0.24844 0.04063 0.02813
48 0.70938 0.09219 0.05 0.06562
48 0.62813 0.08125 0.05 0.0375
48 0.67031 0.09687 0.04063 0.0625
9 0.40156 0.02344 0.03437 0.04688
48 0.88906 0.0625 0.04688 0.05
48 0.56094 0.18438 0.06563 0.0625
48 0.27969 0.15156 0.04062 0.04062
48 0.25312 0.925 0.11875 0.09375
48 0.36875 0.35469 0.05 0.05938
48 0.25156 0.41719 0.12812 0.04688
48 0.09531 0.43594 0.07188 0.04062
48 0.02656 0.42344 0.05312 0.03437
