1 0.17812 0.99844 0.1 0.00313
1 0.12656 0.82969 0.08438 0.09688
1 0.00938 0.90781 0.01875 0.08437
5 0.2875 0.18281 0.025 0.04062
5 0.42812 0.22969 0.025 0.04062
9 0.33438 0.23906 0.025 0.04063
5 0.3125 0.22813 0.01875 0.0375
5 0.35312 0.2375 0.01875 0.03125
5 0.37656 0.23438 0.02188 0.03125
5 0.29063 0.24375 0.01875 0.03125
5 0.25625 0.25625 0.01875 0.0375
2 0.58125 0.29063 0.2625 0.2375
54 0.63438 0.6125 0.1125 0.1125
49 0.23906 0.44062 0.35312 0.38125
9 0.37031 0.77656 0.12188 0.09063
49 0.17188 0.04375 0.29375 0.0875
9 0.36094 0.07656 0.08438 0.04062
