48 0.64688 0.98906 0.18125 0.02187
48 0.25625 0.82344 0.29375 0.27813
48 0.54688 0.39531 0.1375 0.14687
48 0.44844 0.6375 0.27812 0.2375
48 0.69688 0.70469 0.20625 0.15938
48 0.85 0.75312 0.125 0.13125
48 0.95312 0.76406 0.09375 0.10313
48 0.79062 0.08594 0.15 0.13438
48 0.39688 0.05 0.08125 0.1
48 0.94844 0.37031 0.10313 0.12812
48 0.29063 0.125 0.1375 0.1875
48 0.03125 0.00156 0.0625 0.00312
48 0.94844 0.05781 0.10313 0.11562
48 0.03438 0.37813 0.06875 0.14375
48 0.15 0.09219 0.15625 0.13438
48 0.98125 0.95625 0.0375 0.0875
48 0.43594 0.95625 0.11563 0.0875
48 0.075 0.98125 0.15 0.0375
48 0.64219 0.52344 0.18437 0.10938
48 0.63594 0.87344 0.14687 0.22188
48 0.36406 0.98906 0.10313 0.02187
48 0.53438 0.97188 0.11875 0.05625
48 0.03438 0.55625 0.06875 0.225
48 0.77812 0.39062 0.1 0.08125
48 0.57969 0.02656 0.09062 0.05312
48 0.68906 0.00469 0.14687 0.00938
48 0.66562 0.03125 0.075 0.05625
48 0.51406 0.24219 0.15937 0.15938
48 0.62031 0.21562 0.12812 0.14375
48 0.93906 0.8875 0.12187 0.075
48 0.475 0.49375 0.1125 0.10625
48 0.83594 0.57969 0.12187 0.06563
48 0.0125 0.21406 0.025 0.06563
48 0.65156 0.33281 0.15313 0.15313
48 0.90938 0.43594 0.11875 0.06562
48 0.98438 0.43906 0.03125 0.08438
48 0.98281 0.5125 0.03438 0.075
48 0.91562 0.5125 0.1 0.075
48 0.725 0.14375 0.1375 0.09375
48 0.85312 0.25 0.2875 0.14375
