48 0.20625 0.10469 0.14375 0.10937
48 0.01875 0.11875 0.0375 0.10625
48 0.53281 0.16562 0.17812 0.125
5 0.37344 0.13438 0.05313 0.0375
48 0.4 0.17344 0.14375 0.10938
48 0.07187 0.19219 0.14375 0.13438
48 0.0375 0.26562 0.075 0.15625
48 0.83281 0.3125 0.23438 0.15625
48 0.94375 0.47344 0.1125 0.12188
48 0.9125 0.53594 0.175 0.11562
48 0.97031 0.59688 0.05937 0.10625
48 0.27969 0.28125 0.11563 0.08125
48 0.17812 0.33281 0.125 0.08437
48 0.25 0.38125 0.13125 0.0875
5 0.26094 0.50313 0.05312 0.0375
48 0.08125 0.4875 0.1625 0.1875
48 0.25781 0.70625 0.09062 0.0625
48 0.5375 0.47031 0.1125 0.07812
48 0.61094 0.53125 0.20937 0.15
48 0.37656 0.875 0.22188 0.14375
48 0.63594 0.67031 0.10938 0.08437
48 0.64375 0.76875 0.125 0.0875
48 0.475 0.74062 0.2 0.14375
48 0.92344 0.74531 0.15312 0.14062
48 0.81406 0.79219 0.37187 0.20312
48 0.57656 0.80312 0.17188 0.1125
48 0.69531 0.86562 0.18437 0.1125
5 0.73906 0.99219 0.05312 0.01562
48 0.53594 0.87344 0.19688 0.12187
48 0.6375 0.98438 0.18125 0.03125
48 0.83906 0.94688 0.23438 0.10625
48 0.14062 0.98594 0.2 0.02812
48 0.2875 0.98438 0.3125 0.03125
48 0.80781 0.64531 0.29688 0.15937
