56 0.48438 0.64375 0.45625 0.40625
56 0.80625 0.13594 0.3375 0.27187
56 0.93594 0.30625 0.12813 0.6125
56 0.41719 0.07969 0.20313 0.15937
11 0.07031 0.76562 0.05938 0.18125
11 0.04219 0.57656 0.05938 0.17188
11 0.02812 0.04844 0.05625 0.09688
56 0.125 0.11406 0.25 0.22812
5 0.69687 0.4125 0.05625 0.04375
5 0.82812 0.54688 0.0375 0.075
5 0.61406 0.40469 0.05938 0.05313
5 0.03125 0.31875 0.05 0.03125
11 0.95156 0.39062 0.07188 0.175
5 0.7875 0.5625 0.05 0.0625
5 0.17344 0.29063 0.05313 0.03125
11 0.1375 0.62813 0.075 0.15625
5 0.75312 0.45625 0.05 0.04375
5 0.45312 0.29688 0.0625 0.03125
5 0.26406 0.32344 0.05938 0.03437
11 0.01406 0.07656 0.02812 0.15313
5 0.23438 0.29375 0.08125 0.03125
5 0.1375 0.33438 0.0625 0.03125
5 0.86719 0.81562 0.03438 0.04375
5 0.29844 0.28438 0.06562 0.03125
11 0.43594 0.94219 0.20938 0.06562
5 0.85938 0.8875 0.025 0.0625
5 0.90938 0.81562 0.01875 0.04375
5 0.84375 0.65625 0.0375 0.04375
5 0.4375 0.33594 0.0625 0.02812
5 0.10312 0.30469 0.05625 0.02812
11 0.12188 0.79688 0.06875 0.18125
5 0.90625 0.74531 0.03125 0.06562
5 0.86094 0.73594 0.04063 0.05937
5 0.07031 0.34844 0.05938 0.03437
11 0.16406 0.96094 0.07812 0.07812
5 0.83594 0.98281 0.03438 0.03438
5 0.53594 0.36719 0.06562 0.03438
5 0.35156 0.32344 0.05312 0.02187
5 0.90938 0.88281 0.04375 0.05313
5 0.56719 0.34219 0.05312 0.03437
5 0.89375 0.94687 0.04375 0.06875
5 0.73906 0.5 0.03437 0.04375
5 0.36875 0.29063 0.06875 0.03125
5 0.68594 0.45625 0.05937 0.0375
11 0.975 0.7875 0.05 0.16875
5 0.89219 0.65 0.03438 0.05625
5 0.87656 0.99219 0.04688 0.01562
