48 0.03281 0.97344 0.06562 0.05312
48 0.11719 0.93906 0.16563 0.10313
48 0.20156 0.99375 0.09687 0.0125
48 0.36094 0.96719 0.18438 0.06563
48 0.37813 0.76719 0.20625 0.12813
48 0.17969 0.85781 0.16563 0.08437
48 0.34375 0.86406 0.19375 0.11562
48 0.20781 0.63125 0.22813 0.11875
48 0.41562 0.63594 0.2875 0.22187
48 0.04219 0.17188 0.08438 0.15625
48 0.0125 0.05469 0.025 0.10938
48 0.1625 0.1 0.14375 0.09375
5 0.33281 0.02188 0.05312 0.025
48 0.23906 0.19219 0.11562 0.13438
48 0.33906 0.19062 0.10938 0.1125
48 0.45781 0.20781 0.14062 0.15937
48 0.59062 0.17031 0.09375 0.06562
5 0.54531 0.10312 0.05312 0.025
48 0.57656 0.32188 0.17188 0.0875
48 0.525 0.38281 0.1375 0.09062
48 0.5125 0.47969 0.175 0.09063
48 0.41562 0.48125 0.05625 0.075
48 0.13281 0.52656 0.12188 0.10313
48 0.04531 0.48906 0.09062 0.10937
48 0.09687 0.3875 0.075 0.075
48 0.16406 0.44375 0.14062 0.08125
48 0.20938 0.39688 0.075 0.05
48 0.19688 0.3625 0.1 0.05
5 0.0875 0.0125 0.05625 0.025
48 0.92969 0.02344 0.08438 0.04688
48 0.98438 0.02812 0.03125 0.05625
48 0.93281 0.26406 0.12188 0.12812
48 0.97656 0.32188 0.04688 0.16875
48 0.87031 0.36562 0.16563 0.11875
48 0.87031 0.50781 0.14062 0.12187
48 0.94844 0.51406 0.05312 0.07188
48 0.95781 0.60938 0.08437 0.09375
48 0.98594 0.69844 0.02812 0.10313
48 0.91094 0.68594 0.12812 0.12187
48 0.76719 0.66875 0.09688 0.06875
48 0.73594 0.84375 0.14687 0.125
48 0.80781 0.85312 0.07188 0.1
48 0.82969 0.94375 0.09062 0.06875
48 0.80469 0.98125 0.08438 0.0375
48 0.70781 0.99688 0.15937 0.00625
48 0.6 0.97344 0.0625 0.03437
48 0.93125 0.99062 0.08125 0.01875
