5 0.0125 0.71875 0.025 0.04375
5 0.04844 0.70781 0.04063 0.04063
5 0.08594 0.69688 0.03437 0.03125
5 0.00312 0.86406 0.00625 0.03437
5 0.02656 0.86094 0.04688 0.04688
5 0.06406 0.85 0.04687 0.05
5 0.13438 0.83125 0.04375 0.01875
9 0.46562 0.79375 0.1 0.0375
52 0.08281 0.85156 0.16562 0.11563
48 0.00312 0.73125 0.00625 0.1125
48 0.32656 0.33906 0.27188 0.25938
48 0.39219 0.10312 0.24688 0.175
48 0.41875 0.02031 0.19375 0.04062
48 0.2 0.89844 0.4 0.20312
48 0.91406 0.15 0.17188 0.1875
48 0.99062 0.07031 0.01875 0.14062
48 0.26719 0.56719 0.53438 0.27813
11 0.17969 0.72812 0.24062 0.1
48 0.70781 0.95 0.24062 0.1
