48 0.40938 0.96094 0.26875 0.07812
48 0.99844 0.98594 0.00313 0.02812
5 0.76719 0.94219 0.04063 0.04688
5 0.71719 0.95625 0.04063 0.05
5 0.85938 0.78906 0.04375 0.04688
5 0.90938 0.67656 0.05625 0.02813
5 0.96562 0.67813 0.05 0.025
5 0.81406 0.70469 0.05937 0.03438
5 0.85156 0.72344 0.05937 0.04063
5 0.9375 0.78125 0.04375 0.05
5 0.72031 0.79531 0.02812 0.05312
5 0.00781 0.90156 0.01562 0.04063
5 0.07187 0.86719 0.05625 0.03438
5 0.15781 0.82344 0.04688 0.03437
5 0.00469 0.59531 0.00938 0.05312
5 0.02031 0.5875 0.02813 0.05625
5 0.07812 0.59531 0.05 0.04688
5 0.1625 0.46562 0.03125 0.05
5 0.33281 0.49062 0.03437 0.05
5 0.89219 0.04219 0.04688 0.02812
5 0.32031 0.24375 0.04063 0.06875
5 0.29688 0.32188 0.025 0.04375
5 0.14531 0.29219 0.02812 0.04688
5 0.30469 0.14687 0.02812 0.05625
48 0.00781 0.03125 0.01562 0.0625
48 0.05938 0.30625 0.11875 0.18125
48 0.00938 0.13906 0.01875 0.16562
48 0.03594 0.475 0.07187 0.1875
48 0.45 0.05312 0.18125 0.10625
48 0.87812 0.92656 0.24375 0.14687
48 0.54688 0.23906 0.21875 0.24688
9 0.11719 0.7375 0.04688 0.05
5 0.74062 0.26562 0.04375 0.0375
5 0.71562 0.29063 0.04375 0.0375
5 0.83125 0.38281 0.04375 0.04688
48 0.57812 0.82969 0.08125 0.07812
48 0.96719 0.82969 0.06563 0.18437
48 0.67188 0.0625 0.1875 0.125
48 0.72188 0.90312 0.03125 0.025
