48 0.00781 0.07187 0.01562 0.09375
48 0.05156 0.07188 0.07187 0.0875
5 0.26094 0.17031 0.02813 0.04688
48 0.02969 0.16562 0.05938 0.0875
48 0.0375 0.25312 0.075 0.0875
48 0.07656 0.325 0.15313 0.05625
48 0.08281 0.275 0.07812 0.0375
48 0.36562 0.2375 0.2875 0.10625
48 0.43281 0.30781 0.15937 0.04688
48 0.4125 0.3625 0.1125 0.1
48 0.48594 0.36562 0.04062 0.08125
48 0.48906 0.42969 0.04687 0.04688
48 0.28594 0.32344 0.12812 0.06562
48 0.075 0.53125 0.15 0.21875
48 0.07344 0.69375 0.14688 0.1
48 0.07656 0.78594 0.15313 0.09687
48 0.08281 0.88125 0.16562 0.1
48 0.3875 0.69844 0.2 0.08437
48 0.2625 0.70469 0.05 0.08437
48 0.29688 0.96094 0.1 0.07812
48 0.36562 0.96406 0.04375 0.07188
48 0.42969 0.95938 0.08437 0.06875
48 0.49375 0.94688 0.04375 0.04375
48 0.42188 0.99062 0.1125 0.01875
48 0.49375 0.98438 0.0375 0.03125
48 0.96406 0.95938 0.07188 0.08125
48 0.99375 0.8 0.0125 0.0375
48 0.99531 0.76562 0.00938 0.03125
48 0.9875 0.69375 0.025 0.11875
48 0.99375 0.60469 0.0125 0.05938
48 0.95938 0.63594 0.08125 0.32188
48 0.99062 0.27031 0.01875 0.23438
5 0.01406 0.37031 0.02812 0.02187
5 0.16094 0.44219 0.02188 0.04688
5 0.03125 0.43281 0.01875 0.04063
5 0.26406 0.62344 0.04687 0.02812
5 0.27031 0.91094 0.05313 0.02187
5 0.2625 0.85781 0.05625 0.02187
