5 0.07969 0.44219 0.04687 0.03437
53 0.60156 0.57031 0.29062 0.21562
48 0.00625 0.13438 0.0125 0.1375
48 0.19844 0.68594 0.12813 0.19063
8 0.54375 0.62813 0.05 0.0625
5 0.98594 0.72188 0.02812 0.05625
5 0.20938 0.61563 0.03125 0.05625
48 0.08438 0.69844 0.14375 0.17812
48 0.31406 0.67812 0.14688 0.1875
48 0.02031 0.25156 0.04062 0.16562
48 0.00469 0.01875 0.00938 0.0375
5 0.1 0.62656 0.04375 0.05937
5 0.56563 0.51406 0.0375 0.05937
48 0.02969 0.72812 0.05938 0.175
48 0.65625 0.81562 0.38125 0.36875
48 0.27656 0.09531 0.15938 0.19062
48 0.62031 0.29375 0.32188 0.35
48 0.03438 0.35 0.06875 0.11875
8 0.50625 0.50938 0.05625 0.08125
48 0.28281 0.02188 0.20313 0.04375
48 0.01719 0.06562 0.03438 0.13125
5 0.50313 0.625 0.03125 0.04375
5 0.61562 0.51406 0.0625 0.06562
5 0.48281 0.03906 0.03437 0.05313
48 0.03594 0.44844 0.07187 0.14063
5 0.575 0.05625 0.05625 0.05625
