5 0.70938 0.21719 0.05 0.02188
5 0.74062 0.31094 0.04375 0.02188
5 0.75 0.32969 0.0375 0.02188
5 0.75938 0.34531 0.03125 0.01562
5 0.90625 0.80312 0.0375 0.01875
5 0.9125 0.82812 0.04375 0.03125
5 0.76875 0.36406 0.0375 0.01562
5 0.61875 0.01562 0.03125 0.025
48 0.95625 0.72188 0.0875 0.18125
48 0.61719 0.5875 0.38438 0.23125
5 0.1625 0.83281 0.04375 0.02813
5 0.21406 0.95625 0.04688 0.03125
5 0.18438 0.87812 0.04375 0.025
5 0.17656 0.85156 0.04688 0.02812
5 0.16094 0.80469 0.05937 0.03438
48 0.83906 0.12031 0.26562 0.20938
5 0.71875 0.23594 0.05625 0.03437
5 0.70312 0.18438 0.0375 0.05
5 0.69844 0.15313 0.04688 0.03125
5 0.70312 0.125 0.03125 0.05
5 0.68438 0.12969 0.03125 0.05313
5 0.66406 0.13438 0.03438 0.0625
5 0.64062 0.12188 0.0375 0.06875
5 0.54062 0.08125 0.04375 0.0375
48 0.47656 0.29219 0.50937 0.37188
48 0.42031 0.05938 0.28438 0.11875
48 0.06094 0.12031 0.12188 0.22188
48 0.09375 0.00469 0.15 0.00938
48 0.07812 0.87656 0.15625 0.21562
48 0.10312 0.9625 0.20625 0.075
48 0.02812 0.66875 0.05625 0.225
48 0.01562 0.55312 0.03125 0.175
48 0.20937 0.47344 0.24375 0.17812
48 0.17031 0.34062 0.27188 0.21875
48 0.36562 0.73438 0.31875 0.20625
5 0.77656 0.37656 0.05312 0.02813
5 0.775 0.39531 0.05 0.02813
5 0.79375 0.4375 0.05625 0.0375
5 0.80938 0.48438 0.0625 0.025
5 0.81094 0.5 0.04688 0.025
5 0.81562 0.53125 0.05 0.03125
5 0.82969 0.55469 0.06563 0.03438
5 0.83906 0.57969 0.06562 0.03438
5 0.84688 0.60312 0.05625 0.03125
5 0.85312 0.62344 0.05625 0.03438
5 0.85938 0.64531 0.05 0.02813
5 0.86094 0.66562 0.05937 0.0375
5 0.86875 0.69062 0.05 0.03125
5 0.87188 0.70781 0.04375 0.02813
5 0.92656 0.65156 0.05312 0.06562
5 0.88594 0.73438 0.04688 0.0375
5 0.92813 0.85312 0.05625 0.03125
5 0.9375 0.87656 0.05625 0.03438
5 0.93906 0.89688 0.05312 0.03125
9 0.97969 0.8375 0.04063 0.06875
48 0.98438 0.87031 0.03125 0.25312
48 0.67344 0.93281 0.27812 0.13438
48 0.75625 0.92969 0.2 0.14062
48 0.84062 0.90469 0.25 0.19063
48 0.44844 0.87812 0.38438 0.24375
48 0.67812 0.70469 0.3625 0.19063
48 0.6875 0.81094 0.38125 0.20312
48 0.91094 0.36094 0.17812 0.15313
48 0.95156 0.60312 0.09688 0.1875
5 0.78438 0.0125 0.0375 0.025
48 0.98125 0.1375 0.0375 0.11875
5 0.78438 0.24844 0.0375 0.05313
48 0.03906 0.01875 0.07812 0.0375
48 0.26406 0.09688 0.22188 0.19375
48 0.89375 0.24688 0.2125 0.1625
48 0.96719 0.0625 0.06563 0.125
48 0.25156 0.56094 0.36562 0.21562
48 0.99688 0.23438 0.00625 0.16875
48 0.13438 0.09688 0.18125 0.19375
48 0.92344 0.48281 0.15312 0.17188
