5 0.62344 0.91719 0.04063 0.04688
5 0.57656 0.90625 0.04063 0.0375
5 0.53438 0.90156 0.0375 0.04063
5 0.50156 0.90312 0.05312 0.05
5 0.26719 0.86094 0.04688 0.05312
5 0.32812 0.86875 0.0625 0.04375
5 0.30937 0.95469 0.08125 0.03438
5 0.93594 0.96875 0.04063 0.05625
5 0.98281 0.62813 0.03438 0.03125
5 0.77969 0.82969 0.04063 0.04688
5 0.19531 0.40156 0.04688 0.04688
5 0.10938 0.51875 0.04375 0.05625
5 0.06875 0.51406 0.0375 0.04688
5 0.03594 0.50781 0.03438 0.04062
5 0.15781 0.38438 0.04062 0.04375
5 0.23906 0.40469 0.04688 0.04688
5 0.40625 0.87969 0.06875 0.03437
5 0.44531 0.8875 0.05937 0.0375
5 0.49219 0.00156 0.04688 0.00312
5 0.46562 0.03438 0.04375 0.04375
5 0.43594 0.08125 0.05313 0.04375
5 0.4125 0.14219 0.04375 0.04688
5 0.36719 0.23125 0.03438 0.04375
48 0.94062 0.82031 0.11875 0.35938
5 0.8875 0.70938 0.04375 0.05625
48 0.175 0.09688 0.35 0.19375
48 0.05781 0.22812 0.11562 0.45625
53 0.14844 0.43594 0.29688 0.25312
