5 0.63906 0.52344 0.02187 0.04062
48 0.9125 0.79531 0.05625 0.14687
48 0.53281 0.66094 0.10938 0.04688
48 0.42188 0.56719 0.08125 0.11562
48 0.36719 0.76875 0.06563 0.15625
48 0.15469 0.67188 0.07187 0.0625
48 0.10312 0.76406 0.075 0.07812
48 0.1875 0.83125 0.06875 0.03125
5 0.79062 0.42031 0.05625 0.02188
5 0.66875 0.27656 0.025 0.04688
48 0.02969 0.01406 0.05938 0.02812
48 0.66875 0.08438 0.0875 0.1125
48 0.56563 0.11406 0.0375 0.07187
48 0.14219 0.60469 0.13438 0.09063
48 0.25 0.97344 0.1125 0.05312
48 0.2875 0.60156 0.1125 0.05937
48 0.6875 0.9625 0.1 0.075
48 0.80625 0.75156 0.13125 0.17812
48 0.11094 0.49219 0.12812 0.14688
48 0.35 0.48438 0.05625 0.1875
48 0.9375 0.6625 0.125 0.05625
48 0.8375 0.95469 0.09375 0.09062
48 0.27969 0.12969 0.20938 0.24688
48 0.40156 0.01562 0.16563 0.03125
48 0.525 0.48438 0.09375 0.14375
48 0.96562 0.79375 0.0625 0.15
48 0.67188 0.79375 0.11875 0.13125
48 0.37031 0.18594 0.05938 0.13438
48 0.68906 0.19062 0.06563 0.11875
48 0.77031 0.95781 0.08437 0.08437
48 0.28281 0.82969 0.12812 0.07188
48 0.54375 0.19375 0.1 0.1375
48 0.56875 0.95625 0.11875 0.0875
48 0.1625 0.15469 0.05625 0.18438
48 0.43906 0.8 0.11563 0.15
48 0.14375 0.97812 0.09375 0.04375
48 0.43281 0.45469 0.09687 0.10312
48 0.63594 0.59844 0.19688 0.08437
48 0.04062 0.13438 0.08125 0.225
48 0.10938 0.15469 0.05 0.22812
48 0.92188 0.49844 0.11875 0.24063
48 0.54531 0.79531 0.10938 0.12187
48 0.27812 0.71719 0.1125 0.12187
48 0.62344 0.2 0.08437 0.125
