48 0.34062 0.01875 0.10625 0.0375
48 0.81562 0.55937 0.09375 0.1375
48 0.90781 0.44688 0.16563 0.08125
48 0.80469 0.36094 0.24687 0.13437
48 0.79375 0.77344 0.075 0.09062
48 0.88437 0.94531 0.1 0.10938
50 0.82344 0.90938 0.12188 0.18125
48 0.55156 0.975 0.05938 0.05
48 0.95781 0.76562 0.08437 0.13125
48 0.99219 0.78906 0.01562 0.05313
48 0.94688 0.77969 0.10625 0.07812
48 0.69375 0.79844 0.24375 0.10938
48 0.3875 0.61719 0.1125 0.07187
48 0.33438 0.52969 0.15 0.10313
48 0.19375 0.49531 0.1 0.10313
48 0.05781 0.4625 0.11562 0.2125
48 0.0375 0.56875 0.075 0.1
48 0.08438 0.63125 0.1625 0.4
48 0.0125 0.64844 0.025 0.12187
48 0.21562 0.15 0.21875 0.175
48 0.575 0.15625 0.09375 0.2
48 0.34531 0.39375 0.37813 0.3
9 0.58125 0.35781 0.04375 0.09063
48 0.33438 0.80313 0.08125 0.1
48 0.70469 0.98906 0.15312 0.02187
48 0.02031 0.89531 0.04062 0.20937
48 0.87656 0.72188 0.10938 0.23125
48 0.84844 0.1875 0.24688 0.2125
48 0.74219 0.44063 0.15938 0.125
48 0.84062 0.31562 0.16875 0.125
48 0.91562 0.54688 0.1125 0.19375
48 0.17188 0.92031 0.30625 0.15938
48 0.97344 0.38906 0.05312 0.14688
48 0.2625 0.60781 0.1875 0.10938
48 0.96562 0.57656 0.06875 0.25938
