48 0.12188 0.89688 0.09375 0.20625
48 0.01562 0.96562 0.03125 0.06875
48 0.01875 0.89062 0.0375 0.05
48 0.00781 0.73438 0.01562 0.16875
48 0.03594 0.75937 0.07187 0.18125
48 0.08281 0.70781 0.04062 0.05938
48 0.01094 0.92188 0.02188 0.03125
48 0.17656 0.92812 0.05313 0.14375
48 0.21562 0.95625 0.04375 0.08125
48 0.25938 0.95781 0.0375 0.08437
48 0.24062 0.88594 0.075 0.05312
48 0.29844 0.90938 0.05313 0.10625
48 0.12656 0.75156 0.06562 0.12187
48 0.31719 0.77188 0.07812 0.175
48 0.42031 0.7875 0.11563 0.19375
48 0.19219 0.76406 0.05313 0.15938
48 0.22656 0.76875 0.04063 0.15
48 0.4 0.93594 0.075 0.12813
48 0.4875 0.78594 0.03125 0.15313
48 0.45312 0.93594 0.04375 0.12813
48 0.51875 0.76875 0.04375 0.125
48 0.49219 0.89062 0.02812 0.05625
48 0.48906 0.95781 0.04063 0.08437
48 0.52188 0.89062 0.05 0.05625
48 0.52969 0.96406 0.05312 0.07188
48 0.6125 0.94062 0.09375 0.11875
48 0.67812 0.96094 0.05 0.07812
48 0.56719 0.76094 0.05312 0.12188
48 0.55469 0.84219 0.04688 0.05312
48 0.62344 0.80156 0.07188 0.19062
48 0.58125 0.87656 0.0375 0.05312
48 0.67656 0.8125 0.04063 0.16875
48 0.6875 0.90469 0.05 0.04688
48 0.72656 0.95469 0.06563 0.09062
48 0.73906 0.90312 0.04063 0.03125
48 0.71094 0.75625 0.04688 0.1
48 0.71094 0.81875 0.04062 0.03125
48 0.76875 0.87656 0.06875 0.04688
48 0.78125 0.93906 0.05 0.08437
48 0.85156 0.93594 0.07812 0.12813
48 0.79531 0.78594 0.07812 0.15937
48 0.9875 0.95938 0.025 0.08125
48 0.97656 0.95 0.03438 0.1
48 0.94531 0.95469 0.04688 0.09062
48 0.90469 0.94531 0.04688 0.10938
48 0.85312 0.77969 0.0375 0.10938
48 0.83906 0.85156 0.02813 0.03438
48 0.86406 0.84375 0.02187 0.025
48 0.75 0.74219 0.0375 0.07812
48 0.88438 0.75937 0.03125 0.1
48 0.925 0.79219 0.0375 0.12812
48 0.94375 0.81094 0.03125 0.09062
48 0.04531 0.54375 0.09062 0.10625
48 0.03594 0.62187 0.07187 0.0625
48 0.10938 0.55469 0.05 0.19063
48 0.01562 0.50938 0.03125 0.20625
48 0.05625 0.47656 0.06875 0.05313
48 0.025 0.30781 0.05 0.17812
48 0.05469 0.34531 0.10938 0.15937
48 0.11719 0.36094 0.09687 0.11563
48 0.14531 0.38594 0.10938 0.16563
48 0.16406 0.55156 0.07188 0.14062
48 0.23594 0.54219 0.04688 0.16563
48 0.21875 0.64375 0.0375 0.03125
48 0.27031 0.53281 0.04063 0.16562
48 0.21094 0.42188 0.09688 0.14375
48 0.26875 0.42031 0.08125 0.10312
48 0.30781 0.53594 0.05312 0.15313
48 0.29531 0.63438 0.05313 0.05
48 0.34531 0.54375 0.05938 0.19375
48 0.38906 0.50625 0.04688 0.15625
48 0.47812 0.59375 0.05625 0.125
48 0.42812 0.53125 0.06875 0.15625
48 0.50938 0.57656 0.05 0.18437
48 0.59375 0.59844 0.05625 0.14062
48 0.66562 0.625 0.0375 0.0875
48 0.68906 0.62813 0.04688 0.08125
48 0.63125 0.62031 0.03125 0.09687
48 0.0125 0.04688 0.025 0.09375
48 0.03281 0.08594 0.06562 0.13438
48 0.33438 0.42656 0.1 0.09687
48 0.06719 0.01875 0.07812 0.0375
48 0.1625 0.23906 0.075 0.06562
48 0.19531 0.18281 0.07812 0.08438
48 0.125 0.09062 0.15 0.18125
48 0.19531 0.00938 0.06562 0.01875
48 0.22813 0.0125 0.0625 0.025
48 0.21406 0.04844 0.05937 0.07188
48 0.37187 0.00469 0.1375 0.00938
48 0.30781 0.05469 0.09687 0.10938
48 0.35 0.06562 0.1125 0.13125
48 0.27031 0.12031 0.06562 0.06563
48 0.32656 0.20781 0.16562 0.27812
48 0.24688 0.19531 0.10625 0.12813
48 0.25625 0.21875 0.0875 0.1125
48 0.19688 0.275 0.05625 0.075
48 0.21875 0.29219 0.05 0.05312
48 0.41719 0.13281 0.08437 0.10312
48 0.35312 0.27344 0.09375 0.13438
48 0.39844 0.30938 0.11562 0.125
48 0.38438 0.36094 0.05 0.04688
48 0.5 0.325 0.08125 0.1125
48 0.425 0.37812 0.05625 0.0625
48 0.45156 0.39219 0.06562 0.07187
48 0.475 0.40938 0.05625 0.075
48 0.475 0.23125 0.13125 0.11875
48 0.56719 0.31406 0.09063 0.12188
48 0.53125 0.45469 0.125 0.11562
48 0.60781 0.475 0.05312 0.05625
48 0.53906 0.39375 0.04688 0.04375
48 0.57812 0.41719 0.05 0.05312
48 0.60625 0.36094 0.08125 0.07187
48 0.45938 0.04688 0.13125 0.09375
48 0.50781 0.09219 0.10312 0.09063
48 0.45156 0.13438 0.09063 0.1375
48 0.67188 0.17812 0.11875 0.10625
48 0.67031 0.06719 0.12187 0.10312
48 0.65625 0.12188 0.16875 0.125
48 0.57031 0.13438 0.06563 0.05625
48 0.54844 0.175 0.09688 0.08125
48 0.82656 0.01875 0.09688 0.0375
48 0.70625 0.02812 0.11875 0.05625
48 0.64688 0.28906 0.125 0.12187
48 0.775 0.07656 0.06875 0.09062
48 0.90938 0.21094 0.18125 0.38438
48 0.79688 0.25781 0.0625 0.05937
48 0.95 0.32344 0.1 0.10313
48 0.79844 0.33906 0.09062 0.07812
48 0.5625 0.22656 0.05625 0.04688
48 0.67031 0.49375 0.07812 0.11875
48 0.72031 0.5125 0.09062 0.125
48 0.71406 0.4125 0.06562 0.0625
48 0.7375 0.36406 0.05625 0.05312
48 0.77656 0.41719 0.11562 0.12188
48 0.80313 0.48906 0.13125 0.19688
48 0.78281 0.59375 0.03438 0.0375
48 0.86719 0.48281 0.12187 0.20938
48 0.87969 0.54688 0.13438 0.2
48 0.925 0.55625 0.15 0.225
48 0.92813 0.3875 0.13125 0.1125
48 0.98438 0.42188 0.03125 0.09375
48 0.94688 0.5875 0.10625 0.25
48 0.98594 0.6375 0.02812 0.15625
48 0.97656 0.71719 0.04688 0.04688
48 0.99062 0.83281 0.01875 0.15313
48 0.575 0.05312 0.075 0.0875
48 0.95938 0.84531 0.08125 0.14062
48 0.88437 0.82031 0.0875 0.15938
48 0.71406 0.86563 0.07812 0.0875
48 0.75312 0.81562 0.05625 0.10625
48 0.50156 0.85 0.08437 0.06875
48 0.53125 0.94531 0.075 0.08438
48 0.25938 0.775 0.08125 0.1875
48 0.29844 0.97188 0.06562 0.05625
