5 0.45781 0.99375 0.07188 0.0125
5 0.43125 0.98125 0.06875 0.0375
5 0.4125 0.96562 0.075 0.04375
5 0.38906 0.94219 0.07187 0.04688
5 0.36406 0.92969 0.07188 0.04062
5 0.34844 0.91094 0.06562 0.04063
5 0.33281 0.88906 0.07812 0.04063
5 0.31094 0.86094 0.06562 0.04063
5 0.40938 0.79844 0.0625 0.06563
5 0.32344 0.69844 0.05938 0.05312
5 0.15781 0.53906 0.08438 0.04062
9 0.17969 0.46875 0.12188 0.075
6 0.06406 0.46875 0.11562 0.11875
5 0.75937 0.21875 0.05625 0.05625
5 0.71406 0.16719 0.05938 0.05313
5 0.67656 0.12812 0.07188 0.05
5 0.92031 0.23438 0.07812 0.04375
5 0.97656 0.24844 0.04688 0.05938
5 0.96094 0.14844 0.05313 0.04063
5 0.98438 0.13125 0.03125 0.04375
7 0.86094 0.08125 0.04688 0.0625
7 0.89219 0.06562 0.07188 0.05625
5 0.91719 0.04688 0.04688 0.05625
5 0.95156 0.0375 0.05937 0.0625
5 0.98281 0.04062 0.03438 0.0625
5 0.99375 0.025 0.0125 0.05
48 0.77344 0.95156 0.39062 0.09688
48 0.72344 0.73125 0.55312 0.4375
5 0.98281 0.42031 0.03438 0.02813
48 0.76094 0.04531 0.47812 0.09062
48 0.46094 0.25781 0.62187 0.51562
48 0.12656 0.17656 0.25312 0.35312
5 0.61719 0.99688 0.05937 0.00625
5 0.84531 0.89219 0.06563 0.03438
5 0.37969 0.74844 0.07812 0.04688
5 0.73906 0.20156 0.06562 0.04688
5 0.69531 0.14688 0.06563 0.04375
5 0.92656 0.15469 0.05938 0.04688
