48 0.91875 0.21562 0.1625 0.05625
48 0.925 0.38438 0.15 0.0625
48 0.70938 0.64375 0.58125 0.3
48 0.55469 0.88281 0.24063 0.23438
48 0.55313 0.44219 0.05625 0.08437
48 0.39844 0.4625 0.06563 0.10625
48 0.51094 0.42812 0.04063 0.0375
48 0.5125 0.46406 0.0375 0.04063
48 0.4625 0.42969 0.0625 0.05312
48 0.4625 0.48125 0.0625 0.05625
48 0.3375 0.44844 0.0375 0.05938
48 0.28125 0.43125 0.0875 0.05625
48 0.32969 0.50625 0.07187 0.05625
48 0.3 0.46875 0.04375 0.025
48 0.24844 0.47188 0.07187 0.04375
48 0.22812 0.44219 0.03125 0.02813
48 0.25938 0.52344 0.08125 0.06563
48 0.18125 0.43281 0.04375 0.04688
48 0.13906 0.44063 0.04062 0.04375
48 0.14062 0.475 0.04375 0.0375
48 0.11406 0.97188 0.16562 0.05625
48 0.24219 0.99062 0.10938 0.01875
48 0.32188 0.97031 0.11875 0.05937
48 0.20938 0.95312 0.10625 0.09375
48 0.28125 0.92344 0.10625 0.11562
48 0.0375 0.93438 0.075 0.13125
48 0.08281 0.90156 0.12813 0.15313
48 0.14531 0.87344 0.09688 0.13438
48 0.17969 0.84375 0.08437 0.10625
48 0.21875 0.83438 0.08125 0.125
48 0.25469 0.80625 0.08438 0.11875
48 0.1375 0.77812 0.10625 0.08125
48 0.07656 0.80312 0.06562 0.075
48 0.21094 0.74531 0.07812 0.05938
48 0.21875 0.70469 0.05 0.05937
48 0.17031 0.71094 0.05313 0.05937
48 0.125 0.72812 0.04375 0.0625
48 0.07187 0.74219 0.06875 0.06563
48 0.20781 0.65625 0.06563 0.0625
48 0.15469 0.66406 0.05938 0.05937
48 0.10781 0.68281 0.05938 0.05938
48 0.05156 0.69531 0.07187 0.07187
48 0.2 0.60625 0.0625 0.0625
48 0.14531 0.60938 0.05313 0.05625
48 0.10625 0.62344 0.06875 0.07188
48 0.06094 0.62969 0.05312 0.06562
48 0.02969 0.64375 0.05938 0.075
48 0.00625 0.66562 0.0125 0.075
48 0.01875 0.57969 0.0375 0.07188
48 0.04688 0.57344 0.05625 0.07188
48 0.09688 0.56406 0.06875 0.07812
48 0.19375 0.5375 0.05625 0.075
48 0.14531 0.54688 0.05313 0.075
48 0.18281 0.47969 0.05937 0.05938
48 0.07656 0.46875 0.05312 0.06875
48 0.03125 0.47031 0.04375 0.05313
48 0.01406 0.48594 0.02812 0.05312
48 0.01875 0.81406 0.0375 0.17188
48 0.0375 0.86406 0.075 0.15937
48 0.27031 0.00781 0.54062 0.01562
10 0.41719 0.95156 0.04063 0.09688
6 0.37031 0.625 0.04063 0.09375
6 0.4 0.7125 0.05 0.0875
22 0.30781 0.30469 0.09687 0.04688
46 0.56719 0.90781 0.27187 0.18437
48 0.71094 0.97656 0.57812 0.04688
18 0.025 0.30781 0.05 0.12188
18 0.14062 0.28438 0.1875 0.1375
