48 0.10781 0.37969 0.21562 0.59063
48 0.42031 0.41719 0.19688 0.18438
5 0.79844 0.39219 0.05312 0.05938
5 0.77188 0.37656 0.05625 0.05938
5 0.73125 0.33594 0.05625 0.04688
5 0.7125 0.31719 0.05625 0.04688
5 0.62187 0.24062 0.05 0.04375
5 0.60469 0.21875 0.04688 0.0375
5 0.5625 0.18281 0.05 0.04062
5 0.49219 0.2875 0.04062 0.04375
5 0.4625 0.26875 0.05 0.04375
5 0.44531 0.24531 0.05312 0.04062
5 0.48281 0.11719 0.05313 0.03437
5 0.34062 0.15156 0.05 0.04062
5 0.31563 0.12969 0.05 0.04062
5 0.27187 0.09219 0.05 0.03438
5 0.25469 0.07344 0.04688 0.04062
5 0.23125 0.05625 0.05 0.04375
48 0.07187 0.96875 0.14375 0.0625
48 0.12031 0.69687 0.24062 0.25625
48 0.66094 0.80156 0.52813 0.39688
48 0.42656 0.83281 0.44688 0.33438
9 0.13281 0.80938 0.05938 0.05
9 0.09688 0.8625 0.05625 0.05
5 0.06406 0.87188 0.04687 0.0375
5 0.04531 0.89062 0.05312 0.0375
6 0.65 0.53438 0.1 0.09375
6 0.68594 0.56563 0.09688 0.09375
6 0.61719 0.50938 0.10312 0.10625
10 0.9375 0.65938 0.0625 0.08125
6 0.72188 0.59531 0.09375 0.10313
10 0.89219 0.61563 0.05937 0.05625
