48 0.96875 0.81875 0.0625 0.11875
48 0.99688 0.97656 0.00625 0.04688
48 0.9625 0.96406 0.075 0.07188
48 0.92812 0.9375 0.14375 0.125
48 0.51562 0.94531 0.275 0.10938
48 0.68906 0.98906 0.16563 0.02187
48 0.74062 0.95312 0.175 0.09375
48 0.57969 0.875 0.19063 0.16875
48 0.77031 0.87656 0.21563 0.15312
48 0.61094 0.78438 0.22188 0.15625
48 0.68125 0.72344 0.225 0.16563
48 0.81562 0.76562 0.13125 0.10625
48 0.86406 0.69219 0.16563 0.15313
48 0.725 0.62187 0.25625 0.225
48 0.05781 0.43594 0.11562 0.18437
48 0.00156 0.3625 0.00312 0.1625
48 0.4625 0.4875 0.225 0.19375
48 0.29531 0.41562 0.17813 0.13125
48 0.42812 0.65938 0.20625 0.24375
48 0.34531 0.77969 0.19062 0.14687
48 0.30312 0.85625 0.175 0.15625
48 0.25 0.93281 0.19375 0.13438
48 0.1125 0.88906 0.225 0.16563
48 0.14219 0.79844 0.23438 0.18437
48 0.17656 0.70938 0.20938 0.15
48 0.25625 0.58594 0.2875 0.26562
48 0.01719 0.6125 0.03438 0.15625
48 0.20312 0.02656 0.0875 0.05312
48 0.12031 0.06562 0.07812 0.06875
48 0.0625 0.13438 0.125 0.11875
48 0.01562 0.24062 0.03125 0.125
48 0.36094 0.25 0.14062 0.10625
48 0.37969 0.19375 0.10938 0.075
48 0.42812 0.13125 0.16875 0.125
48 0.43594 0.06094 0.11563 0.07187
48 0.06562 0.09531 0.13125 0.12812
48 0.13281 0.14375 0.05312 0.06875
48 0.25469 0.01562 0.07188 0.03125
48 0.50156 0.00625 0.15938 0.0125
48 0.66562 0.00156 0.15 0.00312
48 0.99375 0.45625 0.0125 0.05
48 0.97656 0.50156 0.04688 0.07812
48 0.95312 0.4625 0.06875 0.05625
48 0.96719 0.43125 0.06563 0.05
48 0.90625 0.47031 0.075 0.06563
48 0.94219 0.50156 0.04063 0.03438
48 0.85625 0.44844 0.075 0.09063
48 0.78594 0.40156 0.13438 0.14687
48 0.94531 0.35312 0.10938 0.1625
48 0.81562 0.32031 0.15 0.07188
48 0.89219 0.26562 0.07812 0.05625
48 0.90625 0.23438 0.0625 0.03125
48 0.80469 0.24375 0.05313 0.04375
48 0.80625 0.19844 0.0625 0.05313
48 0.86562 0.175 0.175 0.075
48 0.87969 0.12344 0.16563 0.05938
48 0.88281 0.06875 0.15312 0.0625
48 0.85469 0.02031 0.10938 0.04062
48 0.96406 0.04688 0.07188 0.09375
48 0.98125 0.2 0.0375 0.10625
48 0.48594 0.26719 0.12188 0.15937
48 0.60156 0.35312 0.09688 0.09375
48 0.64844 0.19375 0.12813 0.075
48 0.64375 0.15 0.1125 0.05
48 0.60312 0.25938 0.15 0.09375
48 0.56563 0.07344 0.1125 0.07187
48 0.66406 0.0625 0.11563 0.125
5 0.275 0.06719 0.03125 0.04062
5 0.99062 0.27969 0.01875 0.02188
5 0.19844 0.38438 0.02188 0.03125
5 0.12031 0.51562 0.00937 0.025
5 0.04375 0.69844 0.025 0.03437
5 0.00625 0.98594 0.0125 0.02812
9 0.16875 0.99062 0.06875 0.01875
