48 0.28594 0.53281 0.57188 0.35312
48 0.71406 0.44531 0.57188 0.36562
48 0.48594 0.97969 0.83438 0.04063
48 0.75625 0.72656 0.39375 0.17813
5 0.5875 0.29531 0.075 0.02813
5 0.04844 0.42188 0.04687 0.04375
5 0.27344 0.38594 0.05312 0.04063
5 0.30469 0.37812 0.07188 0.0375
5 0.59219 0.33281 0.04688 0.04063
5 0.67188 0.32188 0.06875 0.0375
5 0.63437 0.32812 0.05625 0.03125
5 0.74375 0.31094 0.05625 0.03437
5 0.77656 0.29844 0.05312 0.03437
5 0.81094 0.29531 0.06563 0.04062
5 0.40312 0.34375 0.05625 0.04375
5 0.52031 0.34531 0.05312 0.04062
5 0.99844 0.25625 0.00313 0.04375
48 0.92812 0.94531 0.14375 0.10938
48 0.05781 0.91875 0.11562 0.08125
48 0.49219 0.91094 0.13437 0.07812
53 0.6625 0.31094 0.19375 0.07812
