5 0.91094 0.01719 0.04063 0.03438
8 0.19531 0.06094 0.05312 0.05312
10 0.16875 0.04688 0.05 0.05
10 0.20625 0.09687 0.05625 0.0625
8 0.25312 0.11406 0.05625 0.05313
8 0.30469 0.13125 0.05312 0.05
9 0.59062 0.64531 0.10625 0.08437
9 0.60625 0.61406 0.1 0.07812
53 0.52969 0.50469 0.49062 0.56563
42 0.45 0.26406 0.075 0.07187
42 0.49688 0.30938 0.075 0.0625
42 0.52188 0.33438 0.075 0.0625
42 0.55625 0.35156 0.075 0.06563
43 0.59531 0.41406 0.09688 0.08437
42 0.58594 0.37656 0.08438 0.07187
42 0.64375 0.42656 0.08125 0.07188
42 0.66875 0.45 0.075 0.08125
48 0.90312 0.625 0.19375 0.26875
48 0.05781 0.07031 0.11562 0.13438
48 0.90312 0.30312 0.19375 0.2875
48 0.82812 0.19062 0.24375 0.19375
39 0.58438 0.5375 0.09375 0.04375
48 0.68281 0.10156 0.20937 0.20312
48 0.92188 0.00469 0.15625 0.00938
48 0.43281 0.00938 0.28437 0.01875
39 0.54062 0.66562 0.11875 0.10625
48 0.56875 0.05625 0.21875 0.1125
