48 0.98438 0.2625 0.03125 0.225
48 0.62031 0.45938 0.35938 0.3875
48 0.92812 0.47656 0.14375 0.52188
48 0.03438 0.69844 0.06875 0.10938
48 0.05312 0.77812 0.10625 0.09375
48 0.09062 0.85625 0.1375 0.1125
48 0.01406 0.87969 0.02812 0.09687
48 0.04375 0.96094 0.0875 0.07812
48 0.1375 0.95469 0.14375 0.09062
48 0.54062 0.79844 0.66875 0.35938
48 0.65938 0.85781 0.50625 0.20937
48 0.34531 0.99062 0.11563 0.01875
48 0.25 0.99375 0.0875 0.0125
9 0.90469 0.65156 0.05312 0.05938
9 0.97344 0.36406 0.05312 0.04063
4 0.66406 0.35938 0.03438 0.03125
4 0.69375 0.4125 0.03125 0.03125
4 0.73125 0.45 0.03125 0.03125
9 0.8 0.54375 0.04375 0.04375
5 0.84688 0.64219 0.025 0.04063
4 0.86406 0.68281 0.02813 0.04063
48 0.70312 0.97344 0.1625 0.05312
48 0.5875 0.97031 0.25 0.05937
52 0.96406 0.59062 0.07188 0.81875
48 0.875 0.35156 0.25 0.16563
