43 0.45312 0.43906 0.0875 0.09687
38 0.40156 0.55469 0.10938 0.09688
43 0.51094 0.52344 0.07188 0.07187
38 0.33906 0.39531 0.10313 0.08437
43 0.40781 0.4375 0.07187 0.09375
48 0.48594 0.97188 0.13437 0.05625
48 0.26562 0.98281 0.2 0.03438
5 0.85312 0.975 0.05 0.0375
5 0.2125 0.08438 0.05625 0.05
5 0.96406 0.08438 0.04688 0.04375
5 0.21719 0.08125 0.05938 0.05625
5 0.41875 0.1625 0.05 0.04375
5 0.37188 0.13281 0.05625 0.04688
48 0.34062 0.92188 0.125 0.09375
48 0.80312 0.12812 0.25 0.18125
48 0.46875 0.08594 0.20625 0.17188
48 0.85625 0.03594 0.2875 0.07187
48 0.74375 0.26562 0.21875 0.19375
48 0.975 0.45781 0.05 0.17187
48 0.6 0.63438 0.20625 0.16875
48 0.59375 0.03125 0.14375 0.0625
48 0.35312 0.04219 0.18125 0.08438
48 0.65938 0.92656 0.24375 0.14687
48 0.66875 0.51406 0.2125 0.17813
48 0.73125 0.74375 0.23125 0.1625
48 0.59688 0.18125 0.1875 0.1875
43 0.45625 0.34219 0.0625 0.06562
48 0.40469 0.82031 0.11563 0.10312
48 0.13281 0.26094 0.26562 0.52188
48 0.91875 0.72344 0.1625 0.20937
48 0.98125 0.72344 0.0375 0.17188
48 0.96094 0.26719 0.07812 0.16562
48 0.86094 0.34219 0.17812 0.17813
48 0.81094 0.60938 0.20937 0.1625
42 0.57187 0.42031 0.05625 0.05938
48 0.69531 0.05625 0.15312 0.1125
