48 0.4 0.72344 0.275 0.27187
48 0.43594 0.48594 0.37187 0.25313
48 0.28438 0.89062 0.2875 0.21875
5 0.1875 0.73281 0.025 0.02812
5 0.14375 0.28594 0.0375 0.02813
5 0.15937 0.26406 0.03125 0.02188
5 0.17031 0.25 0.02813 0.025
5 0.18281 0.23438 0.04688 0.0375
5 0.18906 0.21094 0.04062 0.03437
5 0.32344 0.25312 0.04063 0.03125
5 0.37812 0.275 0.0375 0.025
5 0.1 0.39219 0.04375 0.02813
6 0.45 0.31094 0.05625 0.04688
5 0.52188 0.33906 0.05 0.04063
5 0.56406 0.3625 0.04688 0.03125
5 0.61094 0.37969 0.04063 0.02813
5 0.57969 0.4375 0.02812 0.0375
5 0.80938 0.55781 0.0375 0.04688
48 0.24219 0.38281 0.27187 0.21562
5 0.54062 0.42188 0.025 0.0375
5 0.62031 0.45469 0.02813 0.04688
5 0.59844 0.44688 0.02187 0.0375
5 0.51875 0.41406 0.03125 0.04063
5 0.03438 0.7125 0.04375 0.025
5 0.17969 0.82031 0.05312 0.03438
5 0.0875 0.98125 0.05 0.03125
5 0.14531 0.87031 0.04062 0.04063
5 0.08281 0.99688 0.04062 0.00625
5 0.55937 0.42969 0.025 0.04688
