48 0.12656 0.96875 0.06562 0.0625
48 0.90781 0.03281 0.18437 0.06562
48 0.9 0.92031 0.13125 0.14062
48 0.85156 0.82656 0.11563 0.11562
48 0.74375 0.77656 0.15 0.11562
48 0.86563 0.625 0.11875 0.3125
48 0.75 0.67656 0.1625 0.12188
48 0.75781 0.53906 0.12187 0.22188
48 0.00156 0.23594 0.00312 0.19687
48 0.01094 0.07812 0.02188 0.15625
48 0.6 0.09375 0.1625 0.1875
48 0.35938 0.40938 0.71875 0.275
48 0.30156 0.16406 0.44062 0.30937
48 0.59375 0.22969 0.21875 0.12813
48 0.27344 0.00469 0.07812 0.00938
48 0.98438 0.38125 0.03125 0.05625
48 0.96406 0.27656 0.07188 0.17812
48 0.93125 0.25938 0.05625 0.05625
48 0.90469 0.21094 0.07812 0.07188
