48 0.3625 0.92031 0.725 0.15938
48 0.75312 0.22969 0.49375 0.45938
5 0.63125 0.77344 0.03125 0.05937
5 0.65 0.76719 0.0375 0.05312
40 0.725 0.71562 0.11875 0.09375
40 0.72812 0.65312 0.11875 0.09375
33 0.97656 0.42969 0.04688 0.06563
48 0.01875 0.34375 0.0375 0.09375
48 0.49062 0.12969 0.08125 0.09688
48 0.55625 0.10938 0.1 0.09375
11 0.64062 0.03438 0.25 0.06875
48 0.23125 0.78906 0.4625 0.42188
5 0.65781 0.8125 0.02187 0.0375
5 0.61094 0.76875 0.02187 0.04375
5 0.62031 0.81719 0.02187 0.04063
5 0.60938 0.63281 0.025 0.05313
5 0.5875 0.58906 0.025 0.04688
48 0.3625 0.34844 0.3625 0.21562
43 0.70625 0.59219 0.125 0.07812
40 0.75938 0.76562 0.1125 0.09375
47 0.25156 0.14531 0.50313 0.29063
