48 0.325 0.77031 0.51875 0.45938
48 0.5875 0.52031 0.71875 0.92188
48 0.91562 0.94531 0.16875 0.10938
48 0.4 0.075 0.45 0.15
48 0.94531 0.08438 0.10938 0.16875
48 0.99219 0.18594 0.01562 0.36562
5 0.93594 0.57031 0.04063 0.03438
5 0.925 0.55 0.04375 0.03125
5 0.91562 0.52656 0.05 0.02813
5 0.90312 0.50469 0.04375 0.02813
5 0.95469 0.60781 0.05312 0.02812
5 0.91406 0.45781 0.02812 0.03437
5 0.94375 0.45781 0.0375 0.04063
5 0.99375 0.47969 0.0125 0.02813
5 0.99219 0.45625 0.01562 0.025
5 0.98438 0.43594 0.03125 0.02813
5 0.97031 0.41562 0.04688 0.03125
5 0.95312 0.40156 0.0375 0.02813
5 0.94688 0.37969 0.04375 0.02813
5 0.99219 0.375 0.01562 0.03125
5 0.81719 0.10781 0.04063 0.02812
5 0.80781 0.09062 0.04063 0.025
5 0.79688 0.06562 0.04375 0.025
5 0.81406 0.03125 0.04688 0.03125
5 0.775 0.02031 0.0375 0.02813
5 0.76094 0.00625 0.03437 0.0125
5 0.92188 0.00156 0.0375 0.00312
5 0.8875 0.13594 0.03125 0.02188
5 0.89688 0.15781 0.03125 0.02188
5 0.9125 0.18438 0.025 0.025
5 0.925 0.20781 0.025 0.02188
5 0.93906 0.22969 0.03438 0.02812
5 0.95 0.25469 0.03125 0.02812
5 0.9625 0.28281 0.03125 0.02188
5 0.97969 0.30625 0.02813 0.025
5 0.9875 0.35 0.025 0.025
5 0.99844 0.39531 0.00313 0.02813
5 0.8875 0.48594 0.0375 0.02813
53 0.91406 0.47656 0.17188 0.34062
