9 0.79062 0.92031 0.05 0.07188
9 0.81562 0.81875 0.0375 0.06875
5 0.2875 0.86094 0.05625 0.02812
5 0.68594 0.61719 0.04688 0.02188
5 0.62969 0.65156 0.03437 0.04063
5 0.69688 0.55937 0.05 0.025
5 0.79062 0.62344 0.025 0.04688
5 0.41562 0.43281 0.0375 0.02187
5 0.4125 0.4125 0.04375 0.03125
5 0.89844 0.20312 0.02812 0.05
5 0.64844 0.51406 0.03438 0.02812
5 0.74688 0.49688 0.05 0.0375
48 0.02656 0.89844 0.05312 0.20312
48 0.00938 0.23594 0.01875 0.47188
48 0.06719 0.31719 0.13438 0.29688
48 0.11562 0.58438 0.13125 0.1125
11 0.04688 0.71094 0.09375 0.07187
6 0.48125 0.90312 0.06875 0.03125
5 0.45156 0.49687 0.04688 0.03125
5 0.54375 0.62656 0.05625 0.04063
48 0.62969 0.73906 0.15313 0.15937
48 0.54375 0.78125 0.18125 0.15
48 0.3375 0.64062 0.175 0.39375
48 0.41406 0.77812 0.10313 0.11875
48 0.05312 0.62031 0.10625 0.06562
9 0.35 0.11562 0.05625 0.05625
48 0.54531 0.16875 0.10938 0.10625
48 0.42656 0.04844 0.19688 0.09688
5 0.58594 0.05 0.02812 0.05625
5 0.62187 0.12656 0.04375 0.02188
48 0.18906 0.36875 0.13437 0.14375
5 0.38438 0.38906 0.05 0.02813
5 0.675 0.53438 0.05 0.03125
5 0.46562 0.51094 0.04375 0.03437
