5 0.00938 0.05312 0.01875 0.0375
5 0.00156 0.02812 0.00312 0.01875
5 0.00938 0.70156 0.01875 0.04688
5 0.01875 0.0125 0.025 0.025
5 0.02969 0.60938 0.04062 0.01875
5 0.05 0.80469 0.0375 0.04688
48 0.99531 0.325 0.00938 0.05625
48 0.51562 0.06875 0.08125 0.08125
5 0.97812 0.94688 0.04375 0.03125
5 0.90625 0.94687 0.04375 0.025
5 0.83906 0.93438 0.04063 0.025
5 0.7625 0.92656 0.03125 0.01562
5 0.67656 0.91094 0.05312 0.02187
5 0.60312 0.9125 0.05625 0.025
5 0.96406 0.02656 0.04063 0.05312
5 0.89219 0.00469 0.04688 0.00938
5 0.92812 0.075 0.04375 0.03125
5 0.93594 0.10469 0.04688 0.02812
5 0.98438 0.07656 0.025 0.04062
48 0.61406 0.05156 0.20937 0.10312
48 0.74531 0.15937 0.39062 0.31875
48 0.78281 0.0125 0.14062 0.025
48 0.90781 0.3 0.18437 0.11875
48 0.98906 0.20937 0.02187 0.06875
9 0.30781 0.3 0.05312 0.09375
9 0.25781 0.27812 0.09062 0.05
9 0.25625 0.30781 0.08125 0.04688
9 0.27656 0.36406 0.09063 0.07188
13 0.49688 0.26562 0.10625 0.05
13 0.5 0.29219 0.1 0.05312
13 0.50469 0.31406 0.08437 0.04062
9 0.27969 0.23906 0.04688 0.07188
