48 0.24844 0.03594 0.29688 0.07187
48 0.05781 0.04062 0.11562 0.08125
48 0.10469 0.225 0.20938 0.11875
48 0.56563 0.03906 0.1375 0.07812
48 0.66875 0.02188 0.24375 0.04375
48 0.14531 0.8625 0.09688 0.075
48 0.04844 0.33281 0.09688 0.17812
48 0.00469 0.09219 0.00938 0.10312
48 0.32344 0.98125 0.08437 0.0375
48 0.12656 0.99688 0.14688 0.00625
48 0.03125 0.97969 0.0625 0.04063
48 0.06562 0.27969 0.13125 0.14062
48 0.58125 0.99688 0.15 0.00625
48 0.24219 0.39531 0.22188 0.20312
5 0.17812 0.11406 0.04375 0.04062
48 0.05625 0.80938 0.1125 0.10625
48 0.37969 0.2375 0.12188 0.09375
48 0.00625 0.41562 0.0125 0.23125
48 0.47812 0.13281 0.15 0.11562
5 0.02188 0.14531 0.04375 0.02188
48 0.42656 0.1875 0.13438 0.10625
48 0.35156 0.30156 0.21562 0.15312
48 0.13281 0.52188 0.17188 0.14375
48 0.5375 0.08281 0.19375 0.15312
5 0.13125 0.125 0.0375 0.0375
