48 0.46719 0.11875 0.08438 0.0625
48 0.00781 0.86094 0.01562 0.03438
48 0.75312 0.25156 0.15625 0.12812
48 0.25625 0.31406 0.075 0.09687
48 0.6625 0.19219 0.1125 0.13438
48 0.05938 0.18594 0.11875 0.14062
48 0.70625 0.75781 0.0625 0.07187
48 0.62813 0.83281 0.2 0.08437
48 0.98125 0.76719 0.0375 0.14062
48 0.29531 0.83438 0.14688 0.06875
48 0.01094 0.80313 0.02188 0.05625
48 0.8625 0.59062 0.08125 0.075
48 0.02812 0.47188 0.05625 0.0625
48 0.37656 0.1875 0.14062 0.18125
48 0.48438 0.77031 0.09375 0.11562
48 0.38125 0.89375 0.11875 0.075
48 0.15 0.54375 0.10625 0.16875
48 0.1125 0.32031 0.13125 0.15938
48 0.59375 0.2375 0.09375 0.1125
48 0.01094 0.37031 0.02188 0.12812
48 0.94062 0.63281 0.0625 0.14688
48 0.47969 0.20781 0.14063 0.20312
48 0.64219 0.69844 0.16563 0.05938
48 0.19219 0.00469 0.14688 0.00938
48 0.57188 0.48125 0.14375 0.1125
48 0.30625 0.77031 0.18125 0.09687
48 0.00625 0.17969 0.0125 0.12188
48 0.83594 0.72344 0.09062 0.09687
48 0.88906 0.25781 0.22188 0.17188
48 0.8125 0.09688 0.16875 0.19375
48 0.74531 0.45938 0.27187 0.14375
48 0.98438 0.63906 0.03125 0.09062
48 0.44062 0.50469 0.14375 0.14687
48 0.75312 0.725 0.0625 0.1625
48 0.1125 0.82656 0.10625 0.08437
48 0.17188 0.23281 0.13125 0.29063
48 0.91562 0.78438 0.05625 0.10625
48 0.62031 0.09375 0.17188 0.1375
48 0.95469 0.05 0.09062 0.1
