48 0.92812 0.91875 0.14375 0.075
48 0.86875 0.98281 0.1375 0.03438
48 0.14688 0.84688 0.29375 0.14375
48 0.35938 0.85469 0.1625 0.07812
48 0.97188 0.7 0.05625 0.075
48 0.90469 0.56875 0.14062 0.1125
48 0.54062 0.74844 0.1625 0.10938
5 0.85156 0.27344 0.04688 0.05312
48 0.96875 0.38125 0.0625 0.06875
48 0.99219 0.29375 0.01562 0.18125
48 0.93594 0.16719 0.12813 0.10937
5 0.70938 0.1 0.0375 0.04375
5 0.76406 0.01094 0.04063 0.02188
9 0.66719 0.01406 0.04063 0.02812
48 0.7875 0.82812 0.175 0.13125
48 0.70938 0.69375 0.075 0.0875
48 0.04688 0.65938 0.09375 0.11875
48 0.14375 0.6125 0.0625 0.1
48 0.28438 0.61719 0.2125 0.16562
48 0.5125 0.60625 0.20625 0.13125
48 0.62344 0.55781 0.07812 0.08437
48 0.91562 0.05469 0.16875 0.10938
48 0.20625 0.06094 0.21875 0.12188
48 0.06562 0.28125 0.13125 0.19375
48 0.18438 0.44844 0.14375 0.12812
48 0.025 0.44375 0.05 0.05
48 0.67188 0.38906 0.06875 0.04688
48 0.46875 0.35156 0.2625 0.15938
48 0.28438 0.38125 0.15 0.10625
48 0.59531 0.12812 0.11562 0.0625
48 0.40938 0.98281 0.06875 0.03438
