5 0.57969 0.1 0.02812 0.05
5 0.63594 0.10312 0.02813 0.05625
6 0.86406 0.01875 0.08437 0.0375
6 0.86562 0.04844 0.08125 0.04063
6 0.85 0.07812 0.0875 0.04375
6 0.84688 0.11406 0.08125 0.04062
6 0.83125 0.14375 0.08125 0.04375
6 0.82031 0.17656 0.09062 0.04062
5 0.61094 0.2375 0.02812 0.05625
5 0.66719 0.24062 0.02813 0.05625
5 0.69531 0.24531 0.02812 0.05312
5 0.71562 0.25469 0.025 0.05313
5 0.74688 0.25781 0.025 0.05937
5 0.78594 0.27187 0.02813 0.0625
5 0.81406 0.275 0.02812 0.05625
5 0.86094 0.21875 0.04688 0.03125
5 0.85625 0.24844 0.05 0.03437
53 0.725 0.14219 0.55 0.28438
48 0.95 0.40312 0.025 0.05625
48 0.15469 0.44844 0.10312 0.20313
