48 0.11562 0.075 0.1625 0.15
48 0.35781 0.09687 0.11563 0.15625
48 0.92031 0.34531 0.15938 0.25312
48 0.93438 0.50937 0.13125 0.225
48 0.84062 0.97812 0.2125 0.04375
48 0.74063 0.98906 0.15 0.02187
48 0.99062 0.85938 0.01875 0.18125
48 0.63437 0.36094 0.13125 0.18438
48 0.67813 0.23125 0.1625 0.11875
48 0.89219 0.64375 0.17188 0.11875
48 0.93125 0.08594 0.1375 0.15937
48 0.57969 0.10938 0.15938 0.13125
48 0.86094 0.94375 0.26562 0.1125
48 0.38906 0.50156 0.50938 0.33438
48 0.25156 0.62187 0.20313 0.15625
48 0.32031 0.02812 0.12813 0.05625
48 0.81719 0.37656 0.13438 0.14062
48 0.82656 0.56719 0.15938 0.14687
48 0.74375 0.44844 0.09375 0.09063
48 0.60312 0.80469 0.3 0.39062
48 0.94531 0.70312 0.10938 0.175
48 0.96094 0.0125 0.07812 0.025
48 0.54375 0.03438 0.18125 0.06875
48 0.20469 0.04062 0.15937 0.08125
48 0.87656 0.03281 0.13438 0.06562
48 0.55469 0.28125 0.10312 0.0875
48 0.68594 0.02344 0.19688 0.04688
48 0.69219 0.57656 0.08437 0.08437
48 0.05625 0.01406 0.1125 0.02812
48 0.475 0.86094 0.28125 0.27812
48 0.05469 0.09375 0.10938 0.18125
48 0.99219 0.16875 0.01562 0.19375
48 0.69375 0.48906 0.14375 0.12812
48 0.74844 0.10156 0.20312 0.14687
48 0.97969 0.96562 0.04063 0.06875
48 0.83906 0.22813 0.17812 0.1625
48 0.70469 0.32031 0.15312 0.14062
48 0.90312 0.52344 0.1125 0.09688
