5 0.73125 0.11562 0.08125 0.03125
5 0.49531 0.50156 0.07813 0.03438
4 0.725 0.14375 0.075 0.03125
5 0.66562 0.20156 0.0875 0.04062
5 0.66094 0.23281 0.09063 0.02813
5 0.64844 0.26719 0.08438 0.03437
5 0.625 0.31562 0.08125 0.03125
5 0.60469 0.34375 0.08437 0.0375
5 0.6 0.375 0.06875 0.0375
5 0.42344 0.5875 0.07187 0.0375
5 0.39531 0.65625 0.08437 0.0375
5 0.36562 0.68125 0.075 0.03125
5 0.325 0.72344 0.0625 0.03437
5 0.27187 0.84375 0.08125 0.0375
48 0.75781 0.975 0.14688 0.05
48 0.79375 0.92969 0.15 0.09062
48 0.8375 0.86406 0.1375 0.08437
48 0.87812 0.80156 0.15 0.08437
48 0.925 0.72656 0.15 0.12813
48 0.96406 0.63437 0.07188 0.0875
48 0.9875 0.55625 0.025 0.1125
48 0.99688 0.01406 0.00625 0.02812
48 0.97188 0.06562 0.05625 0.125
48 0.92031 0.21719 0.15938 0.11563
48 0.86875 0.30781 0.1625 0.12813
48 0.8125 0.39062 0.1375 0.08125
48 0.78906 0.44688 0.12813 0.06875
48 0.73438 0.51562 0.15 0.13125
48 0.68125 0.59688 0.15625 0.10625
48 0.64062 0.66094 0.15 0.10313
48 0.58594 0.7375 0.19063 0.1375
48 0.52188 0.8375 0.16875 0.10625
48 0.47812 0.90469 0.19375 0.10313
48 0.43594 0.9625 0.14062 0.075
48 0.38594 0.99844 0.15313 0.00313
48 0.93125 0.32344 0.1375 0.29688
48 0.85 0.55312 0.21875 0.19375
48 0.72656 0.725 0.20312 0.23125
48 0.58281 0.91406 0.25938 0.17188
48 0.575 0.11719 0.4875 0.23438
5 0.22188 0.93906 0.05625 0.04063
