4 0.7375 0.46719 0.04375 0.04062
4 0.06094 0.57031 0.09688 0.05313
48 0.025 0.09688 0.05 0.14375
53 0.77031 0.49688 0.27813 0.15
53 0.97031 0.55781 0.05937 0.14687
53 0.425 0.40156 0.3 0.13438
53 0.94219 0.675 0.11562 0.3375
53 0.59687 0.48125 0.70625 0.26875
29 0.17656 0.83594 0.35312 0.32812
29 0.65156 0.97031 0.69688 0.05937
5 0.43594 0.39688 0.02813 0.05
5 0.53906 0.43281 0.02812 0.04063
5 0.96875 0.52188 0.04375 0.05625
5 0.7875 0.47969 0.03125 0.03437
5 0.39531 0.69219 0.02813 0.04688
5 0.82344 0.49062 0.03437 0.04375
5 0.33906 0.65312 0.05312 0.0375
5 0.50156 0.42812 0.02813 0.05
5 0.85625 0.50156 0.03125 0.04062
5 0.65938 0.46094 0.05 0.05312
5 0.88594 0.50938 0.03437 0.04375
5 0.99375 0.53125 0.0125 0.0375
5 0.35625 0.38125 0.04375 0.05625
5 0.39688 0.39219 0.03125 0.05313
5 0.46875 0.42031 0.0375 0.04688
