5 0.76875 0.2 0.0375 0.0625
5 0.74531 0.38438 0.02813 0.05
48 0.95 0.32656 0.1 0.65312
5 0.62344 0.83125 0.04688 0.075
5 0.99531 0.73281 0.00938 0.04688
48 0.88906 0.89375 0.22188 0.2125
48 0.51562 0.17656 0.1875 0.13438
5 0.45469 0.72656 0.07187 0.04062
48 0.3375 0.87969 0.16875 0.09687
48 0.26875 0.71406 0.25 0.13438
48 0.42656 0.95312 0.10313 0.09375
48 0.51562 0.575 0.21875 0.11875
48 0.42812 0.35312 0.28125 0.1125
48 0.07344 0.15625 0.14688 0.275
48 0.05 0.57188 0.1 0.175
5 0.52344 0.87812 0.05937 0.025
48 0.48906 0.0125 0.19062 0.025
