48 0.49219 0.96719 0.83438 0.06563
5 0.02031 0.2875 0.04062 0.05
5 0.00625 0.36719 0.0125 0.03438
5 0.06406 0.33906 0.05938 0.03437
5 0.04062 0.38125 0.075 0.04375
5 0.19219 0.35156 0.06563 0.04063
5 0.1375 0.41562 0.0625 0.0375
5 0.09219 0.39844 0.05938 0.04063
5 0.21406 0.43906 0.06563 0.04062
5 0.25938 0.45625 0.05625 0.04375
5 0.0375 0.55937 0.0625 0.0375
5 0.275 0.38125 0.0625 0.03125
5 0.13281 0.36562 0.05938 0.0375
5 0.40312 0.50469 0.05625 0.03437
5 0.47031 0.45156 0.05938 0.03437
5 0.30781 0.47188 0.05312 0.03125
5 0.35 0.48594 0.05625 0.04062
5 0.50625 0.50469 0.05625 0.03437
5 0.49688 0.56875 0.05625 0.03125
5 0.57344 0.49531 0.05938 0.04063
5 0.55313 0.525 0.05625 0.03125
5 0.5375 0.55469 0.05625 0.03438
5 0.61875 0.51875 0.0625 0.0375
5 0.60781 0.55 0.05937 0.0375
5 0.57812 0.57187 0.05625 0.0375
5 0.69219 0.59844 0.05312 0.03437
5 0.775 0.76875 0.0625 0.0375
5 0.825 0.64219 0.05625 0.03438
5 0.89844 0.6875 0.05937 0.0375
5 0.95781 0.72188 0.05312 0.0375
5 0.98125 0.74531 0.0375 0.02813
5 0.0625 0.69688 0.05 0.03125
5 0.15313 0.77344 0.0625 0.03438
5 0.20781 0.81719 0.05937 0.03437
5 0.25781 0.84375 0.05937 0.04375
5 0.3 0.86719 0.05 0.03438
5 0.34062 0.88437 0.05 0.0375
5 0.43125 0.91406 0.0625 0.04062
5 0.53125 0.93438 0.05625 0.04375
5 0.64375 0.95938 0.06875 0.04375
5 0.725 0.99062 0.05625 0.01875
5 0.79062 0.97656 0.05625 0.02812
5 0.82656 0.99219 0.05312 0.01562
5 0.98438 0.9875 0.03125 0.025
5 0.96406 0.98125 0.04688 0.0375
48 0.76094 0.94531 0.47812 0.10938
5 0.64375 0.56563 0.04375 0.03125
