48 0.5375 0.04062 0.10625 0.08125
48 0.625 0.04688 0.0875 0.09375
48 0.70781 0.04062 0.08437 0.08125
48 0.7875 0.04062 0.09375 0.08125
48 0.87031 0.04219 0.09687 0.08438
48 0.99375 0.03125 0.0125 0.0625
48 0.38281 0.96562 0.06563 0.06875
48 0.45156 0.96875 0.06562 0.0625
48 0.5125 0.96719 0.06875 0.06563
48 0.575 0.97031 0.0625 0.05937
48 0.62969 0.97344 0.07188 0.05312
48 0.44375 0.875 0.06875 0.125
48 0.50625 0.87344 0.0625 0.11562
48 0.55625 0.87969 0.05625 0.12188
48 0.62031 0.87969 0.06562 0.12188
48 0.6875 0.88281 0.0625 0.13437
48 0.74531 0.88281 0.06562 0.12187
48 0.80625 0.88281 0.06875 0.12187
48 0.86562 0.89062 0.0625 0.13125
48 0.92813 0.88906 0.06875 0.13438
48 0.97656 0.88906 0.04688 0.13438
48 0.99062 0.98594 0.01875 0.02812
48 0.95469 0.98594 0.06563 0.02812
48 0.89219 0.98281 0.07188 0.03438
48 0.81406 0.97969 0.06563 0.04063
48 0.75156 0.97812 0.06563 0.04375
48 0.68906 0.97656 0.05937 0.04688
48 0.97812 0.55469 0.04375 0.13437
48 0.92344 0.55781 0.06563 0.13438
48 0.86563 0.55312 0.06875 0.1375
48 0.75312 0.55312 0.05 0.14375
48 0.71094 0.55469 0.05313 0.14688
48 0.6625 0.55 0.06875 0.15
48 0.80781 0.55 0.05938 0.1375
48 0.875 0.6875 0.11875 0.06875
48 0.77188 0.67969 0.0875 0.05937
48 0.68906 0.67969 0.07812 0.05313
48 0.63125 0.68594 0.0375 0.06563
48 0.51562 0.53125 0.1625 0.06875
48 0.51562 0.47344 0.15 0.05938
48 0.51562 0.42344 0.15 0.06562
48 0.52031 0.36562 0.14687 0.0625
48 0.67344 0.35156 0.07188 0.15938
48 0.725 0.34844 0.06875 0.15937
48 0.77656 0.34375 0.06562 0.14375
48 0.82812 0.35469 0.06875 0.16563
48 0.8875 0.33594 0.0625 0.12813
48 0.94688 0.33281 0.0625 0.10938
48 0.98438 0.33594 0.03125 0.12813
48 0.51719 0.225 0.09688 0.11875
48 0.60625 0.20312 0.08125 0.1375
48 0.76094 0.20312 0.10313 0.1375
48 0.6875 0.22969 0.08125 0.08437
48 0.67188 0.1625 0.06875 0.05625
48 0.92813 0.18906 0.1 0.16562
48 0.98125 0.19219 0.0375 0.15937
