48 0.10625 0.21094 0.15 0.17188
48 0.12656 0.43437 0.12812 0.15625
48 0.25 0.62344 0.08125 0.10938
48 0.275 0.69219 0.04375 0.04063
48 0.30312 0.74844 0.0625 0.07812
48 0.67344 0.67344 0.12813 0.08437
48 0.77656 0.69688 0.10313 0.125
48 0.75 0.88125 0.175 0.21875
48 0.15781 0.8875 0.17188 0.20625
48 0.91406 0.55937 0.14062 0.15625
48 0.04219 0.90625 0.08438 0.1875
48 0.10312 0.63281 0.10625 0.22812
48 0.39844 0.07969 0.20938 0.15937
48 0.70156 0.14375 0.14062 0.18125
48 0.69219 0.44531 0.19688 0.13437
48 0.47969 0.69688 0.22187 0.21875
48 0.26719 0.36875 0.17188 0.1625
48 0.03906 0.32031 0.07812 0.12813
48 0.69062 0.28594 0.2875 0.12812
