10 0.49687 0.34219 0.0625 0.08438
48 0.92656 0.0125 0.09687 0.025
48 0.87969 0.02344 0.07812 0.04688
48 0.84531 0.0375 0.07812 0.075
48 0.8125 0.05 0.075 0.1
48 0.76719 0.075 0.09062 0.1
48 0.72812 0.10781 0.06875 0.07812
48 0.69219 0.1375 0.06562 0.0875
48 0.64844 0.16406 0.09062 0.09687
48 0.46406 0.04219 0.18438 0.08438
48 0.96875 0.08906 0.0625 0.08438
48 0.98906 0.13125 0.02187 0.075
48 0.95 0.14375 0.1 0.1375
48 0.9875 0.18281 0.025 0.14062
48 0.98906 0.26406 0.02187 0.12812
48 0.94062 0.28125 0.11875 0.13125
48 0.80312 0.20469 0.08125 0.08438
48 0.87188 0.21562 0.1625 0.18125
48 0.78438 0.30938 0.15625 0.19375
48 0.975 0.34375 0.05 0.1125
48 0.95625 0.37344 0.0875 0.13437
48 0.89844 0.38906 0.14688 0.14688
48 0.72344 0.22031 0.07188 0.08438
48 0.62969 0.27187 0.19062 0.14375
48 0.83125 0.41562 0.13125 0.125
48 0.72344 0.37656 0.11562 0.14062
48 0.69219 0.44063 0.08437 0.08125
48 0.67656 0.40781 0.06562 0.06562
48 0.64844 0.35 0.08438 0.1
48 0.60312 0.38438 0.06875 0.09375
48 0.62656 0.45312 0.05937 0.0625
48 0.63281 0.47969 0.06563 0.06562
48 0.78281 0.46094 0.09062 0.11563
48 0.69219 0.51406 0.14062 0.14688
48 0.97812 0.52812 0.04375 0.0875
48 0.85312 0.51719 0.14375 0.12188
48 0.79062 0.54062 0.06875 0.08125
48 0.7125 0.59375 0.16875 0.1375
48 0.96875 0.60156 0.0625 0.09062
48 0.91406 0.56406 0.12187 0.09688
48 0.86875 0.58594 0.06875 0.07812
48 0.79219 0.62031 0.15937 0.12812
48 0.70625 0.67812 0.1125 0.09375
48 0.7625 0.71719 0.18125 0.15312
48 0.88906 0.64062 0.14062 0.10625
48 0.87812 0.74531 0.24375 0.25938
48 0.06094 0.72188 0.12188 0.15
48 0.09687 0.80313 0.10625 0.11875
48 0.08281 0.96406 0.10938 0.07188
48 0.36562 0.94844 0.08125 0.09687
10 0.625 0.82188 0.05 0.10625
48 0.00938 0.07031 0.01875 0.10312
48 0.17188 0.14688 0.1 0.08125
48 0.25312 0.12344 0.0875 0.09688
48 0.14531 0.14688 0.15937 0.1375
48 0.00938 0.02188 0.01875 0.04375
48 0.07344 0.02656 0.14688 0.05312
48 0.425 0.99688 0.09375 0.00625
48 0.50781 0.9875 0.09062 0.025
48 0.75625 0.9125 0.05 0.05625
48 0.72344 0.92813 0.05312 0.05625
48 0.71406 0.975 0.05312 0.04375
48 0.76562 0.95156 0.0625 0.05937
48 0.79688 0.89688 0.0625 0.0625
48 0.84844 0.87031 0.05938 0.05938
48 0.74531 0.9875 0.09063 0.025
48 0.81875 0.99062 0.0875 0.01875
48 0.81094 0.96562 0.03438 0.05625
48 0.87344 0.98281 0.04688 0.03438
48 0.91562 0.97188 0.06875 0.05625
48 0.96406 0.95781 0.07188 0.07188
48 0.98594 0.91094 0.02812 0.07812
48 0.95156 0.9875 0.09688 0.025
48 0.90938 0.89062 0.18125 0.1375
48 0.95312 0.42656 0.09375 0.15313
48 0.41406 0.45 0.12813 0.1
48 0.3625 0.375 0.10625 0.1
48 0.40312 0.38906 0.075 0.06562
48 0.34531 0.43437 0.07812 0.08125
48 0.35156 0.27187 0.06563 0.075
48 0.30156 0.31406 0.09687 0.08438
48 0.31875 0.51719 0.1 0.07187
48 0.27031 0.50937 0.16563 0.1
48 0.2375 0.56406 0.0875 0.06563
48 0.24844 0.62031 0.07812 0.09063
48 0.31094 0.59844 0.05938 0.09687
48 0.35312 0.59531 0.075 0.13438
48 0.40312 0.55781 0.10625 0.09687
48 0.44844 0.50313 0.07188 0.08125
48 0.47656 0.54688 0.06563 0.06875
48 0.45781 0.60625 0.13438 0.10625
48 0.07812 0.6625 0.13125 0.1375
48 0.11094 0.61406 0.12812 0.14062
48 0.03906 0.60781 0.07812 0.22188
48 0.01719 0.86094 0.03438 0.10313
48 0.03594 0.83281 0.07187 0.09687
48 0.02969 0.79219 0.05938 0.06562
48 0.27187 0.84375 0.11875 0.14375
48 0.225 0.85312 0.1 0.125
48 0.2 0.87969 0.1125 0.13438
48 0.17812 0.91875 0.1375 0.1625
48 0.12344 0.91094 0.07812 0.08437
48 0.15469 0.97812 0.07187 0.04375
48 0.02969 0.98906 0.05938 0.02187
48 0.02344 0.42812 0.04688 0.1625
48 0.00156 0.24844 0.00312 0.07187
48 0.01562 0.20156 0.03125 0.05938
48 0.06719 0.275 0.13438 0.18125
48 0.11094 0.30312 0.13438 0.1625
48 0.04844 0.16875 0.05312 0.05
48 0.02188 0.14844 0.04375 0.06562
48 0.00156 0.14531 0.00312 0.07187
48 0.11406 0.05781 0.08438 0.09062
48 0.05781 0.10156 0.10312 0.09687
48 0.18906 0.075 0.09687 0.1
48 0.22656 0.05 0.08437 0.0875
48 0.1625 0.02344 0.0625 0.04688
48 0.1625 0.00469 0.075 0.00938
48 0.22344 0.21719 0.11562 0.09063
48 0.29531 0.17344 0.04688 0.04688
48 0.2125 0.29531 0.05625 0.05938
48 0.14688 0.33281 0.05 0.05312
48 0.25312 0.28281 0.15625 0.15937
48 0.25312 0.37969 0.0625 0.05312
48 0.24219 0.41875 0.07812 0.05
48 0.50625 0.675 0.06875 0.05625
48 0.33125 0.72188 0.04375 0.04375
48 0.39531 0.74219 0.12188 0.06563
48 0.5 0.77188 0.1 0.05625
48 0.38281 0.77969 0.13438 0.05312
48 0.49844 0.72031 0.10313 0.06563
48 0.39844 0.69219 0.09688 0.07188
48 0.52188 0.82344 0.09375 0.07188
48 0.54062 0.89062 0.06875 0.0875
48 0.42656 0.86875 0.07812 0.05625
48 0.45 0.90156 0.09375 0.04688
48 0.44844 0.94219 0.09063 0.06562
48 0.3625 0.88125 0.075 0.0625
48 0.27969 0.94844 0.10937 0.10313
48 0.1375 0.4625 0.18125 0.14375
48 0.11562 0.42031 0.04375 0.04062
48 0.06562 0.39688 0.10625 0.06875
48 0.34688 0.32969 0.14375 0.12812
48 0.34062 0.23281 0.05625 0.07187
48 0.28438 0.45938 0.05625 0.05
48 0.28281 0.42812 0.08438 0.06875
