48 0.28281 0.86875 0.56563 0.2625
48 0.31094 0.56719 0.27812 0.25312
5 0.725 0.41875 0.0375 0.05625
5 0.69375 0.72188 0.03125 0.05625
48 0.02969 0.62813 0.05938 0.08125
48 0.69062 0.16875 0.40625 0.3375
5 0.73906 0.99375 0.02813 0.0125
5 0.4375 0.0625 0.03125 0.0375
5 0.65312 0.93281 0.025 0.04688
48 0.95156 0.80625 0.09688 0.2625
48 0.66406 0.54375 0.25313 0.29375
5 0.78125 0.35156 0.025 0.04688
5 0.63437 0.99531 0.025 0.00938
5 0.91875 0.06562 0.025 0.05625
5 0.5875 0.98125 0.03125 0.0375
5 0.62187 0.325 0.05 0.025
5 0.61563 0.97969 0.025 0.04063
5 0.69531 0.67031 0.02188 0.05312
5 0.58438 0.93906 0.01875 0.04063
5 0.60781 0.82188 0.02812 0.04375
5 0.75469 0.49844 0.02813 0.05937
