48 0.15625 0.29063 0.14375 0.2
48 0.45469 0.00938 0.14687 0.01875
48 0.07187 0.31875 0.14375 0.2125
48 0.62813 0.04688 0.06875 0.09375
48 0.65781 0.67969 0.14687 0.12187
48 0.24688 0.26406 0.13125 0.20938
48 0.19844 0.59062 0.21562 0.225
48 0.93438 0.46719 0.13125 0.09687
48 0.69062 0.67344 0.01875 0.00313
48 0.00312 0.675 0.00625 0.15
48 0.37344 0.77344 0.14062 0.21562
48 0.70625 0.41406 0.0875 0.05937
48 0.7125 0.47969 0.1125 0.10938
48 0.44688 0.50625 0.075 0.11875
48 0.63906 0.75625 0.10313 0.13125
48 0.79375 0.42344 0.16875 0.16562
48 0.85625 0.77031 0.1375 0.08437
48 0.65312 0.44062 0.0875 0.1
48 0.91406 0.37969 0.17188 0.12188
48 0.05 0.81094 0.1 0.15312
48 0.00781 0.11719 0.01562 0.10938
48 0.97031 0.73594 0.05937 0.10313
48 0.00938 0.41875 0.01875 0.14375
48 0.39688 0.08125 0.11875 0.10625
48 0.00156 0.30781 0.00312 0.14687
48 0.85625 0.6875 0.1 0.08125
48 0.49688 0.06094 0.1375 0.12188
48 0.07656 0.5875 0.15313 0.125
48 0.16875 0.03594 0.1125 0.07187
48 0.37656 0.02188 0.14688 0.04375
48 0.82344 0.52969 0.09063 0.07188
48 0.27344 0.0125 0.14062 0.025
48 0.72188 0.79375 0.0875 0.11875
48 0.76094 0.70469 0.15313 0.15938
48 0.77344 0.79844 0.14062 0.07188
48 0.00312 0.2 0.00625 0.1625
48 0.92344 0.00469 0.15312 0.00938
48 0.62969 0.55781 0.10313 0.04688
48 0.92969 0.725 0.11563 0.13125
48 0.86875 0.5625 0.09375 0.05625
48 0.96094 0.54062 0.07812 0.09375
48 0.97188 0.37344 0.05625 0.14688
48 0.01562 0.60469 0.03125 0.09063
48 0.63906 0.60625 0.10938 0.05625
48 0.8875 0.97344 0.225 0.05312
48 0.95625 0.63125 0.0875 0.15
48 0.32656 0.27344 0.11563 0.15938
48 0.92969 0.10625 0.14062 0.2125
48 0.80938 0.01875 0.1125 0.0375
48 0.26406 0.77969 0.19062 0.23438
48 0.26562 0.09531 0.10625 0.15937
48 0.07031 0.925 0.14062 0.15
48 0.02656 0.69688 0.05312 0.10625
48 0.35469 0.67812 0.14062 0.1125
48 0.58281 0.04531 0.05938 0.07812
48 0.62344 0.20781 0.15938 0.15312
48 0.50625 0.48125 0.11875 0.175
48 0.59062 0.45781 0.11875 0.11562
48 0.61875 0.52656 0.1125 0.07188
48 0.73281 0.56406 0.13438 0.10938
48 0.47344 0.56719 0.07188 0.05938
48 0.45938 0.59844 0.0875 0.06562
48 0.07187 0.04531 0.14375 0.09062
48 0.09375 0.66875 0.14375 0.1
48 0.13281 0.8 0.22813 0.35
48 0.18281 0.14062 0.16562 0.18125
48 0.72969 0.1625 0.17812 0.2125
48 0.39844 0.52344 0.07188 0.12187
48 0.325 0.10938 0.09375 0.19375
48 0.46875 0.76094 0.16875 0.28437
48 0.83281 0.63594 0.13438 0.09063
48 0.99844 0.51875 0.00313 0.05625
48 0.53125 0.20625 0.15625 0.24375
48 0.56563 0.75 0.15 0.23125
48 0.07187 0.16875 0.14375 0.1625
48 0.00938 0.93594 0.01875 0.12813
48 0.91875 0.6 0.1 0.14375
48 0.6875 0.05 0.1125 0.1
48 0.84219 0.13594 0.17812 0.19688
48 0.33125 0.60156 0.1625 0.25313
48 0.53906 0.57969 0.13437 0.10313
5 0.21406 0.99844 0.05937 0.00313
5 0.33906 0.98594 0.08437 0.02812
5 0.27812 0.99688 0.05 0.00625
5 0.48281 0.95 0.09062 0.0625
5 0.53594 0.34062 0.05312 0.05
5 0.61563 0.91562 0.05625 0.04375
