48 0.76406 0.19375 0.19688 0.14375
48 0.72344 0.35625 0.23438 0.21875
48 0.94062 0.18125 0.11875 0.2375
48 0.91719 0.38438 0.16563 0.2125
48 0.74844 0.64844 0.50313 0.36562
5 0.49062 0.51719 0.03125 0.03438
5 0.47812 0.55312 0.03125 0.03125
5 0.46562 0.59531 0.025 0.05937
5 0.41719 0.64531 0.02813 0.04063
5 0.45156 0.64844 0.03437 0.04688
5 0.42188 0.72812 0.04375 0.05
5 0.45938 0.73906 0.025 0.03437
5 0.48906 0.75937 0.04063 0.025
5 0.52812 0.78906 0.05625 0.02812
5 0.55312 0.76719 0.05 0.02812
5 0.60156 0.7875 0.05313 0.025
5 0.65156 0.79531 0.06562 0.02812
5 0.42031 0.78125 0.05313 0.01875
5 0.43906 0.84375 0.05313 0.03125
5 0.51094 0.84688 0.05938 0.025
5 0.5375 0.87969 0.03125 0.04063
5 0.56875 0.88594 0.025 0.04063
5 0.60781 0.85469 0.04063 0.04688
5 0.60312 0.89531 0.025 0.03437
5 0.62813 0.90156 0.025 0.03437
5 0.69219 0.85781 0.05938 0.03438
5 0.73594 0.82344 0.05312 0.02187
5 0.77188 0.83438 0.04375 0.03125
5 0.66875 0.90625 0.025 0.0375
5 0.32188 0.87812 0.0375 0.0375
5 0.27969 0.89688 0.05313 0.04375
5 0.26562 0.93594 0.0375 0.04063
5 0.24219 0.98125 0.05937 0.0375
5 0.69219 0.92031 0.03437 0.04063
5 0.72344 0.925 0.03437 0.04375
5 0.75 0.93281 0.025 0.04063
5 0.775 0.94687 0.025 0.0375
5 0.82031 0.84844 0.04062 0.02187
5 0.87656 0.86094 0.05312 0.02187
5 0.93125 0.87812 0.05625 0.025
5 0.80938 0.95469 0.025 0.02812
5 0.8625 0.96406 0.025 0.03437
5 0.9 0.97812 0.03125 0.03125
5 0.93594 0.98906 0.02812 0.02187
5 0.9625 0.99375 0.025 0.0125
5 0.98594 0.99219 0.02812 0.01562
5 0.99844 0.85156 0.00313 0.04062
48 0.77031 0.05781 0.22187 0.11562
48 0.9625 0.03125 0.075 0.0625
48 0.80156 0.95938 0.28437 0.08125
48 0.62969 0.97031 0.22187 0.05937
48 0.36719 0.92344 0.42188 0.15312
48 0.05625 0.08125 0.1125 0.15
48 0.03438 0.23438 0.06875 0.2
48 0.02969 0.41406 0.05938 0.27812
5 0.01562 0.54688 0.03125 0.01875
5 0.05938 0.52969 0.0375 0.02187
5 0.06562 0.47031 0.05625 0.01562
5 0.12969 0.46562 0.05313 0.01875
5 0.2625 0.40781 0.03125 0.04062
5 0.28906 0.45 0.04688 0.01875
5 0.34375 0.45 0.05 0.01875
5 0.15937 0.52969 0.04375 0.03438
5 0.19062 0.5375 0.04375 0.0375
5 0.20625 0.55156 0.04375 0.03437
5 0.23125 0.56563 0.04375 0.0375
5 0.23594 0.59062 0.04688 0.0375
5 0.26719 0.6 0.04688 0.0375
5 0.2875 0.62031 0.03125 0.03437
5 0.25781 0.63594 0.05312 0.02187
5 0.25781 0.65312 0.05937 0.025
5 0.25312 0.67344 0.05 0.02187
5 0.2375 0.69062 0.05625 0.025
5 0.21562 0.70781 0.05 0.02813
5 0.20625 0.72969 0.05625 0.02813
5 0.19375 0.75 0.05 0.03125
5 0.31562 0.7625 0.05625 0.025
5 0.18125 0.77031 0.05 0.02187
5 0.16875 0.78594 0.05625 0.02813
5 0.16406 0.80469 0.05938 0.02812
5 0.14688 0.82344 0.05 0.02813
5 0.12656 0.84062 0.04688 0.03125
5 0.11094 0.85469 0.04688 0.02813
5 0.09375 0.875 0.05625 0.03125
5 0.0875 0.89062 0.05625 0.03125
5 0.06875 0.91562 0.0625 0.03125
5 0.05156 0.93281 0.05938 0.03437
5 0.03125 0.94375 0.05 0.01875
5 0.025 0.95781 0.04375 0.02813
5 0.02031 0.975 0.04062 0.03125
48 0.35938 0.40469 0.05625 0.04688
5 0.36719 0.37187 0.04688 0.01875
5 0.38906 0.35 0.04688 0.025
5 0.38125 0.325 0.0625 0.025
9 0.43438 0.51875 0.05625 0.08125
5 0.39375 0.49531 0.0375 0.03437
5 0.3875 0.30781 0.0625 0.01562
5 0.38594 0.28594 0.05938 0.02813
5 0.38906 0.2625 0.05313 0.01875
5 0.4 0.24062 0.0625 0.01875
5 0.4 0.21719 0.0625 0.02188
48 0.25 0.11875 0.4 0.23125
9 0.51719 0.0625 0.03438 0.08125
5 0.54688 0.07187 0.01875 0.04375
5 0.58125 0.04531 0.03125 0.02812
9 0.54375 0.15 0.0375 0.05
9 0.52188 0.25 0.03125 0.0375
5 0.52812 0.30312 0.025 0.0375
5 0.52812 0.35 0.025 0.04375
5 0.51875 0.40312 0.025 0.0375
5 0.50938 0.44375 0.025 0.0375
5 0.46094 0.01406 0.03438 0.02812
53 0.00469 0.99062 0.00938 0.01875
53 0.04531 0.93906 0.09062 0.10313
53 0.10781 0.85625 0.09063 0.1125
53 0.175 0.78438 0.1 0.09375
53 0.24219 0.68438 0.10313 0.15625
53 0.22188 0.55312 0.15 0.125
53 0.39688 0.29531 0.10625 0.18438
53 0.62656 0.89844 0.22813 0.07812
53 0.72031 0.92031 0.14062 0.06563
53 0.84688 0.96094 0.125 0.05937
53 0.95781 0.98906 0.08437 0.02187
48 0.025 0.76875 0.05 0.34375
