11 0.14688 0.56094 0.06875 0.15937
48 0.97812 0.2625 0.04375 0.13125
48 0.01562 0.30156 0.03125 0.13438
48 0.04688 0.31875 0.075 0.0875
11 0.0125 0.80156 0.025 0.07812
48 0.18125 0.03438 0.3625 0.06875
11 0.975 0.41406 0.05 0.05937
11 0.61094 0.74375 0.10938 0.16875
11 0.97656 0.89844 0.04688 0.05937
11 0.62969 0.725 0.08437 0.18125
11 0.36562 0.4375 0.175 0.09375
11 0.36875 0.95312 0.19375 0.09375
11 0.55156 0.9375 0.18438 0.08125
11 0.36719 0.97969 0.16563 0.04063
11 0.01562 0.42656 0.03125 0.07812
11 0.78281 0.70625 0.19688 0.05
11 0.35938 0.41875 0.18125 0.06875
11 0.35625 0.92969 0.20625 0.07812
11 0.56875 0.9875 0.2 0.025
11 0.29063 0.80313 0.1875 0.06875
11 0.82344 0.83594 0.17188 0.05937
11 0.4625 0.66719 0.2 0.07188
11 0.30469 0.83594 0.20937 0.08438
11 0.1625 0.93438 0.05625 0.13125
11 0.95156 0.82969 0.09688 0.07812
11 0.37812 0.99219 0.1875 0.01562
11 0.95156 0.56563 0.09688 0.06875
11 0.52656 0.89844 0.18438 0.09688
11 0.48281 0.78281 0.19062 0.04688
11 0.29063 0.76406 0.2 0.08437
11 0.275 0.6625 0.19375 0.075
11 0.33594 0.87188 0.20312 0.06875
11 0.02969 0.73438 0.05938 0.0625
9 0.18594 0.52656 0.09063 0.14687
11 0.87031 0.60625 0.19062 0.05
11 0.93594 0.75625 0.12813 0.06875
11 0.17344 0.75781 0.09063 0.17188
11 0.12812 0.75469 0.06875 0.17812
11 0.03906 0.90938 0.07812 0.1
11 0.84219 0.37031 0.19688 0.04688
11 0.20156 0.92344 0.07812 0.15312
11 0.77656 0.43125 0.20312 0.04375
11 0.475 0.74219 0.1625 0.06563
11 0.45469 0.63125 0.18438 0.075
11 0.1 0.79688 0.05625 0.175
11 0.025 0.65 0.05 0.0625
11 0.26719 0.63594 0.17812 0.06562
11 0.7 0.525 0.0625 0.125
11 0.51875 0.84531 0.18125 0.07188
11 0.12812 0.92812 0.08125 0.14375
11 0.7875 0.65938 0.2 0.06875
11 0.54375 0.5375 0.075 0.14375
11 0.34688 0.375 0.16875 0.0875
11 0.29844 0.74688 0.22188 0.05625
11 0.03594 0.48906 0.07187 0.05938
11 0.84688 0.96094 0.24375 0.05937
11 0.59219 0.5375 0.09688 0.18125
11 0.03594 0.82656 0.07187 0.07188
11 0.9375 0.67656 0.125 0.05938
11 0.34375 0.89531 0.18125 0.06562
11 0.04062 0.96406 0.08125 0.07188
11 0.96406 0.49219 0.07188 0.07812
11 0.84219 0.87344 0.18437 0.07188
11 0.85 0.91094 0.2 0.07188
11 0.40312 0.46875 0.15625 0.075
11 0.43594 0.55937 0.18437 0.0875
11 0.41875 0.52031 0.18125 0.07188
11 0.27656 0.70312 0.18438 0.06875
11 0.00156 0.54219 0.00312 0.06562
9 0.1 0.56875 0.06875 0.1875
