48 0.91406 0.26406 0.17188 0.52812
48 0.78438 0.67656 0.43125 0.64688
48 0.95 0.94062 0.1 0.11875
48 0.74531 0.94531 0.14687 0.10938
48 0.71875 0.98906 0.13125 0.02187
48 0.5 0.98594 0.10625 0.02812
48 0.53125 0.9375 0.1375 0.11875
48 0.8625 0.96719 0.0875 0.06563
48 0.91719 0.98594 0.08437 0.02812
48 0.45156 0.86406 0.17188 0.27187
48 0.39844 0.75938 0.12187 0.10625
48 0.29219 0.72188 0.09063 0.075
48 0.05312 0.80156 0.08125 0.10313
48 0.11094 0.70938 0.19062 0.14375
48 0.10781 0.84844 0.10938 0.15937
48 0.28906 0.85625 0.10938 0.1
48 0.37969 0.85938 0.07812 0.0875
48 0.02812 0.97344 0.05625 0.05312
48 0.48594 0.1875 0.97188 0.375
48 0.36562 0.36875 0.73125 0.7375
