48 0.00781 0.51094 0.01562 0.14063
48 0.05469 0.45938 0.09687 0.1375
48 0.025 0.57344 0.05 0.14062
48 0.42031 0.48906 0.15937 0.16563
48 0.67656 0.94062 0.12812 0.11875
48 0.80469 0.88281 0.10938 0.09688
48 0.8 0.94219 0.1 0.07188
48 0.79219 0.975 0.10313 0.05
48 0.65312 0.825 0.15 0.13125
48 0.05156 0.37969 0.05938 0.04063
48 0.39531 0.39219 0.09063 0.07187
48 0.64688 0.45938 0.05 0.11875
48 0.58125 0.49062 0.10625 0.075
48 0.5125 0.47969 0.04375 0.06562
48 0.54688 0.55469 0.14375 0.14062
48 0.54688 0.63594 0.1625 0.05312
48 0.00469 0.33906 0.00938 0.05312
48 0.78125 0.99844 0.125 0.00313
