10 0.49375 0.85312 0.0375 0.05625
48 0.93438 0.00938 0.13125 0.01875
48 0.61094 0.28281 0.14062 0.13437
48 0.96562 0.10938 0.06875 0.21875
48 0.02188 0.46562 0.04375 0.09375
48 0.18594 0.84688 0.12812 0.1125
5 0.42969 0.8875 0.02187 0.03125
5 0.49844 0.90781 0.02188 0.02812
5 0.66562 0.24844 0.04375 0.02813
5 0.65938 0.23125 0.04375 0.025
5 0.69844 0.22969 0.03437 0.01562
5 0.73594 0.21406 0.02812 0.02188
48 0.84531 0.19844 0.15312 0.10312
48 0.90938 0.26875 0.16875 0.1125
48 0.6625 0.94062 0.40625 0.11875
48 0.20469 0.26719 0.12812 0.14688
48 0.72656 0.35625 0.24063 0.21875
48 0.27031 0.38906 0.18438 0.15313
48 0.01719 0.1625 0.03438 0.05625
48 0.06094 0.63906 0.07812 0.06563
48 0.25156 0.73906 0.09687 0.12188
48 0.11406 0.28125 0.10938 0.08125
48 0.0125 0.26875 0.025 0.0375
48 0.82656 0.12812 0.07812 0.0625
48 0.1 0.12188 0.16875 0.075
48 0.31406 0.66719 0.09687 0.04063
48 0.0375 0.55781 0.075 0.06562
48 0.82969 0.06406 0.13438 0.09688
48 0.90156 0.43281 0.13438 0.10313
48 0.92188 0.16094 0.13125 0.07813
48 0.99375 0.53125 0.0125 0.04375
48 0.53125 0.17188 0.06875 0.0625
48 0.15937 0.56563 0.09375 0.06875
48 0.00469 0.52656 0.00938 0.02813
48 0.36875 0.60938 0.09375 0.0875
48 0.31719 0.71406 0.09687 0.06562
48 0.34062 0.83438 0.0375 0.0375
48 0.81406 0.48594 0.14687 0.12188
48 0.03438 0.23125 0.0625 0.05625
48 0.025 0.60938 0.05 0.04375
48 0.97188 0.40781 0.05625 0.07812
48 0.75781 0.74844 0.15312 0.08437
48 0.04375 0.18906 0.0625 0.07187
48 0.10938 0.60312 0.075 0.05
48 0.73906 0.03281 0.12812 0.06562
48 0.15937 0.19531 0.15 0.09063
48 0.09375 0.16719 0.05 0.04062
48 0.30156 0.83125 0.04688 0.0375
48 0.92188 0.88438 0.10625 0.08125
48 0.85938 0.84844 0.11875 0.08437
48 0.22188 0.79844 0.10625 0.09062
48 0.31875 0.78125 0.1 0.0625
48 0.98906 0.34531 0.02187 0.10938
48 0.06094 0.04844 0.12188 0.09688
48 0.29063 0.90781 0.1625 0.09062
48 0.07344 0.58125 0.05313 0.0375
48 0.60469 0.74531 0.17812 0.07812
48 0.99219 0.01875 0.01562 0.0375
48 0.70312 0.83125 0.23125 0.1125
48 0.12969 0.15469 0.05937 0.04062
48 0.30938 0.98594 0.15625 0.02812
48 0.94688 0.54219 0.10625 0.18438
48 0.55781 0.21562 0.09687 0.09375
48 0.17188 0.35312 0.125 0.06875
48 0.63281 0.09531 0.20938 0.14062
48 0.10625 0.09531 0.11875 0.05312
48 0.80938 0.01094 0.14375 0.02188
48 0.82812 0.99531 0.34375 0.00938
48 0.975 0.68594 0.05 0.14687
48 0.04531 0.29063 0.08438 0.04375
48 0.025 0.68594 0.05 0.04063
48 0.97031 0.23438 0.05937 0.06875
