6 0.42344 0.84062 0.04062 0.05
5 0.10156 0.98438 0.02813 0.03125
5 0.33438 0.95938 0.025 0.04375
5 0.39062 0.95938 0.03125 0.0375
5 0.36719 0.53125 0.05312 0.01875
5 0.46875 0.54531 0.0625 0.02187
5 0.06875 0.37969 0.05625 0.02187
53 0.43906 0.42344 0.87812 0.74062
5 0.17969 0.23281 0.02813 0.04062
5 0.47344 0.56875 0.04688 0.01875
5 0.25156 0.47344 0.05313 0.02813
5 0.37188 0.50625 0.0375 0.01875
5 0.49062 0.60781 0.04375 0.01562
5 0.275 0.93438 0.04375 0.01875
5 0.60625 0.94062 0.03125 0.0375
5 0.00469 0.70625 0.00938 0.03125
5 0.1125 0.625 0.05 0.025
5 0.67656 0.80312 0.02813 0.03125
5 0.59375 0.32031 0.05625 0.02187
5 0.23125 0.71094 0.04375 0.02188
5 0.24062 0.75 0.04375 0.025
5 0.48438 0.26094 0.0375 0.03438
5 0.99844 0.89062 0.00313 0.03125
5 0.29375 0.74063 0.04375 0.025
5 0.40469 0.1375 0.03437 0.0375
5 0.72188 0.12812 0.05 0.0125
5 0.0125 0.82812 0.025 0.0375
5 0.19531 0.56406 0.04063 0.02187
5 0.15469 0.97812 0.02813 0.03125
5 0.02031 0.87812 0.02813 0.0375
5 0.55 0.625 0.0375 0.025
5 0.19375 0.18281 0.01875 0.03438
5 0.59688 0.34062 0.04375 0.01875
5 0.48438 0.10938 0.03125 0.0375
5 0.71094 0.08594 0.04062 0.01562
5 0.72188 0.15156 0.0375 0.01562
5 0.17812 0.975 0.025 0.0375
5 0.94375 0.90156 0.025 0.02813
5 0.00938 0.78281 0.01875 0.02812
5 0.03906 0.26719 0.04688 0.01562
5 0.62813 0.47031 0.05 0.02813
5 0.45156 0.12969 0.02813 0.04062
5 0.53906 0.1 0.02812 0.03125
5 0.2625 0.975 0.03125 0.03125
5 0.69062 0.92344 0.03125 0.04063
48 0.88594 0.44219 0.22813 0.44688
5 0.08438 0.51094 0.05 0.02187
5 0.25313 0.53906 0.04375 0.02188
5 0.22188 0.62656 0.04375 0.02187
5 0.36406 0.57031 0.04063 0.02188
5 0.38906 0.6125 0.04062 0.025
5 0.55313 0.94687 0.025 0.0375
5 0.23125 0.38906 0.04375 0.02188
5 0.24531 0.42969 0.03438 0.01562
5 0.75781 0.59219 0.04062 0.02187
5 0.225 0.18594 0.025 0.02813
5 0.7875 0.725 0.0375 0.01875
5 0.05312 0.32969 0.0375 0.02188
5 0.43906 0.2625 0.02813 0.0375
5 0.375 0.59375 0.0375 0.01875
5 0.61562 0.80156 0.03125 0.03437
5 0.31094 0.96875 0.02188 0.03125
8 0.12812 0.97188 0.04375 0.05625
5 0.1875 0.41094 0.05 0.02813
5 0.24375 0.44688 0.05 0.025
5 0.55 0.68125 0.05 0.01875
5 0.16875 0.33125 0.04375 0.025
5 0.34844 0.30625 0.04688 0.01875
5 0.19531 0.54375 0.04063 0.01875
5 0.75781 0.61719 0.04688 0.01562
5 0.08281 0.46875 0.04062 0.01875
5 0.74219 0.50938 0.04688 0.01875
5 0.20469 0.975 0.03437 0.0375
5 0.51875 0.94531 0.03125 0.03438
5 0.08125 0.24062 0.03125 0.0375
5 0.14844 0.23438 0.03437 0.03125
5 0.58281 0.09375 0.02813 0.0375
5 0.09687 0.53906 0.05 0.02812
5 0.70938 0.35781 0.04375 0.02188
5 0.58594 0.27969 0.04062 0.01562
5 0.22969 0.97656 0.02812 0.02812
5 0.25156 0.78281 0.04062 0.02187
5 0.36094 0.39219 0.04688 0.02188
5 0.47031 0.95625 0.02813 0.0375
8 0.04844 0.98281 0.04063 0.03438
5 0.3875 0.63437 0.05 0.025
5 0.52812 0.53438 0.05 0.025
5 0.57344 0.23281 0.04063 0.02188
5 0.14062 0.76406 0.05 0.02812
5 0.17344 0.37344 0.04062 0.02188
5 0.18438 0.43906 0.04375 0.02188
5 0.04688 0.29219 0.0375 0.02187
5 0.35781 0.34531 0.05313 0.02188
5 0.53906 0.5625 0.05313 0.01875
5 0.67813 0.67031 0.05625 0.02812
5 0.51719 0.10781 0.03438 0.02812
5 0.28281 0.97031 0.02813 0.02812
5 0.26562 0.58594 0.0625 0.04062
5 0.11406 0.23906 0.03438 0.02812
5 0.58281 0.25625 0.04688 0.01875
5 0.6625 0.93125 0.03125 0.04375
5 0.68281 0.7125 0.04063 0.01875
5 0.58906 0.29844 0.04688 0.02188
5 0.71719 0.10469 0.04063 0.01562
5 0.3625 0.95938 0.025 0.03125
5 0.12188 0.69375 0.05625 0.01875
5 0.11719 0.675 0.04063 0.025
5 0.19688 0.52188 0.0375 0.01875
5 0.21094 0.58438 0.05312 0.025
5 0.71406 0.33281 0.04063 0.02187
5 0.27187 0.62656 0.05 0.03438
5 0.55312 0.70625 0.04375 0.025
5 0.11719 0.65 0.05938 0.025
5 0.47344 0.51562 0.04063 0.01875
5 0.72656 0.44063 0.04688 0.01875
5 0.00625 0.74688 0.0125 0.03125
5 0.27344 0.18281 0.03438 0.03438
5 0.23125 0.36562 0.04375 0.01875
5 0.24219 0.41094 0.04063 0.01562
5 0.35938 0.36719 0.04375 0.02187
5 0.60469 0.36719 0.03437 0.02187
5 0.61094 0.08125 0.02812 0.03125
5 0.07969 0.44531 0.04063 0.02187
5 0.075 0.40156 0.03125 0.02187
5 0.64688 0.80313 0.03125 0.0375
5 0.56875 0.21406 0.05 0.02812
5 0.63281 0.9375 0.02188 0.03125
5 0.39219 0.66562 0.07812 0.03125
5 0.18125 0.38906 0.05 0.01562
5 0.25156 0.51562 0.04688 0.025
5 0.64375 0.07031 0.025 0.02813
5 0.22812 0.34531 0.04375 0.02188
5 0.36875 0.54688 0.04375 0.01875
5 0.55781 0.74844 0.04688 0.02187
5 0.72188 0.41875 0.05 0.01875
5 0.41875 0.95625 0.025 0.03125
