5 0.01875 0.1375 0.0375 0.04375
48 0.22344 0.07344 0.30312 0.14688
5 0.11562 0.1875 0.04375 0.025
5 0.14062 0.20312 0.05625 0.0375
52 0.62656 0.21875 0.74688 0.4375
52 0.9 0.37344 0.2 0.72812
5 0.75469 0.42812 0.04688 0.0375
48 0.3125 0.28594 0.325 0.19062
48 0.65938 0.42812 0.425 0.2375
48 0.92031 0.61406 0.15938 0.24062
48 0.08438 0.37656 0.16875 0.29688
48 0.25156 0.45469 0.47188 0.43438
48 0.66562 0.72188 0.66875 0.55625
48 0.31562 0.85938 0.63125 0.28125
48 0.35156 0.91094 0.12813 0.08437
48 0.45312 0.95781 0.1125 0.08437
48 0.03906 0.99844 0.07812 0.00313
