48 0.33438 0.26562 0.18125 0.0875
48 0.32969 0.20937 0.14062 0.05625
48 0.42344 0.24531 0.08438 0.12188
48 0.35625 0.48906 0.14375 0.13438
48 0.79219 0.075 0.14062 0.1
48 0.78906 0.19219 0.10938 0.12187
48 0.82187 0.47969 0.13125 0.10313
48 0.76562 0.27344 0.10625 0.05937
48 0.87188 0.11406 0.05625 0.06562
48 0.30156 0.10625 0.07812 0.0625
48 0.58438 0.51875 0.0625 0.08125
48 0.52344 0.36094 0.16562 0.08438
48 0.53906 0.43906 0.17188 0.10312
48 0.44375 0.50938 0.0375 0.04375
48 0.76875 0.41562 0.0625 0.04375
