5 0.46719 0.96875 0.06562 0.04375
5 0.125 0.75469 0.05625 0.03437
5 0.25469 0.8375 0.05937 0.0375
5 0.31562 0.87812 0.05625 0.03125
48 0.62187 0.72969 0.75625 0.54062
5 0.77344 0.0625 0.06563 0.0375
5 0.70938 0.09844 0.05625 0.04688
5 0.83438 0.10156 0.05625 0.04062
5 0.77812 0.13438 0.0625 0.04375
5 0.97188 0.01719 0.05 0.03438
5 0.90312 0.05781 0.05 0.04062
5 0.74531 0.18594 0.09687 0.02188
5 0.95938 0.22656 0.08125 0.04688
5 0.99688 0.25625 0.00625 0.0375
5 0.48906 0.24375 0.06562 0.04375
5 0.42188 0.27969 0.05625 0.04062
5 0.38438 0.30938 0.0625 0.0375
5 0.43906 0.38594 0.05938 0.03437
5 0.86875 0.26719 0.05 0.03437
5 0.80312 0.26875 0.0625 0.04375
5 0.08281 0.50156 0.05938 0.04062
5 0.06406 0.71719 0.07188 0.04063
48 0.16094 0.86719 0.32188 0.26562
48 0.99531 0.27969 0.00938 0.55937
