48 0.96875 0.03594 0.0625 0.07187
48 0.89531 0.03281 0.10938 0.06562
48 0.9 0.14375 0.14375 0.13125
48 0.78125 0.13906 0.1625 0.10938
48 0.92188 0.23906 0.15625 0.13438
48 0.67813 0.26875 0.1625 0.14375
48 0.75156 0.41719 0.14062 0.12812
48 0.36875 0.45156 0.16875 0.13438
48 0.1125 0.6625 0.15 0.15625
48 0.35 0.67656 0.14375 0.12188
48 0.42656 0.62031 0.11562 0.12812
48 0.03125 0.95 0.0625 0.1
48 0.07031 0.875 0.14062 0.13125
48 0.14062 0.94688 0.13125 0.10625
48 0.21562 0.775 0.2 0.15625
48 0.26562 0.88125 0.13125 0.1
48 0.42344 0.86094 0.14688 0.13438
48 0.52656 0.93438 0.15313 0.125
48 0.24375 0.6 0.1375 0.1125
48 0.80625 0.85625 0.1625 0.15625
48 0.60312 0.83281 0.1125 0.09687
48 0.7375 0.92656 0.175 0.10938
48 0.88438 0.77969 0.15625 0.14062
48 0.82031 0.6375 0.13437 0.11875
48 0.44062 0.73594 0.11875 0.09688
48 0.50625 0.675 0.11875 0.10625
48 0.65625 0.95938 0.1875 0.08125
48 0.28594 0.97656 0.15937 0.04688
48 0.72656 0.57344 0.14688 0.13438
48 0.9 0.55312 0.15625 0.125
48 0.98438 0.54375 0.03125 0.10625
48 0.96562 0.64219 0.06875 0.11562
48 0.51875 0.79062 0.1125 0.08125
48 0.61406 0.73281 0.09063 0.09062
48 0.08281 0.98281 0.12187 0.03438
48 0.31406 0.52812 0.14063 0.1125
48 0.78438 0.04219 0.13125 0.08438
48 0.9375 0.45625 0.125 0.1125
48 0.3625 0.925 0.10625 0.0875
48 0.6 0.58125 0.14375 0.13125
48 0.66719 0.63594 0.11562 0.09687
48 0.97031 0.75312 0.05937 0.09375
48 0.56875 0.70469 0.09375 0.09062
48 0.81875 0.49688 0.1125 0.10625
48 0.91562 0.67969 0.1125 0.08438
48 0.19531 0.89219 0.11562 0.09062
48 0.81875 0.26875 0.10625 0.11875
48 0.77344 0.70781 0.14062 0.09687
48 0.05938 0.725 0.11875 0.1
48 0.71875 0.80781 0.10625 0.09687
