48 0.01406 0.3625 0.02812 0.2
48 0.37656 0.06719 0.10312 0.05938
48 0.39844 0.1125 0.11562 0.075
48 0.42344 0.16406 0.10938 0.07188
48 0.46094 0.21094 0.13437 0.07812
48 0.48438 0.2625 0.14375 0.075
48 0.52031 0.3125 0.14062 0.09375
48 0.54844 0.36406 0.12813 0.07812
48 0.58281 0.39844 0.10938 0.07812
48 0.60938 0.4375 0.1125 0.08125
48 0.63906 0.48594 0.14687 0.10938
48 0.67188 0.07656 0.15 0.05938
48 0.67656 0.1125 0.14062 0.05
48 0.69375 0.15 0.1625 0.0625
48 0.70156 0.1875 0.14687 0.05625
48 0.71406 0.22031 0.12812 0.05313
48 0.71719 0.25625 0.15938 0.05
48 0.74219 0.29375 0.15312 0.05
48 0.76406 0.33438 0.13438 0.0625
48 0.78594 0.37031 0.16563 0.05312
48 0.80313 0.41719 0.18125 0.09063
48 0.875 0.53125 0.25 0.1875
48 0.725 0.66719 0.325 0.31562
48 0.84531 0.775 0.12813 0.0875
48 0.91094 0.875 0.12188 0.075
48 0.9 0.82187 0.1625 0.1
48 0.93438 0.90781 0.11875 0.07812
48 0.94531 0.9375 0.10938 0.08125
48 0.96094 0.96875 0.07812 0.0625
48 0.96719 0.97969 0.06563 0.04063
48 0.97812 0.85938 0.04375 0.2125
48 0.94219 0.73281 0.11562 0.11562
48 0.13281 0.79062 0.26562 0.41875
10 0.60781 0.975 0.17812 0.05
48 0.28906 0.99531 0.50313 0.00938
48 0.05781 0.61875 0.11562 0.4125
