48 0.23125 0.77969 0.4625 0.44063
10 0.07812 0.21719 0.09375 0.05938
5 0.37656 0.32188 0.05313 0.05
5 0.02969 0.55 0.04062 0.05
5 0.06406 0.56563 0.04063 0.05625
5 0.08906 0.575 0.04688 0.05
5 0.11875 0.58281 0.05 0.05312
5 0.14531 0.60625 0.04688 0.05
5 0.17969 0.58281 0.05312 0.04063
5 0.23281 0.60938 0.05938 0.05
5 0.29688 0.64531 0.05625 0.04063
5 0.34688 0.65938 0.05 0.05
5 0.37031 0.675 0.04688 0.05
5 0.40312 0.69062 0.05 0.05
5 0.43281 0.70156 0.05938 0.04688
5 0.45938 0.71719 0.05 0.04688
5 0.47344 0.74062 0.05312 0.04375
5 0.53125 0.76875 0.05625 0.05625
7 0.56406 0.77812 0.05937 0.0625
5 0.58906 0.86094 0.05938 0.05312
5 0.52188 0.825 0.05 0.05625
5 0.49219 0.80781 0.05313 0.05312
5 0.47031 0.78906 0.04688 0.04688
5 0.43906 0.77812 0.04688 0.04375
5 0.40625 0.74688 0.05 0.05
5 0.37813 0.72969 0.04375 0.04688
5 0.34531 0.71562 0.05313 0.05
5 0.31563 0.70625 0.05 0.05
5 0.3 0.69062 0.04375 0.04375
5 0.24375 0.66406 0.04375 0.04688
5 0.21406 0.64844 0.04688 0.05313
5 0.18594 0.63438 0.04688 0.04375
5 0.27187 0.67031 0.04375 0.04063
5 0.41562 0.59062 0.03125 0.05
5 0.44375 0.59688 0.0375 0.05
5 0.475 0.61094 0.04375 0.04688
5 0.49688 0.62187 0.0375 0.05
5 0.57969 0.65469 0.04063 0.05312
10 0.675 0.6875 0.1 0.0625
5 0.46094 0.92656 0.05312 0.04688
5 0.375 0.88281 0.05 0.04688
5 0.23438 0.79531 0.05 0.04688
10 0.19531 0.76719 0.04063 0.04063
5 0.28594 0.82344 0.05312 0.04688
10 0.13125 0.7375 0.05 0.04375
5 0.16406 0.75156 0.05312 0.04063
5 0.00469 0.64531 0.00938 0.04688
53 0.32031 0.70156 0.64062 0.48438
