5 0.34844 0.93906 0.05938 0.03438
5 0.07656 0.88906 0.05938 0.02812
5 0.03594 0.96719 0.05312 0.02187
5 0.04062 0.9375 0.05625 0.0375
5 0.8875 0.73906 0.05 0.02813
5 0.87969 0.70938 0.05312 0.03125
5 0.77812 0.63438 0.03125 0.0625
5 0.89688 0.675 0.05 0.025
5 0.78125 0.22031 0.04375 0.02188
5 0.63281 0.26094 0.03438 0.04688
5 0.64688 0.21094 0.025 0.04688
5 0.62344 0.11719 0.02812 0.04688
5 0.60156 0.03125 0.02812 0.04375
5 0.76562 0.17344 0.04375 0.02813
5 0.77344 0.14531 0.04062 0.02812
5 0.76875 0.12344 0.0375 0.02813
5 0.75 0.09844 0.04375 0.03438
5 0.74688 0.06562 0.05 0.025
48 0.34531 0.12812 0.43438 0.25625
48 0.85625 0.22031 0.2875 0.44062
48 0.55 0.52656 0.1625 0.19688
48 0.56406 0.64219 0.07812 0.05312
48 0.61875 0.62813 0.03125 0.05
48 0.63125 0.77344 0.06875 0.06563
5 0.0375 0.82969 0.05 0.02187
8 0.95312 0.99219 0.0875 0.01562
