5 0.42969 0.42969 0.02812 0.04063
10 0.45 0.72656 0.0375 0.05937
5 0.53438 0.60312 0.05625 0.03125
5 0.52656 0.57188 0.05938 0.03125
5 0.4625 0.98594 0.01875 0.02812
50 0.99531 0.04219 0.00938 0.08438
48 0.87969 0.02969 0.04688 0.05938
48 0.56563 0.09844 0.15625 0.14062
48 0.72812 0.15313 0.24375 0.21875
48 0.96562 0.28281 0.06875 0.08438
48 0.58281 0.29063 0.14062 0.19375
48 0.54844 0.47344 0.07812 0.12812
48 0.94688 0.46406 0.08125 0.06562
48 0.7625 0.40625 0.40625 0.2625
48 0.6375 0.57187 0.11875 0.0875
48 0.83125 0.79688 0.3375 0.28125
5 0.80938 0.96719 0.01875 0.04688
