48 0.96875 0.00156 0.0625 0.00312
48 0.19531 0.58281 0.34688 0.12188
48 0.26562 0.68438 0.24375 0.11875
48 0.17031 0.74844 0.34062 0.22188
48 0.15625 0.41562 0.3125 0.21875
48 0.77969 0.35469 0.10938 0.05312
48 0.92188 0.57188 0.1 0.08125
48 0.64062 0.00156 0.24375 0.00312
5 0.37188 0.47031 0.0375 0.04062
48 0.89375 0.01875 0.1625 0.0375
5 0.07187 0.92969 0.0625 0.04062
5 0.32344 0.45 0.04063 0.0375
48 0.65156 0.56094 0.11562 0.07812
48 0.63906 0.22188 0.10938 0.075
5 0.71562 0.06562 0.05 0.04375
48 0.83594 0.05625 0.17188 0.0875
48 0.1875 0.98281 0.24375 0.03438
48 0.68125 0.15469 0.11875 0.07812
48 0.96875 0.14062 0.0625 0.075
48 0.72031 0.63594 0.10313 0.10938
48 0.45469 0.1125 0.43438 0.225
48 0.99219 0.03594 0.01562 0.04688
5 0.62969 0.13125 0.03437 0.03125
5 0.60156 0.15625 0.04062 0.03125
48 0.88906 0.76094 0.12813 0.12188
48 0.34219 0.21875 0.21562 0.1375
5 0.66406 0.10312 0.04688 0.025
48 0.49375 0.50781 0.10625 0.10938
48 0.88281 0.42812 0.23438 0.125
48 0.875 0.64688 0.1375 0.10625
48 0.69688 0.73281 0.14375 0.08437
48 0.85312 0.90938 0.09375 0.06875
48 0.51719 0.8375 0.14062 0.1125
48 0.12031 0.0875 0.24062 0.175
48 0.25156 0.00156 0.15313 0.00312
5 0.3 0.41875 0.05 0.0375
48 0.68438 0.89688 0.11875 0.125
48 0.8625 0.975 0.1375 0.05
48 0.84531 0.575 0.09062 0.0625
5 0.34844 0.01094 0.03437 0.02188
48 0.57656 0.79062 0.09062 0.05
5 0.17188 0.90625 0.05625 0.0375
5 0.28125 0.38281 0.04375 0.03438
48 0.50156 0.75 0.05312 0.0625
48 0.9375 0.28125 0.125 0.13125
48 0.80469 0.24375 0.17813 0.11875
48 0.87969 0.84531 0.10938 0.05312
48 0.41094 0.93906 0.19688 0.12187
48 0.90312 0.6875 0.09375 0.03125
48 0.55312 0.61094 0.15625 0.08437
48 0.98125 0.08594 0.0375 0.05313
5 0.01094 0.95938 0.02188 0.04375
48 0.64531 0.50313 0.14062 0.04375
48 0.59219 0.67969 0.15938 0.09688
48 0.08594 0.85469 0.17188 0.17188
48 0.06875 0.23281 0.1375 0.16562
48 0.37969 0.37656 0.19688 0.17813
5 0.12031 0.92188 0.05313 0.03125
48 0.62187 0.37031 0.1875 0.16563
5 0.26562 0.34219 0.05625 0.04062
