48 0.98281 0.22656 0.03438 0.05937
48 0.99531 0.08281 0.00938 0.04688
48 0.97969 0.16094 0.04063 0.08438
55 0.99219 0.71406 0.01562 0.04063
55 0.99219 0.75469 0.01562 0.04688
55 0.99531 0.79688 0.00938 0.04375
55 0.99375 0.83906 0.0125 0.04063
55 0.99375 0.88125 0.0125 0.04375
5 0.92812 0.73594 0.03125 0.04688
48 0.73125 0.95938 0.1625 0.08125
48 0.3375 0.95625 0.10625 0.0875
48 0.34062 0.78906 0.1125 0.12813
48 0.4625 0.9125 0.13125 0.16875
48 0.725 0.78906 0.1375 0.08438
48 0.57969 0.8625 0.13438 0.275
48 0.22344 0.93125 0.10938 0.1375
48 0.1125 0.87812 0.1 0.08125
48 0.15 0.76406 0.0625 0.09062
48 0.03281 0.87188 0.06562 0.1125
48 0.22812 0.69219 0.1375 0.08437
48 0.07656 0.69844 0.05938 0.05938
48 0.45781 0.54062 0.13438 0.225
48 0.67031 0.54375 0.29063 0.1875
48 0.73125 0.69062 0.1625 0.1
48 0.22969 0.5 0.10938 0.14375
48 0.23594 0.60781 0.12812 0.07188
48 0.11406 0.53281 0.11562 0.20937
48 0.02812 0.51094 0.05625 0.14687
5 0.14687 0.94062 0.025 0.0375
5 0.58125 0.36406 0.05625 0.02813
48 0.72344 0.24219 0.13438 0.09688
48 0.75938 0.04531 0.125 0.09062
48 0.5875 0.20469 0.13125 0.13437
48 0.55469 0.0625 0.07812 0.06875
48 0.46719 0.225 0.12187 0.09375
48 0.35312 0.17969 0.11875 0.12188
48 0.23906 0.14844 0.12812 0.29688
48 0.12344 0.23594 0.10938 0.10312
48 0.11562 0.07187 0.10625 0.1
48 0.03438 0.21719 0.06875 0.13438
48 0.03281 0.07187 0.06562 0.14375
48 0.23281 0.00156 0.14062 0.00312
