9 0.92188 0.22344 0.075 0.15312
10 0.725 0.96875 0.1 0.0625
9 0.57812 0.99375 0.06875 0.0125
9 0.61875 0.95938 0.075 0.05625
9 0.56406 0.98594 0.05937 0.02812
10 0.55625 0.9625 0.0625 0.0375
10 0.59688 0.92188 0.06875 0.05
9 0.52969 0.95469 0.07812 0.05312
9 0.37188 0.98438 0.06875 0.03125
10 0.36094 0.94219 0.08438 0.05938
10 0.34062 0.87031 0.08125 0.05312
10 0.42812 0.78281 0.0375 0.05937
10 0.45469 0.81562 0.05938 0.05
10 0.54062 0.86719 0.075 0.04688
9 0.44219 0.8625 0.07812 0.04375
9 0.45469 0.88438 0.06562 0.04375
9 0.45781 0.9125 0.07188 0.05
9 0.48438 0.92031 0.05625 0.04063
9 0.55469 0.90156 0.09062 0.06562
11 0.39531 0.74844 0.07188 0.18437
10 0.375 0.62187 0.075 0.0625
10 0.39844 0.59062 0.07812 0.05625
13 0.34219 0.77656 0.07812 0.12812
13 0.32188 0.79062 0.0625 0.125
13 0.28438 0.80313 0.08125 0.13125
13 0.25938 0.82031 0.06875 0.12813
13 0.24219 0.83125 0.05937 0.11875
13 0.21562 0.84219 0.0625 0.12813
9 0.34688 0.52344 0.0625 0.08438
9 0.32656 0.43906 0.08438 0.08438
9 0.27344 0.49375 0.04688 0.0625
10 0.23906 0.50156 0.05313 0.07187
13 0.20938 0.52656 0.0625 0.11562
13 0.19219 0.53594 0.07812 0.10937
13 0.17188 0.54531 0.075 0.12812
13 0.15 0.56094 0.05625 0.12812
13 0.125 0.57031 0.075 0.12187
13 0.10938 0.58594 0.075 0.12187
13 0.07031 0.60938 0.07187 0.14375
10 0.09844 0.49062 0.08438 0.05625
10 0.17969 0.45625 0.07188 0.05625
10 0.24531 0.37031 0.07187 0.09687
10 0.22031 0.425 0.08438 0.06875
11 0.10625 0.45312 0.15 0.0875
10 0.06875 0.41094 0.0625 0.04688
10 0.14062 0.35 0.1 0.08125
10 0.15469 0.32344 0.06562 0.05312
10 0.16875 0.30937 0.05 0.04375
10 0.06562 0.26875 0.04375 0.06875
9 0.16562 0.27969 0.05 0.05313
9 0.09219 0.21875 0.07812 0.06875
13 0.46719 0.56719 0.10938 0.10938
13 0.83125 0.00312 0.10625 0.00625
56 0.92969 0.00156 0.14062 0.00312
13 0.67969 0.35312 0.07187 0.08125
13 0.69531 0.32812 0.06563 0.06875
13 0.71719 0.31719 0.07188 0.07188
13 0.74688 0.28594 0.09375 0.08438
13 0.56719 0.28594 0.05938 0.06562
13 0.58281 0.2625 0.06562 0.0625
13 0.59844 0.24844 0.06562 0.05938
13 0.61875 0.22656 0.06875 0.05937
13 0.525 0.23281 0.05625 0.05938
13 0.54219 0.21406 0.05938 0.06563
13 0.76406 0.26875 0.06563 0.06875
13 0.55625 0.19531 0.05625 0.06562
13 0.56719 0.17344 0.05312 0.04688
13 0.44688 0.00781 0.06875 0.01562
10 0.78594 0.89531 0.08437 0.07812
9 0.48438 0.77656 0.05625 0.05312
13 0.57812 0.71719 0.0625 0.04688
10 0.07187 0.37656 0.0625 0.05313
9 0.04219 0.36719 0.04062 0.05312
9 0.33281 0.91562 0.05938 0.04375
5 0.39062 0.84531 0.025 0.03438
5 0.23906 0.90938 0.04688 0.0375
5 0.16719 0.7125 0.03438 0.03125
5 0.19688 0.69531 0.0375 0.03438
5 0.29063 0.71562 0.03125 0.0375
5 0.25938 0.6375 0.04375 0.04375
48 0.18906 0.05156 0.27812 0.10312
48 0.41094 0.1375 0.32188 0.275
58 0.95 0.525 0.1 0.3625
