5 0.9 0.98594 0.05 0.02812
5 0.96406 0.84375 0.04063 0.04375
5 0.92656 0.8125 0.03437 0.0375
5 0.86875 0.78594 0.0375 0.04063
5 0.89844 0.74062 0.03438 0.04375
5 0.98906 0.46406 0.02187 0.04688
5 0.96875 0.53438 0.0375 0.04375
5 0.10625 0.10625 0.05 0.04375
5 0.16875 0.06719 0.06875 0.02813
5 0.0125 0.49375 0.025 0.04375
5 0.05156 0.50156 0.04062 0.04062
5 0.10938 0.51719 0.04375 0.04688
5 0.15625 0.52031 0.05 0.04687
5 0.98906 0.70469 0.02187 0.04688
48 0.17969 0.89375 0.35938 0.2125
48 0.03594 0.24375 0.07187 0.45
48 0.61406 0.33281 0.58438 0.43438
5 0.01719 0.03125 0.03438 0.03125
5 0.21562 0.03594 0.05625 0.02813
