48 0.61562 0.75 0.16875 0.15625
48 0.9125 0.89375 0.0625 0.08125
5 0.92031 0.40312 0.02187 0.04375
48 0.68281 0.52031 0.13438 0.13438
8 0.80625 0.53594 0.04375 0.04063
5 0.76875 0.56875 0.04375 0.025
8 0.98906 0.43594 0.02187 0.02813
48 0.97656 0.72969 0.04688 0.14687
48 0.00312 0.9625 0.00625 0.075
5 0.58594 0.65 0.04062 0.025
48 0.69219 0.97812 0.31562 0.04375
48 0.83594 0.73281 0.23438 0.17188
48 0.7625 0.30937 0.1375 0.175
51 0.5125 0.53125 0.24375 0.3125
48 0.58281 0.26719 0.21563 0.21562
48 0.90938 0.12344 0.1375 0.24688
48 0.92656 0.33906 0.14687 0.11562
48 0.775 0.09375 0.2625 0.1875
48 0.12969 0.55781 0.25938 0.36562
48 0.32188 0.89375 0.60625 0.2125
48 0.36719 0.62344 0.32187 0.22188
