5 0.80313 0.15313 0.0375 0.025
5 0.52344 0.1 0.03438 0.01875
5 0.44375 0.07969 0.0375 0.02187
5 0.74844 0.13438 0.04063 0.01875
5 0.57031 0.11094 0.02812 0.01562
5 0.69062 0.125 0.03125 0.025
5 0.84219 0.1625 0.04063 0.03125
5 0.94375 0.36094 0.025 0.04062
6 0.94219 0.27344 0.05938 0.10313
5 0.88906 0.22031 0.02187 0.02813
48 0.46094 0.29375 0.18437 0.26875
5 0.93281 0.44844 0.02187 0.03437
5 0.84375 0.43437 0.03125 0.04375
5 0.76094 0.69688 0.04063 0.05
5 0.73125 0.68438 0.04375 0.04375
5 0.76094 0.11094 0.04063 0.01562
5 0.98906 0.97969 0.02187 0.04063
51 0.69844 0.45312 0.50938 0.5875
5 0.04375 0.94219 0.05625 0.02187
5 0.63125 0.89375 0.0375 0.0375
5 0.66406 0.91406 0.05313 0.05937
5 0.60312 0.98594 0.0375 0.02812
48 0.15156 0.40938 0.30312 0.275
5 0.21875 0.98906 0.05 0.02187
5 0.56406 0.96875 0.03438 0.05
5 0.275 0.91406 0.05 0.03438
48 0.13594 0.16719 0.23438 0.20312
51 0.225 0.85625 0.3125 0.225
5 0.9625 0.1875 0.04375 0.04375
5 0.13906 0.93438 0.05312 0.04375
5 0.90469 0.13125 0.04688 0.025
5 0.17812 0.92969 0.04375 0.03438
48 0.94219 0.05781 0.11562 0.11562
48 0.33594 0.21094 0.12813 0.19062
48 0.20156 0.66406 0.30313 0.19063
5 0.97812 0.48281 0.03125 0.05313
5 0.225 0.925 0.04375 0.03125
5 0.51406 0.93125 0.04688 0.05625
5 0.04062 0.825 0.0375 0.06875
5 0.17031 0.97969 0.05313 0.04063
48 0.76094 0.03906 0.19062 0.07812
