48 0.00312 0.07344 0.00625 0.14688
48 0.10156 0.1 0.20312 0.2
48 0.24062 0.10469 0.23125 0.20938
48 0.43125 0.13281 0.36875 0.26562
48 0.65625 0.05938 0.2375 0.11875
48 0.71406 0.17031 0.14062 0.18438
48 0.92812 0.25781 0.09375 0.14062
48 0.90781 0.1 0.11562 0.19375
48 0.91562 0.00625 0.08125 0.0125
48 0.78438 0.00469 0.21875 0.00938
48 0.97188 0.17656 0.05625 0.35312
48 0.01562 0.32031 0.03125 0.14687
48 0.20469 0.34688 0.40938 0.25625
48 0.19688 0.475 0.39375 0.2125
48 0.02344 0.44063 0.04688 0.25
48 0.1875 0.58906 0.375 0.20937
48 0.18125 0.69844 0.3625 0.20312
48 0.16719 0.81406 0.33438 0.23438
48 0.17031 0.87969 0.34062 0.24062
48 0.38906 0.7875 0.24687 0.1875
48 0.40469 0.60938 0.12812 0.1875
48 0.43594 0.4625 0.19062 0.2
48 0.5625 0.53438 0.275 0.4625
48 0.51562 0.87188 0.15625 0.15625
48 0.47031 0.9375 0.21562 0.125
48 0.675 0.55 0.175 0.3
48 0.64062 0.70938 0.14375 0.16875
48 0.74531 0.70938 0.16563 0.2125
48 0.75781 0.54688 0.15938 0.1625
48 0.7875 0.45469 0.11875 0.09688
48 0.89375 0.48281 0.14375 0.09687
48 0.85156 0.53906 0.14688 0.12813
48 0.83906 0.62344 0.10313 0.12187
48 0.83594 0.74531 0.19063 0.19688
48 0.71875 0.86562 0.34375 0.26875
48 0.60938 0.98594 0.30625 0.02812
48 0.90938 0.89219 0.18125 0.21562
48 0.98281 0.77188 0.03438 0.3
48 0.99531 0.69531 0.00938 0.15938
5 0.82031 0.16406 0.04062 0.05938
5 0.77656 0.14375 0.05312 0.05
5 0.97656 0.39219 0.04688 0.04062
5 0.79219 0.02656 0.04688 0.05312
5 0.81719 0.11875 0.04063 0.0375
5 0.44688 0.62031 0.05625 0.02187
5 0.78438 0.4 0.0625 0.03125
5 0.61562 0.3125 0.0625 0.04375
5 0.55469 0.29219 0.05937 0.04688
8 0.10312 0.19844 0.06875 0.03438
5 0.825 0.02969 0.025 0.05312
5 0.74219 0.32031 0.07187 0.04063
5 0.77188 0.10156 0.03125 0.03437
5 0.70312 0.36406 0.06875 0.04688
5 0.38125 0.23281 0.0625 0.03437
