5 0.68906 0.02031 0.06563 0.03437
5 0.84219 0.05938 0.06563 0.0375
5 0.92344 0.07969 0.06563 0.03438
5 0.63281 0.09219 0.05937 0.03438
5 0.70312 0.10938 0.06875 0.0375
48 0.99219 0.88906 0.01562 0.22188
48 0.14531 0.2 0.28438 0.21875
48 0.12188 0.39844 0.24375 0.20312
48 0.11875 0.59844 0.2375 0.22188
48 0.05469 0.88906 0.10938 0.18437
5 0.12812 0.90938 0.03125 0.04375
5 0.15 0.81562 0.04375 0.04375
5 0.16875 0.73125 0.05625 0.04375
5 0.23281 0.475 0.04062 0.0625
5 0.26562 0.34062 0.0375 0.05
5 0.27812 0.28906 0.0375 0.04688
5 0.28906 0.22969 0.02812 0.05312
5 0.31562 0.13281 0.0375 0.04688
5 0.32812 0.08594 0.04375 0.05313
51 0.79688 0.74062 0.40625 0.51875
