57 0.41562 0.73125 0.05625 0.11875
57 0.48906 0.7125 0.05312 0.1
57 0.56719 0.69688 0.05312 0.10625
57 0.55937 0.79062 0.04375 0.06875
57 0.60312 0.80156 0.05625 0.10938
57 0.68125 0.78281 0.06875 0.11562
57 0.64375 0.67812 0.0625 0.10625
57 0.7125 0.63906 0.0375 0.05937
57 0.725 0.68281 0.04375 0.05312
57 0.75469 0.75 0.07812 0.1375
57 0.76875 0.67344 0.0375 0.05312
57 0.75156 0.62813 0.03438 0.05625
57 0.79062 0.61875 0.0375 0.075
57 0.84219 0.77031 0.04688 0.06562
57 0.825 0.72812 0.0375 0.05625
57 0.8625 0.60156 0.0375 0.05937
57 0.70781 0.9625 0.05312 0.075
57 0.78438 0.95 0.06875 0.1
57 0.86094 0.93594 0.06563 0.10313
57 0.92812 0.89844 0.04375 0.05937
57 0.88906 0.99688 0.04063 0.00625
57 0.9375 0.99062 0.06875 0.01875
57 0.97031 0.98438 0.05937 0.03125
57 0.99062 0.98438 0.01875 0.03125
56 0.95 0.55937 0.1 0.88125
33 0.19375 0.57188 0.09375 0.125
33 0.20625 0.76406 0.1 0.14062
