48 0.9875 0.325 0.025 0.1125
48 0.84531 0.24531 0.12187 0.09063
48 0.575 0.875 0.1125 0.10625
48 0.73906 0.11562 0.09687 0.08125
48 0.39688 0.91094 0.1125 0.09063
48 0.43594 0.13594 0.12188 0.07812
48 0.52969 0.19531 0.12812 0.07812
48 0.19219 0.00156 0.10312 0.00312
48 0.33125 0.08438 0.13125 0.0875
48 0.44062 0.95781 0.1 0.06562
48 0.4125 0.05156 0.1125 0.07812
48 0.9375 0.19688 0.125 0.11875
48 0.29844 0.01562 0.12188 0.03125
48 0.60938 0.11875 0.075 0.1
48 0.04375 0.89375 0.0875 0.16875
48 0.44844 0.98906 0.07812 0.02187
5 0.22188 0.65938 0.03125 0.04375
5 0.18281 0.9375 0.03438 0.03125
48 0.06875 0.68281 0.1375 0.12188
48 0.30156 0.88125 0.11562 0.10625
48 0.22188 0.97656 0.14375 0.04688
