5 0.44219 0.025 0.04063 0.05
5 0.44219 0.12969 0.04063 0.05313
5 0.64062 0.00156 0.0375 0.00312
5 0.99688 0.00781 0.00625 0.01562
5 0.89531 0.00469 0.04063 0.00938
5 0.85781 0.00156 0.04063 0.00312
5 0.75312 0.00156 0.03125 0.00312
5 0.72188 0.00156 0.03125 0.00312
5 0.71562 0.02656 0.03125 0.05312
5 0.75 0.02344 0.03125 0.04688
5 0.78438 0.03125 0.0375 0.05
5 0.825 0.03125 0.0375 0.0625
5 0.86719 0.02812 0.04062 0.05625
5 0.93281 0.02969 0.03437 0.04688
5 0.99219 0.03125 0.01562 0.04375
5 0.99219 0.12969 0.01562 0.05937
5 0.92969 0.13594 0.04062 0.05938
5 0.89375 0.13125 0.04375 0.05625
5 0.85469 0.12656 0.04688 0.05938
5 0.78594 0.13125 0.03437 0.05625
5 0.74844 0.13594 0.04063 0.05313
5 0.59844 0.12656 0.02813 0.04688
5 0.59531 0.18125 0.03438 0.04375
5 0.63438 0.18125 0.04375 0.05
5 0.74688 0.18438 0.0375 0.05625
5 0.7875 0.18125 0.0375 0.05
5 0.85625 0.18281 0.0375 0.04062
5 0.99062 0.18594 0.01875 0.05313
5 0.74062 0.27969 0.04375 0.04688
5 0.67031 0.27812 0.04063 0.05625
5 0.59531 0.27969 0.04688 0.04688
5 0.59375 0.32969 0.04375 0.04688
5 0.59375 0.42812 0.05 0.0625
