48 0.81406 0.1375 0.19688 0.15625
48 0.99062 0.11562 0.01875 0.23125
48 0.14844 0.13594 0.29688 0.27187
48 0.61719 0.06562 0.45312 0.13125
5 0.13125 0.70781 0.04375 0.02187
5 0.32812 0.66406 0.05625 0.03438
5 0.00469 0.73906 0.00938 0.02813
5 0.50781 0.96562 0.03438 0.04375
5 0.73906 0.96875 0.04688 0.04375
5 0.8125 0.95781 0.04375 0.04063
5 0.89844 0.95938 0.05313 0.03125
5 0.94844 0.94531 0.04063 0.02812
5 0.99062 0.925 0.01875 0.0375
5 0.94844 0.62969 0.04688 0.02813
5 0.7125 0.71875 0.05 0.03125
5 0.79531 0.72344 0.05312 0.03437
5 0.8125 0.675 0.04375 0.03125
5 0.02344 0.41875 0.02188 0.04375
5 0.00312 0.35 0.00625 0.04375
5 0.88281 0.30625 0.05313 0.03125
5 0.86094 0.25938 0.05312 0.0375
48 0.92656 0.40156 0.14687 0.15937
48 0.60469 0.21719 0.18438 0.16562
48 0.26406 0.36094 0.37188 0.31563
48 0.58906 0.54062 0.30312 0.19375
