48 0.41562 0.00312 0.425 0.00625
48 0.38125 0.0375 0.29375 0.075
48 0.4125 0.0875 0.325 0.14375
48 0.43906 0.17188 0.36562 0.25
48 0.92344 0.38594 0.15312 0.11562
48 0.91719 0.24219 0.16563 0.27187
5 0.60938 0.04062 0.0375 0.01875
5 0.76562 0.14844 0.025 0.04688
5 0.75937 0.08594 0.025 0.04688
5 0.775 0.2125 0.025 0.05
5 0.78281 0.27031 0.02187 0.04063
5 0.61406 0.29688 0.05312 0.025
5 0.61562 0.325 0.04375 0.03125
5 0.99844 0.12344 0.00313 0.05312
5 0.74375 0.55625 0.0625 0.03125
5 0.97812 0.55312 0.04375 0.01875
10 0.96562 0.52188 0.06875 0.03125
