48 0.75781 0.07031 0.48438 0.14062
48 0.75625 0.25469 0.4875 0.19688
5 0.63125 0.13906 0.03125 0.04062
5 0.67188 0.13906 0.0375 0.04062
5 0.7 0.13438 0.0375 0.04375
7 0.72656 0.13438 0.03438 0.0375
7 0.89375 0.14844 0.05 0.04688
7 0.96094 0.15781 0.04688 0.04688
5 0.80938 0.40938 0.025 0.04375
5 0.62813 0.4 0.025 0.05
5 0.55625 0.44375 0.025 0.0375
53 0.75156 0.00312 0.49687 0.00625
53 0.75312 0.14531 0.49375 0.11562
48 0.12656 0.54375 0.14688 0.11875
48 0.26875 0.54688 0.1375 0.1125
48 0.60312 0.51406 0.0875 0.10938
48 0.68594 0.49219 0.10313 0.09062
48 0.77969 0.53125 0.09062 0.075
48 0.91406 0.51875 0.12813 0.16875
48 0.98438 0.575 0.03125 0.13125
48 0.11562 0.60469 0.08125 0.05938
