5 0.92812 0.68125 0.05 0.05
5 0.8875 0.67969 0.0375 0.04688
5 0.70781 0.45 0.05312 0.025
5 0.8375 0.67812 0.05 0.04375
5 0.80781 0.70781 0.04688 0.04688
5 0.55 0.62344 0.0375 0.05312
5 0.51562 0.59688 0.025 0.05625
5 0.52188 0.75625 0.0375 0.04375
5 0.48594 0.76719 0.03438 0.05312
5 0.45938 0.77188 0.0375 0.05625
5 0.49219 0.81094 0.05937 0.02187
5 0.70938 0.47656 0.05 0.02812
5 0.88125 0.95938 0.05625 0.025
5 0.57187 0.87344 0.05625 0.03438
5 0.32344 0.85312 0.05312 0.03125
5 0.24688 0.87656 0.05625 0.03438
5 0.09844 0.89531 0.04062 0.02813
5 0.01094 0.92031 0.02188 0.02812
5 0.62969 0.14219 0.05312 0.02813
5 0.8 0.13594 0.05 0.03438
5 0.65625 0.19844 0.0625 0.03438
5 0.67344 0.23906 0.04688 0.02812
5 0.81094 0.16094 0.03438 0.02812
5 0.81094 0.19688 0.04688 0.03125
5 0.69219 0.27812 0.05312 0.03125
5 0.80625 0.25 0.05625 0.03125
5 0.83125 0.29844 0.05 0.03437
5 0.71562 0.30625 0.05 0.03125
5 0.73594 0.35469 0.04688 0.02813
5 0.85312 0.325 0.05 0.03125
48 0.46562 0.26875 0.30625 0.3625
48 0.24375 0.66719 0.2125 0.34687
48 0.07812 0.40938 0.15625 0.24375
48 0.96562 0.37812 0.06875 0.1875
48 0.87188 0.99531 0.15625 0.00938
48 0.84219 0.56406 0.31563 0.22188
48 0.59062 0.49375 0.16875 0.1875
48 0.4625 0.51094 0.125 0.13438
48 0.34531 0.52812 0.16562 0.18125
48 0.37188 0.625 0.1875 0.1125
8 0.70625 0.99375 0.0375 0.0125
48 0.88906 0.36719 0.12187 0.08437
48 0.03125 0.17344 0.0625 0.06562
48 0.01406 0.25156 0.02812 0.10312
