5 0.82344 0.83438 0.05312 0.0375
5 0.02969 0.9875 0.04062 0.025
48 0.81406 0.24062 0.37187 0.26875
48 0.64531 0.57188 0.18438 0.14375
48 0.97969 0.52031 0.04063 0.10937
48 0.92656 0.675 0.14062 0.11875
48 0.59219 0.86875 0.18437 0.14375
48 0.77344 0.99062 0.12187 0.01875
48 0.08125 0.68281 0.1625 0.30312
48 0.00469 0.43594 0.00938 0.23438
48 0.175 0.36094 0.14375 0.14688
48 0.25781 0.27031 0.10938 0.10938
48 0.34531 0.30937 0.12188 0.14375
48 0.44844 0.37656 0.12812 0.14062
48 0.78594 0.7125 0.09063 0.1125
48 0.24219 0.91094 0.12187 0.15313
48 0.02188 0.2375 0.04375 0.075
48 0.40156 0.94531 0.19062 0.10938
48 0.46406 0.15937 0.17812 0.1875
5 0.5375 0.74219 0.04375 0.02188
