48 0.23281 0.0875 0.40312 0.1375
48 0.67031 0.57188 0.27812 0.85625
48 0.86875 0.56719 0.2375 0.86562
48 0.75469 0.07656 0.43438 0.15313
48 0.60312 0.025 0.2375 0.05
48 0.12031 0.0375 0.24062 0.075
48 0.30312 0.0125 0.2125 0.025
5 0.99688 0.23438 0.00625 0.04375
5 0.00156 0.87031 0.00312 0.02813
9 0.04062 0.98281 0.04375 0.03438
10 0.00625 0.375 0.0125 0.0625
5 0.46094 0.07812 0.02812 0.05
5 0.53906 0.70781 0.02812 0.05312
5 0.54375 0.775 0.03125 0.04375
5 0.54531 0.81875 0.02812 0.0375
48 0.14062 0.57188 0.275 0.85625
48 0.36094 0.57031 0.25312 0.85938
