48 0.58125 0.0625 0.38125 0.125
48 0.8875 0.1125 0.225 0.1625
48 0.91406 0.71875 0.17188 0.13125
48 0.72344 0.72812 0.21563 0.13125
48 0.55 0.71875 0.15 0.13125
9 0.95312 0.4375 0.09375 0.05
48 0.17344 0.02188 0.22812 0.04375
5 0.90938 0.32344 0.075 0.04063
5 0.84531 0.3625 0.08437 0.04375
5 0.89531 0.375 0.07188 0.04375
10 0.77344 0.47344 0.12187 0.05312
5 0.78594 0.61875 0.09687 0.05625
5 0.93438 0.38594 0.08125 0.04688
5 0.9875 0.57969 0.025 0.03438
48 0.99531 0.51719 0.00938 0.04688
48 0.97812 0.54531 0.04375 0.04063
10 0.74844 0.81875 0.09688 0.03125
10 0.70312 0.84531 0.08125 0.04063
10 0.85156 0.79844 0.09688 0.03438
10 0.77344 0.87969 0.08438 0.04688
48 0.74219 0.97344 0.17813 0.05312
10 0.44375 0.89375 0.0875 0.0875
10 0.51562 0.94375 0.05 0.05
