48 0.26094 0.93438 0.11562 0.1
48 0.3625 0.93594 0.1875 0.12813
48 0.93125 0.73125 0.125 0.11875
48 0.03594 0.93281 0.07187 0.10938
48 0.46406 0.64844 0.12812 0.11563
48 0.96562 0.67188 0.06875 0.075
48 0.06406 0.3375 0.11562 0.125
48 0.97188 0.1375 0.05625 0.06875
48 0.125 0.00469 0.19375 0.00938
48 0.60312 0.56719 0.16875 0.17187
48 0.13906 0.20781 0.14062 0.10938
48 0.75156 0.79219 0.05937 0.10313
48 0.98438 0.41406 0.03125 0.13438
48 0.9 0.3 0.09375 0.1125
48 0.00625 0.18438 0.0125 0.15625
48 0.44375 0.13594 0.09375 0.13438
48 0.95312 0.41406 0.075 0.10313
48 0.99844 0.29531 0.00313 0.14062
48 0.48906 0.06094 0.10313 0.12188
48 0.7875 0.44531 0.0625 0.07188
48 0.05938 0.85469 0.11875 0.10313
48 0.11875 0.1375 0.18125 0.0875
48 0.05313 0.23906 0.09375 0.07812
48 0.79531 0.07031 0.17812 0.14062
48 0.83438 0.3125 0.1125 0.10625
48 0.01562 0.40625 0.03125 0.1
48 0.04062 0.15938 0.08125 0.2
48 0.24375 0.78281 0.13125 0.17812
48 0.04688 0.69062 0.09375 0.10625
48 0.09844 0.675 0.07813 0.075
48 0.80469 0.63906 0.12813 0.06563
48 0.43438 0.57656 0.09375 0.07812
48 0.29063 0.05469 0.1 0.10938
48 0.63438 0.30312 0.09375 0.11875
48 0.96875 0.20312 0.0625 0.09375
48 0.54375 0.71875 0.2125 0.13125
48 0.92656 0.79062 0.10313 0.10625
48 0.55156 0.25781 0.10313 0.12813
48 0.87031 0.41094 0.10938 0.07188
48 0.89531 0.20625 0.10313 0.09375
48 0.83125 0.15156 0.1 0.07812
48 0.50156 0.82031 0.14687 0.13437
48 0.75156 0.58125 0.20937 0.1125
48 0.01094 0.28125 0.02188 0.09375
48 0.06719 0.57031 0.13438 0.12813
48 0.34688 0.65781 0.14375 0.08437
48 0.16719 0.51406 0.14688 0.10313
48 0.62344 0.42656 0.10938 0.17187
48 0.25469 0.1625 0.17812 0.11875
48 0.01406 0.48125 0.02812 0.125
48 0.6875 0.36562 0.1 0.09375
48 0.04688 0.01562 0.09375 0.03125
48 0.80625 0.72188 0.18125 0.15625
48 0.10312 0.92969 0.1125 0.12187
48 0.49844 0.56563 0.11563 0.10625
48 0.025 0.34375 0.05 0.08125
48 0.09531 0.7625 0.09687 0.125
48 0.3875 0.4125 0.11875 0.14375
48 0.69688 0.3125 0.0625 0.0875
48 0.95781 0.06094 0.08437 0.12188
48 0.67656 0.72031 0.14687 0.12813
48 0.20156 0.7 0.17813 0.14375
48 0.00781 0.66875 0.01562 0.15625
48 0.35938 0.06562 0.1125 0.125
48 0.90312 0.15 0.10625 0.08125
48 0.04375 0.77656 0.0875 0.10938
48 0.40469 0.50313 0.10312 0.09375
48 0.49531 0.90156 0.10313 0.09687
48 0.84844 0.83281 0.16563 0.15313
48 0.46094 0.40938 0.09688 0.125
48 0.40469 0.31094 0.14062 0.09063
48 0.7 0.43906 0.13125 0.09687
48 0.56719 0.0875 0.13438 0.1
48 0.95781 0.55781 0.08437 0.14063
48 0.07031 0.45312 0.12188 0.13125
48 0.7 0.20625 0.0875 0.1375
48 0.77031 0.17344 0.10313 0.10312
48 0.14844 0.97188 0.14687 0.05625
48 0.16875 0.92188 0.11875 0.09375
48 0.34375 0.77344 0.19375 0.17188
48 0.65312 0.79219 0.0625 0.11562
48 0.7 0.79375 0.06875 0.075
48 0.13906 0.44219 0.12188 0.10938
48 0.49844 0.29688 0.12187 0.10625
48 0.20938 0.06406 0.1375 0.12188
48 0.63125 0.91094 0.33125 0.17812
48 0.71875 0.64688 0.11875 0.05
48 0.17031 0.37344 0.15937 0.10312
48 0.75 0.51094 0.14375 0.09063
48 0.86406 0.51875 0.17188 0.15625
48 0.55469 0.46719 0.12813 0.10313
48 0.54219 0.38594 0.11562 0.10313
48 0.30312 0.38281 0.10625 0.09062
48 0.05781 0.09375 0.09688 0.10625
48 0.6 0.03594 0.14375 0.07187
48 0.74219 0.31406 0.07812 0.07187
48 0.90625 0.06875 0.1125 0.1
48 0.30156 0.59375 0.18438 0.125
48 0.29219 0.51094 0.13438 0.11562
48 0.17344 0.81562 0.11562 0.15
48 0.01406 0.5625 0.02812 0.09375
48 0.17031 0.58125 0.12188 0.10625
48 0.30625 0.22812 0.08125 0.1125
48 0.7625 0.24844 0.075 0.08438
48 0.76719 0.38125 0.12187 0.10625
48 0.275 0.45469 0.175 0.09688
48 0.1125 0.05938 0.10625 0.09375
48 0.6125 0.19375 0.1125 0.14375
48 0.9375 0.00938 0.125 0.01875
48 0.48281 0.97031 0.08438 0.05937
48 0.59375 0.8 0.08125 0.0875
48 0.13125 0.29063 0.0875 0.1
48 0.32969 0.975 0.25312 0.05
48 0.91719 0.6375 0.14687 0.175
48 0.60469 0.65938 0.12188 0.0625
48 0.25 0.29531 0.1875 0.12812
48 0.51875 0.16094 0.11875 0.10938
48 0.6875 0.07812 0.1125 0.15625
48 0.78438 0.29688 0.05625 0.0875
48 0.84219 0.35781 0.11562 0.07812
48 0.82188 0.23125 0.09375 0.125
48 0.94375 0.29063 0.05 0.1375
48 0.025 0.98906 0.05 0.02187
48 0.48125 0.49844 0.08125 0.07188
48 0.41875 0.0625 0.11875 0.125
48 0.38281 0.19219 0.14062 0.17812
48 0.46094 0.21719 0.09062 0.07812
48 0.975 0.30312 0.05 0.11875
5 0.88906 0.89375 0.04063 0.0375
6 0.94844 0.91875 0.03437 0.0375
5 0.81719 0.95 0.04688 0.04375
5 0.84531 0.92656 0.04688 0.04063
5 0.79844 0.98594 0.04688 0.02812
