48 0.27187 0.01719 0.09375 0.03438
48 0.34844 0.0375 0.16563 0.075
48 0.8375 0.98438 0.325 0.03125
48 0.23594 0.81875 0.47188 0.3625
48 0.64844 0.51562 0.70312 0.4875
55 0.54375 0.99062 0.375 0.01875
55 0.79531 0.92031 0.40938 0.15938
55 0.87969 0.81875 0.24062 0.175
55 0.98906 0.71562 0.02187 0.1875
55 0.99688 0.4625 0.00625 0.18125
55 0.90781 0.57656 0.18437 0.17813
55 0.76875 0.68594 0.36875 0.17812
55 0.58594 0.79219 0.34688 0.18438
55 0.37813 0.925 0.35625 0.15
55 0.175 0.97969 0.35 0.04063
19 0.9875 0.175 0.025 0.1125
9 0.90312 0.26094 0.13125 0.09063
13 0.37656 0.57188 0.09687 0.0625
13 0.50469 0.50313 0.12188 0.08125
13 0.63125 0.42344 0.14375 0.09687
13 0.77031 0.34219 0.14687 0.09687
