48 0.73438 0.07656 0.15625 0.15313
48 0.425 0.03438 0.23125 0.06875
48 0.20937 0.02031 0.21875 0.04062
48 0.64531 0.05781 0.17188 0.11562
48 0.53906 0.02812 0.15938 0.05625
5 0.08438 0.3625 0.04375 0.025
48 0.20469 0.61094 0.19062 0.22188
48 0.00625 0.44375 0.0125 0.26875
48 0.44375 0.96094 0.14375 0.07812
48 0.46406 0.55937 0.17188 0.29375
48 0.54375 0.72188 0.1875 0.20625
48 0.9375 0.99688 0.125 0.00625
48 0.0625 0.775 0.125 0.28125
48 0.70469 0.21406 0.19688 0.21562
48 0.01094 0.97812 0.02188 0.04375
48 0.99062 0.95938 0.01875 0.08125
48 0.84688 0.68281 0.18125 0.14687
48 0.93594 0.42656 0.12813 0.34688
48 0.25156 0.48594 0.22188 0.15938
48 0.32969 0.65 0.12812 0.16875
48 0.12344 0.85312 0.14062 0.16875
48 0.96562 0.76562 0.06875 0.2125
48 0.72969 0.8875 0.16563 0.16875
48 0.78906 0.79062 0.19687 0.1625
48 0.52969 0.37188 0.19062 0.18125
48 0.98438 0.24375 0.03125 0.2125
48 0.29219 0.78594 0.15938 0.14687
48 0.11094 0.50625 0.18438 0.25
48 0.04844 0.48281 0.09688 0.24063
48 0.18906 0.74531 0.15313 0.14062
48 0.02344 0.7875 0.04688 0.225
6 0.30625 0.99219 0.04375 0.01562
5 0.21094 0.98125 0.06562 0.025
48 0.47969 0.86563 0.17812 0.18125
5 0.01094 0.90781 0.02188 0.02812
5 0.25781 0.36719 0.02187 0.04063
48 0.02656 0.14062 0.05312 0.16875
48 0.10625 0.2125 0.15625 0.175
5 0.70781 0.69688 0.02813 0.03125
5 0.38281 0.4125 0.03438 0.025
48 0.63438 0.35312 0.1125 0.1
5 0.60469 0.47812 0.02813 0.01875
5 0.63281 0.94219 0.02188 0.04063
48 0.22344 0.23438 0.14688 0.21875
5 0.83906 0.28125 0.02187 0.0375
5 0.16094 0.99219 0.04688 0.01562
5 0.09688 0.95156 0.03125 0.02187
48 0.625 0.27187 0.0875 0.09375
5 0.04688 0.91562 0.03125 0.025
5 0.00312 0.33438 0.00625 0.03125
