7 0.74375 0.12344 0.05625 0.03438
7 0.88125 0.12344 0.05625 0.02813
5 0.69688 0.26875 0.05 0.025
5 0.89688 0.27969 0.0375 0.02188
5 0.89531 0.30781 0.03437 0.02187
9 0.87969 0.4125 0.04063 0.04375
7 0.32031 0.0125 0.05312 0.025
5 0.31406 0.0375 0.04688 0.025
5 0.3125 0.07344 0.04375 0.02188
5 0.29844 0.12656 0.04062 0.02188
5 0.27031 0.2 0.04688 0.025
5 0.26094 0.2375 0.05312 0.025
7 0.25938 0.26406 0.0625 0.02813
5 0.45469 0.16875 0.04688 0.025
5 0.4625 0.13906 0.04375 0.02188
48 0.06875 0.14219 0.1375 0.28438
48 0.13125 0.14531 0.175 0.29063
48 0.21094 0.15937 0.20312 0.31875
48 0.47969 0.00469 0.09063 0.00938
48 0.56719 0.00781 0.11562 0.01562
48 0.52188 0.20156 0.1875 0.39062
48 0.40156 0.34219 0.09063 0.07812
48 0.60781 0.22969 0.17188 0.37812
48 0.98281 0.12031 0.03438 0.11562
48 0.95938 0.28281 0.08125 0.17812
48 0.94219 0.42656 0.11562 0.17812
