48 0.87344 0.12656 0.09688 0.14062
48 0.28594 0.12344 0.44688 0.24688
5 0.41094 0.34062 0.06562 0.01875
10 0.03594 0.36719 0.04062 0.14687
5 0.40781 0.41094 0.06562 0.03437
10 0.03281 0.2125 0.03438 0.13125
5 0.4 0.37656 0.06875 0.02813
56 0.71094 0.51094 0.35938 0.54062
56 0.32344 0.75469 0.52813 0.43438
56 0.28438 0.99219 0.48125 0.01562
56 0.79375 0.95 0.2875 0.1
48 0.61094 0.21875 0.19063 0.06875
48 0.7875 0.21406 0.2375 0.08437
56 0.38125 0.26875 0.25625 0.0625
56 0.09375 0.33906 0.06875 0.11562
56 0.13125 0.26719 0.15625 0.08438
56 0.50156 0.45156 0.07812 0.09063
56 0.49687 0.36406 0.08125 0.09063
48 0.32188 0.33906 0.10625 0.10313
6 0.35156 0.43125 0.08437 0.0375
6 0.3875 0.48438 0.10625 0.0375
5 0.01094 0.91875 0.02188 0.08125
5 0.08438 0.47188 0.09375 0.04375
10 0.72969 0.90156 0.23438 0.06562
