48 0.32188 0.14844 0.39375 0.29688
5 0.00469 0.96875 0.00938 0.05
5 0.02188 0.96719 0.03125 0.04063
5 0.0375 0.94687 0.0375 0.0375
9 0.01406 0.89062 0.02812 0.06875
48 0.72812 0.33438 0.40625 0.29375
48 0.49688 0.34844 0.06875 0.10938
48 0.5 0.25781 0.09375 0.08437
5 0.8625 0.85625 0.025 0.03125
48 0.38906 0.90625 0.25938 0.1875
48 0.93438 0.89688 0.13125 0.15625
48 0.75 0.81094 0.06875 0.09062
48 0.91562 0.98906 0.16875 0.02187
48 0.81562 0.94844 0.1125 0.10313
48 0.59688 0.53281 0.06875 0.05937
48 0.58125 0.87344 0.08125 0.05937
48 0.44219 0.71406 0.14062 0.10313
48 0.18438 0.70938 0.18125 0.08125
48 0.29844 0.66562 0.09687 0.075
