53 0.85156 0.17656 0.27188 0.24062
8 0.89531 0.10781 0.02813 0.04688
5 0.94219 0.11875 0.01562 0.04375
5 0.85625 0.09844 0.01875 0.04062
48 0.62656 0.30625 0.64688 0.23125
8 0.87812 0.10469 0.025 0.04687
11 0.2 0.40938 0.05625 0.09375
48 0.91875 0.66719 0.1625 0.40937
15 0.79062 0.06562 0.05625 0.13125
48 0.06562 0.08438 0.13125 0.16875
10 0.10156 0.7625 0.04688 0.0875
5 0.92188 0.42344 0.06875 0.01562
5 0.91875 0.45469 0.03125 0.02188
8 0.91562 0.11094 0.025 0.04063
48 0.4 0.75 0.41875 0.275
5 0.9375 0.3875 0.0375 0.025
5 0.83906 0.09219 0.01562 0.04063
48 0.77812 0.83125 0.44375 0.2875
48 0.52344 0.1625 0.38438 0.225
5 0.19844 0.51094 0.02188 0.04688
8 0.74844 0.19688 0.05937 0.10625
5 0.1875 0.55625 0.0375 0.04375
48 0.97812 0.20781 0.04375 0.38438
5 0.16719 0.67656 0.04062 0.04688
48 0.58906 0.43594 0.65938 0.30937
5 0.17656 0.60781 0.03438 0.03438
5 0.27344 0.11094 0.03438 0.05313
5 0.9375 0.39062 0.05 0.025
8 0.22812 0.32969 0.03125 0.05938
48 0.56094 0.6 0.64062 0.31875
48 0.58906 0.9 0.82188 0.2
5 0.96406 0.11406 0.01562 0.02812
48 0.58438 0.07187 0.29375 0.14375
