48 0.30312 0.32188 0.60625 0.64375
5 0.07656 0.04844 0.02812 0.03438
5 0.175 0.22188 0.03125 0.04375
5 0.20625 0.48281 0.05 0.02813
5 0.33281 0.00156 0.05312 0.00312
9 0.35781 0.07187 0.05938 0.05
9 0.38594 0.14688 0.05938 0.04375
9 0.40312 0.18281 0.05625 0.04688
9 0.42812 0.22812 0.06875 0.04375
9 0.46406 0.09844 0.06562 0.04062
9 0.47344 0.12344 0.07188 0.05312
9 0.49375 0.15156 0.08125 0.05313
9 0.45312 0.25156 0.1 0.05938
9 0.54375 0.26406 0.08125 0.05938
9 0.49844 0.34219 0.07188 0.05313
6 0.36719 0.66875 0.11562 0.13125
