48 0.15156 0.33438 0.11562 0.0875
5 0.45156 0.99375 0.02813 0.0125
8 0.00938 0.89844 0.01875 0.03438
5 0.09062 0.40312 0.025 0.05625
48 0.66875 0.90938 0.1875 0.18125
48 0.68438 0.98125 0.19375 0.0375
48 0.95469 0.98438 0.09062 0.03125
48 0.98125 0.86406 0.0375 0.15937
48 0.10312 0.06562 0.19375 0.13125
48 0.05312 0.25156 0.10625 0.25937
48 0.36719 0.475 0.14062 0.15
48 0.7875 0.79531 0.2375 0.21562
5 0.10156 0.94531 0.02813 0.03438
5 0.12188 0.48438 0.01875 0.0375
48 0.15313 0.54219 0.14375 0.11562
5 0.08125 0.93125 0.03125 0.03125
48 0.32812 0.64531 0.175 0.16563
48 0.19844 0.42031 0.08438 0.09063
5 0.70469 0.675 0.02812 0.0375
48 0.6625 0.44531 0.175 0.17188
48 0.95469 0.44688 0.09062 0.11875
5 0.73281 0.59062 0.02812 0.0375
48 0.87656 0.58281 0.14687 0.12812
48 0.43906 0.73281 0.19687 0.17812
5 0.68438 0.71875 0.03125 0.0375
48 0.05 0.81875 0.1 0.1625
48 0.5125 0.18906 0.20625 0.25312
48 0.5625 0.62187 0.1125 0.09375
48 0.9375 0.15 0.125 0.1125
5 0.83125 0.31406 0.0375 0.03437
5 0.55469 0.90781 0.03438 0.04063
48 0.49062 0.0375 0.1625 0.075
5 0.74531 0.53594 0.03437 0.04063
48 0.32812 0.84688 0.20625 0.15625
48 0.00469 0.37969 0.00938 0.12812
48 0.83125 0.20938 0.14375 0.175
48 0.97812 0.37031 0.04375 0.11562
48 0.04531 0.65469 0.09062 0.09062
48 0.25312 0.9375 0.21875 0.125
48 0.77344 0.40938 0.14062 0.14375
48 0.66719 0.27812 0.16563 0.1125
48 0.96562 0.04531 0.06875 0.09062
5 0.16875 0.48438 0.04375 0.025
48 0.03125 0.51562 0.0625 0.1125
48 0.96719 0.1 0.06563 0.09375
48 0.12188 0.24062 0.10625 0.10625
