10 0.70156 0.92656 0.04063 0.07812
5 0.55 0.58906 0.01875 0.02813
5 0.55625 0.49844 0.01875 0.02188
5 0.53125 0.45469 0.025 0.04688
5 0.49688 0.33438 0.025 0.03125
5 0.49375 0.31094 0.025 0.02813
5 0.64844 0.03438 0.04688 0.025
5 0.66094 0.13594 0.02813 0.04687
5 0.6375 0.1375 0.025 0.025
5 0.49844 0.05 0.02812 0.03125
5 0.625 0.00469 0.025 0.00938
48 0.09375 0.50156 0.1875 0.39688
48 0.2375 0.14844 0.0625 0.06562
48 0.48906 0.11562 0.04063 0.08125
48 0.49844 0.17969 0.04063 0.08437
48 0.23438 0.03438 0.225 0.06875
48 0.75 0.71719 0.0875 0.12813
48 0.79219 0.84375 0.13438 0.125
48 0.97344 0.91875 0.05312 0.1
48 0.33594 0.52344 0.26562 0.18437
48 0.97031 0.2625 0.05937 0.10625
48 0.78281 0.09219 0.17812 0.18438
48 0.05938 0.97031 0.11875 0.05937
48 0.07344 0.75938 0.14688 0.175
48 0.3625 0.65469 0.3 0.14062
48 0.37187 0.15625 0.10625 0.1
5 0.50781 0.40938 0.05313 0.0625
5 0.63125 0.18906 0.025 0.05938
48 0.12188 0.90469 0.24375 0.17812
48 0.37344 0.90469 0.29688 0.19063
48 0.80625 0.9375 0.15625 0.125
48 0.36406 0.74844 0.22813 0.14062
48 0.80938 0.98594 0.14375 0.02812
5 0.55 0.63906 0.0375 0.04063
48 0.31562 0.27031 0.28125 0.19688
48 0.89531 0.11719 0.12812 0.14687
48 0.93438 0.35 0.13125 0.125
48 0.37812 0.075 0.13125 0.13125
5 0.50781 0.36406 0.01562 0.02813
48 0.92969 0.62031 0.14062 0.25312
48 0.92656 0.95781 0.14687 0.08437
48 0.91406 0.0625 0.17188 0.125
48 0.91562 0.46406 0.16875 0.09063
48 0.9375 0.81562 0.125 0.20625
48 0.8375 0.2125 0.1125 0.11875
48 0.70938 0.31094 0.125 0.12812
48 0.0625 0.10156 0.125 0.20312
48 0.31563 0.15469 0.075 0.10938
48 0.75 0.39531 0.15 0.10938
48 0.34062 0.41562 0.3125 0.175
48 0.89688 0.25938 0.125 0.16875
