48 0.38438 0.53438 0.125 0.11875
48 0.04688 0.95469 0.09375 0.09062
48 0.54844 0.69375 0.12188 0.09375
48 0.96406 0.74062 0.07188 0.08125
48 0.79062 0.45 0.08125 0.075
48 0.72812 0.88438 0.05 0.10625
48 0.05469 0.83594 0.10938 0.10938
48 0.64375 0.59375 0.14375 0.19375
48 0.12656 0.72344 0.09687 0.09687
48 0.78906 0.02031 0.15312 0.04062
48 0.90625 0.4625 0.08125 0.09375
48 0.87344 0.04219 0.08437 0.07812
48 0.69375 0.62656 0.09375 0.14687
48 0.38125 0.75625 0.075 0.1
48 0.46406 0.56719 0.07813 0.08437
48 0.96094 0.48594 0.07812 0.09063
46 0.32969 0.025 0.10312 0.05
48 0.45625 0.47031 0.10625 0.11562
48 0.70938 0.71719 0.11875 0.12813
48 0.0125 0.59531 0.025 0.11562
48 0.34531 0.1625 0.09063 0.13125
48 0.26719 0.43281 0.11562 0.10313
48 0.75625 0.93906 0.125 0.07188
48 0.00625 0.4 0.0125 0.08125
48 0.91719 0.58906 0.16563 0.15937
48 0.86094 0.40312 0.10313 0.09375
48 0.17031 0.85156 0.12188 0.18437
48 0.3375 0.47031 0.09375 0.09688
48 0.90312 0.07031 0.08125 0.07187
48 0.72969 0.01406 0.10313 0.02812
48 0.27031 0.94688 0.10938 0.10625
48 0.99688 0.90625 0.00625 0.11875
48 0.80312 0.39375 0.14375 0.13125
48 0.09844 0.97188 0.07187 0.05625
48 0.83281 0.475 0.10313 0.05625
48 0.45781 0.81406 0.10313 0.10938
48 0.17031 0.51094 0.09688 0.10313
48 0.12031 0.80625 0.06563 0.0625
48 0.0375 0.91562 0.075 0.14375
48 0.91875 0.00781 0.1625 0.01562
48 0.93906 0.32812 0.12187 0.125
48 0.32969 0.52656 0.06562 0.05938
48 0.38594 0.37969 0.18438 0.17188
48 0.525 0.32031 0.1125 0.09688
48 0.7875 0.06875 0.13125 0.1375
48 0.98906 0.29688 0.02187 0.16875
48 0.79844 0.87812 0.09062 0.08125
48 0.2375 0.54688 0.0875 0.075
48 0.99219 0.41094 0.01562 0.11562
48 0.66875 0.88437 0.0625 0.15
48 0.45312 0.98438 0.175 0.03125
48 0.30781 0.30781 0.13438 0.15313
48 0.14375 0.325 0.04375 0.05
48 0.03438 0.65 0.0625 0.0625
48 0.31562 0.94531 0.26875 0.10938
48 0.86562 0.52812 0.175 0.10625
48 0.21875 0.37344 0.09375 0.10312
48 0.55 0.41719 0.1625 0.14062
48 0.30156 0.6875 0.20312 0.2
48 0.20312 0.10156 0.1 0.09063
48 0.1 0.89531 0.08125 0.08437
48 0.82344 0.24688 0.35312 0.30625
48 0.1 0.44688 0.2 0.2
48 0.42656 0.22344 0.15937 0.14688
48 0.61562 0.875 0.075 0.1625
48 0.51875 0.84062 0.0875 0.13125
48 0.04688 0.36562 0.09375 0.0875
48 0.13281 0.94531 0.07812 0.07812
48 0.70781 0.17969 0.17812 0.14687
