48 0.92656 0.07969 0.14687 0.06562
5 0.7125 0.27344 0.01875 0.04688
5 0.99219 0.52812 0.01562 0.05
48 0.53125 0.15313 0.2375 0.16875
48 0.77656 0.15781 0.12188 0.22188
48 0.64688 0.45469 0.23125 0.24062
48 0.67969 0.14844 0.08438 0.20312
48 0.56406 0.90156 0.65938 0.19688
48 0.29219 0.05625 0.58438 0.1125
48 0.83438 0.02812 0.33125 0.05625
48 0.1375 0.52344 0.24375 0.27188
48 0.92344 0.25312 0.15312 0.0875
5 0.80781 0.31562 0.04688 0.025
5 0.49844 0.25312 0.02188 0.05
48 0.63437 0.03281 0.15 0.06562
5 0.79688 0.27969 0.03125 0.03437
5 0.69219 0.27187 0.02187 0.05
5 0.9625 0.81562 0.025 0.05
5 0.99062 0.17812 0.01875 0.01875
48 0.91406 0.16719 0.14062 0.08438
5 0.99219 0.14844 0.01562 0.02187
5 0.52344 0.25 0.02188 0.04375
