5 0.00938 0.25625 0.01875 0.03125
5 0.09531 0.27969 0.05312 0.03437
5 0.14219 0.33594 0.05938 0.03438
5 0.2375 0.36094 0.05625 0.03437
5 0.25312 0.40469 0.05 0.03437
5 0.17188 0.39688 0.05 0.03125
12 0.1375 0.45 0.05625 0.0375
6 0.24219 0.49531 0.06563 0.03437
5 0.29219 0.49062 0.04688 0.0375
5 0.32969 0.475 0.04062 0.03125
5 0.26875 0.54844 0.04375 0.03438
5 0.49375 0.49844 0.04375 0.02812
5 0.47344 0.54844 0.04688 0.02812
11 0.41875 0.59062 0.19375 0.11875
5 0.73281 0.62656 0.04688 0.02812
5 0.62031 0.60625 0.04063 0.025
5 0.68281 0.66094 0.04688 0.02813
5 0.78125 0.67656 0.0375 0.02813
5 0.72812 0.72031 0.05 0.03438
5 0.62031 0.73438 0.04063 0.03125
5 0.60781 0.66562 0.04688 0.03125
5 0.88438 0.7 0.04375 0.03125
5 0.84844 0.74062 0.05312 0.03125
5 0.74219 0.77812 0.05313 0.04375
5 0.90469 0.80156 0.04063 0.02813
5 0.92656 0.78438 0.04688 0.025
5 0.95625 0.73125 0.0375 0.03125
5 0.99688 0.79844 0.00625 0.02187
10 0.96562 0.875 0.05625 0.0375
5 0.92031 0.44688 0.05312 0.025
5 0.94844 0.42969 0.04688 0.01562
5 0.92344 0.38281 0.04688 0.02812
5 0.70938 0.33281 0.05 0.03437
5 0.61875 0.25625 0.05625 0.0375
14 0.03281 0.37188 0.06562 0.0625
