10 0.24844 0.20625 0.02813 0.04375
48 0.73438 0.73125 0.1875 0.11875
48 0.28906 0.53594 0.17188 0.13438
48 0.48594 0.93438 0.11562 0.09375
48 0.09844 0.79375 0.09062 0.1375
48 0.86406 0.62031 0.07188 0.12812
48 0.99219 0.3375 0.01562 0.10625
48 0.68125 0.22344 0.10625 0.24688
48 0.06875 0.62344 0.06875 0.14062
48 0.37344 0.82656 0.08438 0.12813
48 0.10312 0.92813 0.0375 0.06875
48 0.98906 0.175 0.02187 0.16875
48 0.8875 0.725 0.10625 0.09375
48 0.25156 0.66406 0.12188 0.15938
48 0.39219 0.12656 0.04688 0.04688
5 0.60781 0.83438 0.02812 0.03125
48 0.95312 0.45312 0.09375 0.0875
48 0.84844 0.44844 0.08437 0.15313
5 0.99844 0.00938 0.00313 0.01875
48 0.69375 0.85312 0.09375 0.1
48 0.625 0.40781 0.13125 0.11563
8 0.40156 0.30625 0.05938 0.0625
48 0.25938 0.80469 0.1375 0.12187
5 0.35312 0.28906 0.025 0.04063
48 0.88438 0.88906 0.125 0.17812
48 0.69688 0.94219 0.08125 0.08437
48 0.35 0.9375 0.14375 0.125
48 0.96562 0.84375 0.06875 0.09375
48 0.97188 0.96406 0.05625 0.07188
48 0.22969 0.92656 0.14687 0.12812
48 0.775 0.61562 0.15625 0.14375
48 0.93906 0.3375 0.09688 0.13125
48 0.84844 0.35625 0.12812 0.05
48 0.43906 0.54219 0.15938 0.12812
48 0.5 0.06094 0.16875 0.06562
48 0.77812 0.45469 0.09375 0.15938
48 0.34219 0.65156 0.09687 0.12812
48 0.93906 0.62344 0.10313 0.10313
48 0.61562 0.07656 0.1125 0.05312
48 0.90625 0.175 0.1875 0.125
48 0.3125 0.41719 0.15 0.14687
5 0.70156 0.49531 0.02812 0.05312
48 0.97188 0.73594 0.05625 0.10938
48 0.10312 0.22813 0.1125 0.09375
48 0.45781 0.42344 0.14687 0.10312
48 0.39062 0.05156 0.09375 0.07187
48 0.53281 0.66562 0.16562 0.125
48 0.85938 0.29688 0.11875 0.06875
47 0.14375 0.64375 0.10625 0.13125
