48 0.07187 0.44531 0.14375 0.17188
48 0.01406 0.44062 0.02812 0.2375
5 0.39844 0.38594 0.05937 0.02813
48 0.16094 0.60156 0.32188 0.25937
48 0.05 0.78438 0.1 0.20625
48 0.27812 0.74844 0.15625 0.18437
48 0.18281 0.775 0.16562 0.1
48 0.0875 0.875 0.175 0.15625
48 0.24062 0.85 0.1375 0.0875
48 0.12969 0.94531 0.19688 0.10938
48 0.29219 0.89219 0.15313 0.09688
48 0.40469 0.48125 0.20312 0.1125
48 0.76562 0.37812 0.26875 0.18125
48 0.55156 0.48438 0.16563 0.175
48 0.44531 0.58906 0.21562 0.14687
48 0.92656 0.55 0.14687 0.18125
48 0.81562 0.60938 0.1625 0.13125
48 0.83125 0.9 0.25625 0.2
48 0.48438 0.89375 0.175 0.1875
48 0.61719 0.96562 0.17813 0.06875
48 0.33906 0.94688 0.17812 0.10625
48 0.17812 0.97031 0.16875 0.05937
48 0.97656 0.73438 0.04688 0.125
48 0.87656 0.72344 0.14062 0.07812
48 0.85781 0.66875 0.13438 0.0625
48 0.96094 0.62813 0.07812 0.1
48 0.13438 0.14844 0.16875 0.10938
