11 0.44844 0.58906 0.15937 0.13438
9 0.25 0.78594 0.16875 0.10313
5 0.67031 0.75 0.05312 0.025
5 0.97656 0.81406 0.04062 0.04688
5 0.83125 0.86875 0.05625 0.01875
5 0.82969 0.89688 0.04688 0.01875
5 0.81562 0.91406 0.05625 0.02188
5 0.80469 0.79531 0.05313 0.02187
5 0.65 0.78438 0.0625 0.03125
5 0.69688 0.82031 0.0625 0.04062
48 0.77969 0.375 0.44063 0.275
48 0.51406 0.48594 0.17813 0.14687
48 0.4875 0.375 0.08125 0.06875
9 0.39375 0.15469 0.11875 0.15313
9 0.53594 0.04688 0.12812 0.09375
9 0.35781 0.13281 0.10938 0.14687
5 0.18125 0.38438 0.04375 0.0375
5 0.23906 0.35156 0.04688 0.03438
50 0.98281 0.94844 0.03438 0.10313
5 0.95625 0.56563 0.06875 0.025
5 0.95781 0.58438 0.05312 0.0125
5 0.95 0.60938 0.05 0.01875
5 0.33438 0.98281 0.04375 0.03438
5 0.39375 0.99688 0.04375 0.00625
5 0.39062 0.96406 0.025 0.02813
5 0.76719 0.98594 0.05937 0.02812
48 0.66875 0.19844 0.125 0.11562
48 0.45312 0.25781 0.1125 0.12187
5 0.79062 0.64531 0.0375 0.04063
5 0.82344 0.01875 0.05312 0.0375
5 0.28594 0.86094 0.05312 0.04688
10 0.89375 0.99531 0.0625 0.00938
48 0.51719 0.85781 0.39062 0.28438
