5 0.96094 0.79219 0.03438 0.03437
48 0.98438 0.99062 0.03125 0.01875
48 0.70469 0.93281 0.15312 0.13438
48 0.95781 0.94062 0.08437 0.10625
48 0.81875 0.79688 0.13125 0.1125
48 0.51562 0.89062 0.15625 0.09375
48 0.99688 0.38906 0.00625 0.13437
9 0.73594 0.76719 0.07188 0.08437
48 0.22812 0.9625 0.11875 0.075
48 0.11875 0.99531 0.1875 0.00938
48 0.11094 0.85156 0.20938 0.15938
48 0.30469 0.16406 0.57812 0.32812
48 0.95312 0.6125 0.075 0.05
5 0.92969 0.36875 0.03438 0.0375
48 0.23125 0.34062 0.425 0.3875
48 0.71562 0.22344 0.13125 0.10313
48 0.60469 0.96406 0.36562 0.07188
