48 0.15469 0.91875 0.19688 0.1625
5 0.85469 0.08906 0.01562 0.04688
5 0.88281 0.15469 0.02812 0.05313
5 0.88125 0.05 0.04375 0.01875
5 0.75625 0.03438 0.01875 0.04375
48 0.71875 0.84844 0.1125 0.18438
48 0.8 0.8625 0.1 0.14375
48 0.68906 0.71094 0.18437 0.10312
48 0.59375 0.69219 0.06875 0.09063
48 0.63281 0.84062 0.07812 0.0875
48 0.64375 0.91094 0.075 0.07188
48 0.84375 0.66406 0.18125 0.09688
48 0.32188 0.85781 0.2625 0.17188
48 0.37969 0.98438 0.07812 0.03125
48 0.66719 0.20938 0.18438 0.075
48 0.69687 0.64844 0.15 0.10312
48 0.83594 0.59375 0.16562 0.1125
48 0.8 0.51875 0.14375 0.11875
48 0.6875 0.56406 0.1 0.09062
48 0.89844 0.37969 0.10938 0.14687
48 0.67031 0.50781 0.10938 0.09062
48 0.62813 0.41875 0.075 0.0625
48 0.78281 0.375 0.14062 0.1
48 0.97656 0.45312 0.04688 0.325
