48 0.00156 0.65312 0.00312 0.13125
48 0.96875 0.22344 0.0625 0.10938
48 0.99531 0.30312 0.00938 0.1
48 0.87812 0.91719 0.13125 0.10313
48 0.875 0.84219 0.15625 0.12187
48 0.25156 0.07656 0.15937 0.09688
48 0.2625 0.17656 0.1375 0.12812
48 0.1125 0.2 0.1125 0.13125
48 0.00469 0.225 0.00938 0.15
48 0.80469 0.26094 0.16562 0.12813
48 0.84375 0.33906 0.225 0.11562
48 0.63594 0.1125 0.34687 0.225
48 0.34844 0.57188 0.13438 0.125
48 0.075 0.54688 0.13125 0.11875
48 0.32656 0.72812 0.13437 0.1125
48 0.42969 0.70938 0.10313 0.08125
48 0.51562 0.68438 0.08125 0.1
48 0.275 0.99531 0.3375 0.00938
48 0.33594 0.82656 0.14062 0.11562
48 0.02031 0.79219 0.04062 0.12812
48 0.24375 0.5875 0.10625 0.10625
48 0.15 0.6125 0.1125 0.11875
48 0.05312 0.63906 0.10625 0.10313
48 0.375 0.94531 0.14375 0.10938
48 0.04062 0.99219 0.08125 0.01562
48 0.975 0.99062 0.05 0.01875
48 0.89531 0.99375 0.13438 0.0125
48 0.84688 0.71719 0.15625 0.14062
48 0.95312 0.675 0.09375 0.1375
48 0.71094 0.93594 0.12187 0.09688
48 0.69375 0.85312 0.10625 0.0875
48 0.6875 0.77344 0.1125 0.09062
48 0.69844 0.60156 0.19688 0.11563
48 0.89844 0.55781 0.19687 0.10938
48 0.87031 0.45156 0.24062 0.10938
48 0.68906 0.50469 0.20312 0.09687
48 0.01875 0.3625 0.0375 0.125
48 0.04688 0.22031 0.09375 0.12188
48 0.2875 0.3125 0.125 0.125
48 0.37656 0.28594 0.09687 0.12812
48 0.45156 0.25625 0.10938 0.09375
48 0.45 0.43437 0.16875 0.14375
48 0.71875 0.37812 0.125 0.1
48 0.425 0.9875 0.1125 0.025
48 0.025 0.89375 0.05 0.1
48 0.17031 0.3 0.11562 0.09375
48 0.95938 0.77812 0.08125 0.10625
48 0.96562 0.86406 0.06875 0.09687
48 0.97656 0.95781 0.04688 0.08437
48 0.0625 0.32188 0.09375 0.075
48 0.08125 0.09531 0.10625 0.05938
48 0.2 0.91094 0.28125 0.09687
48 0.64844 0.29063 0.17188 0.2
