5 0.80625 0.99688 0.04375 0.00625
6 0.78125 0.98906 0.05625 0.02187
6 0.66406 0.92031 0.05313 0.03438
6 0.67813 0.93906 0.05625 0.03438
5 0.73594 0.96406 0.04063 0.02813
5 0.39219 0.80156 0.03437 0.04688
48 0.37656 0.97344 0.15313 0.05312
6 0.34375 0.82812 0.04375 0.05
5 0.85 0.32188 0.03125 0.03125
5 0.35781 0.5375 0.03437 0.0375
5 0.25156 0.09062 0.02813 0.0375
5 0.87031 0.28906 0.02813 0.03438
5 0.42031 0.45781 0.04062 0.04688
5 0.91094 0.20156 0.02813 0.03437
5 0.43125 0.22656 0.03125 0.04688
5 0.14844 0.81719 0.03437 0.04063
5 0.01406 0.23281 0.02812 0.04062
5 0.89688 0.24375 0.025 0.0375
5 0.74219 0.48125 0.02812 0.0375
5 0.79844 0.40156 0.02812 0.03437
5 0.11406 0.77344 0.03438 0.04688
5 0.82656 0.35938 0.02812 0.0375
5 0.65625 0.26562 0.03125 0.0375
5 0.77969 0.43906 0.02812 0.04062
