8 0.9 0.09063 0.06875 0.05
5 0.99531 0.51562 0.00938 0.04375
5 0.96562 0.60625 0.06875 0.0375
5 0.95 0.63437 0.0875 0.0375
5 0.60156 0.76406 0.07187 0.03438
5 0.58906 0.79531 0.07812 0.04063
5 0.56406 0.86094 0.07188 0.03438
5 0.48281 0.92812 0.07188 0.03125
5 0.63281 0.70312 0.06563 0.03125
4 0.5125 0.89062 0.09375 0.03125
4 0.72031 0.61719 0.10313 0.04688
4 0.68594 0.66406 0.07812 0.04688
8 0.64844 0.68438 0.10938 0.0375
48 0.96094 0.92344 0.07812 0.15312
48 0.99531 0.61875 0.00938 0.1375
48 0.97812 0.69844 0.04375 0.08437
48 0.87344 0.79219 0.25313 0.22187
48 0.47344 0.7125 0.28438 0.20625
48 0.34844 0.88906 0.36562 0.22188
48 0.66719 0.89375 0.57812 0.2125
48 0.87812 0.00469 0.24375 0.00938
48 0.63906 0.25938 0.47188 0.51875
5 0.97656 0.56406 0.04688 0.04063
5 0.78906 0.60625 0.07812 0.03125
