48 0.60156 0.125 0.38438 0.25
48 0.42344 0.21875 0.29688 0.15625
48 0.10781 0.09531 0.21562 0.19062
48 0.80312 0.12344 0.20625 0.17188
5 0.1 0.67656 0.05625 0.02187
5 0.70156 0.45312 0.05937 0.025
5 0.68906 0.48125 0.05937 0.025
5 0.38125 0.60312 0.05625 0.025
5 0.27656 0.49688 0.05312 0.025
5 0.19375 0.47031 0.05625 0.02188
6 0.39375 0.46094 0.09375 0.02812
6 0.38281 0.3375 0.15312 0.0375
5 0.62656 0.29375 0.03438 0.0375
5 0.64688 0.27812 0.04375 0.0375
5 0.35312 0.03906 0.0375 0.04062
48 0.15625 0.00781 0.14375 0.01562
48 0.0375 0.04062 0.075 0.08125
48 0.4375 0.01562 0.18125 0.03125
