5 0.76562 0.9125 0.025 0.03125
48 0.82187 0.75312 0.13125 0.1125
48 0.40156 0.475 0.30938 0.2875
48 0.275 0.55625 0.175 0.24375
48 0.15 0.68906 0.275 0.12187
48 0.17656 0.36094 0.15937 0.18438
48 0.05625 0.39375 0.1125 0.15
48 0.01406 0.98906 0.02812 0.02187
5 0.70156 0.78906 0.02187 0.02812
5 0.66719 0.71094 0.02187 0.02188
5 0.72344 0.73438 0.02187 0.025
48 0.65938 0.975 0.20625 0.05
48 0.48594 0.80625 0.44688 0.3875
48 0.24219 0.95625 0.15938 0.0875
48 0.28281 0.86406 0.18438 0.27187
48 0.50313 0.37344 0.125 0.17188
48 0.92188 0.95312 0.15625 0.09375
48 0.77656 0.59844 0.29063 0.22813
48 0.69219 0.3875 0.29688 0.2625
48 0.00312 0.90781 0.00625 0.18437
48 0.75312 0.23594 0.49375 0.47188
48 0.1375 0.53438 0.275 0.25625
48 0.88594 0.84844 0.22813 0.16563
48 0.9375 0.64062 0.125 0.25
48 0.05156 0.25313 0.10312 0.2
48 0.01406 0.61719 0.02812 0.39062
48 0.09688 0.90625 0.19375 0.1875
48 0.29375 0.26562 0.28125 0.19375
48 0.17344 0.86406 0.15937 0.18438
48 0.675 0.99844 0.225 0.00313
