48 0.56406 0.52656 0.13437 0.09687
48 0.72969 0.77812 0.11562 0.0875
48 0.94687 0.70625 0.1 0.08125
48 0.85781 0.37031 0.17812 0.14687
48 0.95 0.125 0.1 0.08125
48 0.31719 0.5125 0.13438 0.125
48 0.1 0.32031 0.2 0.29063
48 0.43125 0.75469 0.15 0.15313
48 0.52656 0.97031 0.17812 0.05937
48 0.225 0.53281 0.1375 0.13437
48 0.12188 0.825 0.1375 0.11875
48 0.41562 0.49062 0.1625 0.13125
48 0.1375 0.59688 0.16875 0.18125
48 0.78125 0.28125 0.10625 0.0875
48 0.24219 0.42969 0.11562 0.14688
48 0.47344 0.55469 0.17187 0.12813
48 0.57031 0.76562 0.19063 0.1375
48 0.98281 0.23906 0.03438 0.14688
48 0.97031 0.1125 0.05937 0.1375
48 0.82344 0.92344 0.22187 0.15312
48 0.97031 0.60938 0.05937 0.2
48 0.75 0.21094 0.125 0.10313
48 0.52031 0.88594 0.20312 0.17812
48 0.90469 0.61562 0.10938 0.08125
48 0.95469 0.34844 0.09062 0.10938
48 0.29375 0.41406 0.125 0.14687
48 0.35938 0.39375 0.18125 0.18125
48 0.74688 0.87344 0.14375 0.09062
48 0.45781 0.08125 0.10937 0.1
48 0.37031 0.24844 0.14062 0.08438
48 0.33594 0.75625 0.13438 0.10625
48 0.82969 0.16719 0.15312 0.13438
48 0.90938 0.45312 0.13125 0.1
48 0.22969 0.77812 0.12813 0.1125
48 0.96562 0.77188 0.06875 0.1125
48 0.50469 0.43438 0.15313 0.15
48 0.4375 0.31562 0.16875 0.1625
5 0.7375 0.61875 0.05 0.05
48 0.78125 0.50781 0.0875 0.07812
48 0.71562 0.40625 0.0625 0.06875
48 0.74375 0.45625 0.06875 0.08125
48 0.66719 0.2875 0.27187 0.225
48 0.67656 0.10781 0.17188 0.15937
5 0.83906 0.84844 0.02813 0.03437
48 0.17188 0.44844 0.13125 0.13438
5 0.875 0.83438 0.05 0.05
5 0.32188 0.09063 0.0375 0.01875
48 0.13281 0.71094 0.17812 0.17813
5 0.82031 0.62969 0.06563 0.05938
48 0.11562 0.06875 0.15625 0.1375
48 0.27812 0.25312 0.125 0.125
5 0.34688 0.15 0.0375 0.01875
5 0.29063 0.03281 0.075 0.00937
5 0.26719 0.02344 0.05313 0.02812
5 0.52344 0.26094 0.02188 0.03438
48 0.89531 0.53906 0.17188 0.17188
48 0.9875 0.43906 0.025 0.19063
48 0.91406 0.24062 0.17188 0.175
48 0.54531 0.11875 0.15937 0.1625
5 0.87344 0.78438 0.02812 0.03125
48 0.17812 0.18438 0.1375 0.1375
5 0.925 0.8875 0.01875 0.05
5 0.71094 0.50469 0.02188 0.02813
48 0.27812 0.89688 0.23125 0.20625
48 0.78125 0.41562 0.11875 0.11875
48 0.52969 0.63125 0.17188 0.16875
5 0.54062 0.38906 0.04375 0.03437
48 0.67656 0.91562 0.26562 0.16875
48 0.32812 0.63281 0.18125 0.18437
5 0.31094 0.07031 0.05938 0.01562
5 0.33438 0.12812 0.04375 0.01875
48 0.38594 0.99531 0.25312 0.00938
5 0.28906 0.05156 0.03438 0.02188
