48 0.07031 0.62813 0.13438 0.10625
48 0.69062 0.98281 0.2125 0.03438
48 0.69531 0.92656 0.15312 0.12188
48 0.95938 0.96094 0.08125 0.07812
48 0.98906 0.89219 0.02187 0.11562
48 0.65156 0.8125 0.15937 0.11875
48 0.45 0.78594 0.15625 0.12812
48 0.14375 0.95781 0.15625 0.07812
48 0.2125 0.85156 0.2 0.14688
48 0.13438 0.74219 0.14375 0.10938
48 0.29063 0.77344 0.1125 0.08438
48 0.21719 0.67656 0.13438 0.07812
48 0.21719 0.76094 0.08438 0.08437
48 0.26719 0.56406 0.11562 0.10313
48 0.10938 0.42188 0.20625 0.125
48 0.13594 0.33125 0.21562 0.1375
48 0.14688 0.24219 0.25625 0.11562
48 0.55937 0.425 0.15 0.08125
48 0.15 0.11875 0.15625 0.1125
48 0.38125 0.28125 0.1 0.11875
48 0.47656 0.22344 0.09062 0.07812
5 0.63281 0.12031 0.04062 0.04687
48 0.63594 0.20312 0.16563 0.13125
48 0.6875 0.27187 0.06875 0.05625
48 0.74219 0.15156 0.15938 0.17188
5 0.54062 0.07031 0.0375 0.04062
5 0.53281 0.10469 0.03438 0.04062
5 0.5 0.06719 0.0375 0.04062
5 0.49062 0.11094 0.03125 0.05313
48 0.95469 0.77031 0.09062 0.09687
48 0.96406 0.68906 0.07188 0.12813
48 0.76719 0.57031 0.12813 0.06563
48 0.95 0.61563 0.1 0.15
48 0.875 0.35938 0.14375 0.125
48 0.99688 0.4875 0.00625 0.1
48 0.95781 0.29219 0.08437 0.12813
48 0.85312 0.22656 0.09375 0.07812
48 0.92031 0.24219 0.07188 0.05937
48 0.95 0.16562 0.1 0.15
48 0.86875 0.12656 0.15625 0.11562
48 0.97969 0.18438 0.04063 0.13125
5 0.83438 0.00312 0.0375 0.00625
