9 0.72656 0.0375 0.08438 0.075
9 0.76719 0.04062 0.07188 0.05625
9 0.80312 0.05625 0.08125 0.06875
9 0.85 0.07344 0.075 0.06562
9 0.90156 0.09688 0.06562 0.06875
9 0.81875 0.11719 0.0625 0.04688
9 0.84688 0.15937 0.0875 0.06875
9 0.42969 0.04219 0.19063 0.08438
9 0.38281 0.00625 0.19063 0.0125
9 0.2875 0.04219 0.175 0.07187
5 0.47969 0.29531 0.06562 0.04062
5 0.36875 0.24375 0.05625 0.03125
5 0.40625 0.26094 0.0625 0.03438
48 0.24219 0.20938 0.09688 0.05
48 0.36719 0.30625 0.15312 0.08125
48 0.57344 0.3625 0.09687 0.05625
48 0.90625 0.38906 0.1875 0.40312
48 0.81094 0.70625 0.37813 0.41875
48 0.4 0.48281 0.775 0.39062
48 0.27344 0.72969 0.54688 0.37812
48 0.00469 0.94375 0.00938 0.1125
48 0.88281 0.97031 0.23438 0.05937
16 0.94375 0.1 0.10625 0.13125
