48 0.92969 0.45312 0.14062 0.05625
48 0.26094 0.28125 0.09688 0.15
48 0.08281 0.43594 0.06562 0.15937
48 0.55 0.14062 0.11875 0.10625
48 0.09375 0.25469 0.08125 0.13438
48 0.52344 0.04219 0.15938 0.08438
48 0.22344 0.0125 0.19688 0.025
48 0.37031 0.14531 0.08437 0.09062
48 0.7 0.04375 0.15625 0.0875
48 0.00625 0.4375 0.0125 0.14375
48 0.2625 0.14688 0.06875 0.13125
48 0.72344 0.40469 0.27187 0.24063
48 0.03281 0.42812 0.06562 0.15
48 0.18438 0.75469 0.36875 0.19688
48 0.73125 0.20156 0.10625 0.14688
48 0.3625 0.02344 0.13125 0.04688
48 0.87188 0.04688 0.14375 0.09375
48 0.05156 0.13438 0.10312 0.125
48 0.21562 0.14688 0.0625 0.125
48 0.14844 0.44531 0.08438 0.14688
48 0.95469 0.22344 0.09062 0.09687
48 0.41875 0.22656 0.2125 0.10938
48 0.64844 0.20937 0.09062 0.15
48 0.90156 0.35312 0.08437 0.13125
48 0.47969 0.30938 0.20937 0.09375
48 0.35312 0.44844 0.1125 0.09687
48 0.91875 0.52188 0.1625 0.0875
48 0.15313 0.27344 0.0875 0.15938
48 0.24062 0.44375 0.1125 0.15625
48 0.07656 0.01875 0.11562 0.0375
