5 0.32344 0.21562 0.04063 0.03125
5 0.37031 0.23281 0.05938 0.04062
5 0.63906 0.34844 0.06563 0.04688
5 0.83125 0.53906 0.03125 0.03438
48 0.95469 0.37656 0.09062 0.19062
48 0.91406 0.57344 0.17188 0.22187
48 0.71875 0.5 0.38125 0.2625
48 0.54688 0.37344 0.23125 0.14688
48 0.34062 0.38125 0.2875 0.16875
48 0.13594 0.94531 0.19062 0.10938
48 0.23125 0.96875 0.175 0.0625
48 0.31406 0.98594 0.19062 0.02812
48 0.92969 0.88438 0.14062 0.23125
48 0.41719 0.76875 0.83438 0.4625
48 0.18594 0.50156 0.37188 0.27187
48 0.41719 0.60781 0.12812 0.12813
48 0.55469 0.6 0.20312 0.1875
