5 0.51562 0.53281 0.01875 0.03438
5 0.48594 0.51719 0.04688 0.02187
5 0.97344 0.3625 0.02813 0.05
5 0.77188 0.4 0.0625 0.025
5 0.73438 0.35469 0.05 0.02813
9 0.51406 0.07031 0.02812 0.05313
5 0.93438 0.07812 0.03125 0.03125
5 0.00625 0.93438 0.0125 0.025
48 0.65156 0.10312 0.17188 0.075
48 0.04531 0.55469 0.06562 0.05313
48 0.05 0.05 0.025 0.0875
48 0.19219 0.35156 0.02812 0.02812
48 0.05313 0.50313 0.05625 0.04375
48 0.42188 0.04375 0.1375 0.0875
5 0.57969 0.49375 0.04063 0.05625
48 0.04375 0.17188 0.0875 0.16875
48 0.09219 0.00469 0.04063 0.00938
48 0.22344 0.55625 0.02812 0.08125
5 0.575 0.43125 0.0375 0.05
48 0.65625 0.01719 0.175 0.03438
48 0.85156 0.27187 0.12187 0.0375
48 0.2375 0.00625 0.125 0.0125
48 0.37813 0.39688 0.10625 0.0625
48 0.18125 0.16563 0.04375 0.1625
48 0.08906 0.02656 0.04688 0.04062
48 0.14844 0.15625 0.04063 0.16875
48 0.42188 0.17969 0.10625 0.16563
48 0.31719 0.02812 0.09063 0.05625
48 0.00938 0.39531 0.01875 0.11562
48 0.84844 0.23594 0.15313 0.03437
48 0.99844 0.2125 0.00313 0.3375
48 0.30156 0.17188 0.04063 0.11875
48 0.29531 0.44219 0.05313 0.11562
48 0.65 0.04688 0.19375 0.0375
48 0.63438 0.19062 0.15625 0.04375
48 0.01094 0.69062 0.02188 0.0875
48 0.99531 0.03906 0.00938 0.07812
48 0.85781 0.10625 0.14062 0.0625
48 0.36875 0.71719 0.15625 0.10313
48 0.10625 0.82656 0.0375 0.13438
5 0.99219 0.60156 0.01562 0.04688
48 0.16406 0.69844 0.04688 0.07188
48 0.67031 0.23281 0.22188 0.05938
48 0.07656 0.07187 0.03438 0.05625
48 0.25625 0.83281 0.10625 0.15937
48 0.24844 0.70938 0.08438 0.1
48 0.65156 0.15625 0.15313 0.04375
48 0.10938 0.14531 0.04375 0.16562
48 0.17969 0.55937 0.04688 0.08125
48 0.34844 0.18438 0.04063 0.15
48 0.73438 0.75 0.53125 0.43125
48 0.22344 0.15937 0.03438 0.19375
48 0.36406 0.81875 0.13438 0.1
48 0.25312 0.41094 0.03125 0.12188
48 0.85 0.19375 0.14375 0.025
48 0.0625 0.69219 0.08125 0.08437
48 0.37656 0.54062 0.14062 0.04375
48 0.68125 0.29219 0.225 0.05312
48 0.12344 0.69531 0.04062 0.07812
48 0.26875 0.55312 0.0625 0.10625
48 0.15625 0.42812 0.14375 0.125
48 0.25938 0.16719 0.0375 0.15313
48 0.15313 0.82031 0.0375 0.12187
48 0.01562 0.81562 0.03125 0.14375
48 0.05 0.40469 0.075 0.14688
48 0.12031 0.35 0.04062 0.03125
48 0.225 0.35625 0.04375 0.0375
48 0.85 0.32969 0.15625 0.09063
48 0.99062 0.41562 0.01875 0.075
48 0.37031 0.90781 0.12812 0.08437
48 0.82969 0.03906 0.14062 0.07812
48 0.37969 0.49531 0.10938 0.04063
48 0.86094 0.15937 0.14687 0.0375
48 0.02812 0.04062 0.01875 0.075
48 0.05625 0.82344 0.05 0.13438
48 0.15625 0.35156 0.04375 0.03438
48 0.97188 0.0125 0.05625 0.025
48 0.11875 0.55781 0.0625 0.10938
48 0.05781 0.00156 0.03437 0.00312
48 0.38438 0.45156 0.1 0.05313
