48 0.68438 0.30156 0.63125 0.52813
48 0.7375 0.07812 0.525 0.15625
48 0.13125 0.07031 0.2625 0.14062
48 0.2875 0.09219 0.2625 0.18438
48 0.13281 0.28594 0.24688 0.26562
48 0.0875 0.51875 0.175 0.19375
48 0.00469 0.80625 0.00938 0.34375
48 0.46562 0.90312 0.49375 0.19375
48 0.12031 0.98125 0.24062 0.0375
5 0.93906 0.31094 0.04688 0.04688
5 0.74844 0.82188 0.04063 0.03125
5 0.92188 0.85625 0.03125 0.05625
48 0.57812 0.67344 0.19375 0.16563
48 0.16406 0.86094 0.32812 0.21562
5 0.78438 0.71875 0.05 0.03125
5 0.8 0.70312 0.05625 0.025
5 0.97031 0.225 0.04063 0.0625
5 0.90469 0.90469 0.03438 0.03438
48 0.025 0.45625 0.05 0.16875
5 0.95156 0.62969 0.03438 0.04063
5 0.73906 0.86875 0.03437 0.03125
