34 0.25625 0.03125 0.20625 0.0625
48 0.925 0.475 0.13125 0.16875
48 0.80938 0.51406 0.09375 0.10313
48 0.8125 0.89688 0.1375 0.175
48 0.98281 0.97031 0.03438 0.05937
48 0.75312 0.98281 0.1625 0.03438
48 0.67344 0.9625 0.13438 0.075
48 0.98125 0.74688 0.0375 0.16875
48 0.91406 0.59531 0.10938 0.09688
48 0.98125 0.65781 0.0375 0.06563
48 0.98281 0.59688 0.03438 0.1375
48 0.95625 0.4625 0.0875 0.15625
48 0.97188 0.42344 0.05625 0.16562
48 0.9875 0.39375 0.025 0.20625
48 0.83906 0.4625 0.14062 0.1375
48 0.05625 0.97969 0.1125 0.04063
48 0.36094 0.2625 0.72188 0.525
9 0.66719 0.06875 0.04063 0.0625
9 0.72969 0.13438 0.05938 0.05
48 0.85938 0.16875 0.28125 0.3375
48 0.69219 0.82187 0.12812 0.1625
48 0.62031 0.95156 0.11562 0.09688
48 0.00312 0.98438 0.00625 0.03125
