6 0.46562 0.05469 0.03125 0.05938
5 0.29844 0.03125 0.05313 0.01875
5 0.52969 0.40469 0.03438 0.05313
5 0.54688 0.45156 0.03125 0.04688
5 0.34688 0.875 0.0375 0.0375
48 0.21406 0.38125 0.07187 0.04375
48 0.91406 0.82656 0.09062 0.07812
48 0.51406 0.61875 0.06562 0.0625
48 0.30312 0.4 0.1 0.075
48 0.54219 0.00781 0.11562 0.01562
48 0.37656 0.65781 0.12188 0.10313
48 0.73594 0.42969 0.13438 0.07812
48 0.62187 0.04375 0.075 0.0625
48 0.33281 0.44844 0.09687 0.07188
48 0.70156 0.92656 0.05937 0.05938
48 0.66406 0.50156 0.13437 0.09688
48 0.31875 0.85 0.05625 0.075
48 0.21719 0.30156 0.06562 0.06562
48 0.29688 0.7625 0.06875 0.075
48 0.37813 0.5875 0.08125 0.08125
48 0.26094 0.29688 0.04062 0.06875
48 0.53125 0.09062 0.10625 0.0875
48 0.43281 0.36562 0.10313 0.0875
48 0.17969 0.12031 0.10938 0.12188
48 0.73906 0.87656 0.07188 0.07188
48 0.85312 0.72344 0.2625 0.15313
48 0.99531 0.95156 0.00938 0.07812
48 0.33125 0.98125 0.08125 0.0375
48 0.30469 0.9 0.04063 0.0625
48 0.44063 0.81406 0.04375 0.04063
48 0.32656 0.01094 0.20938 0.02188
48 0.75469 0.54219 0.12812 0.07812
48 0.01875 0.05781 0.0375 0.07812
48 0.36094 0.20312 0.14062 0.08125
48 0.45156 0.52188 0.12187 0.075
48 0.37812 0.48125 0.275 0.13125
48 0.54375 0.03281 0.1 0.06562
48 0.34219 0.55 0.15313 0.08125
48 0.98125 0.91719 0.0375 0.07188
48 0.61094 0.10469 0.09062 0.07187
48 0.94531 0.97812 0.07812 0.04375
48 0.95781 0.87344 0.08437 0.07812
48 0.95469 0.78438 0.09062 0.1125
48 0.775 0.62969 0.1 0.07812
48 0.88438 0.98281 0.0625 0.03438
48 0.6875 0.6125 0.125 0.075
48 0.65 0.56406 0.1 0.07188
48 0.45469 0.63437 0.06562 0.05625
48 0.83125 0.95312 0.0875 0.09375
48 0.7 0.65625 0.11875 0.06875
48 0.60469 0.43906 0.07812 0.08438
48 0.62813 0.37187 0.15 0.14375
48 0.25469 0.36094 0.09687 0.05938
48 0.25625 0.11875 0.1 0.1
48 0.39375 0.43125 0.06875 0.05
48 0.46562 0.40938 0.0625 0.04375
48 0.825 0.90156 0.05 0.04688
48 0.53906 0.23281 0.07812 0.06562
48 0.36094 0.32344 0.13437 0.07812
5 0.40625 0.9125 0.03125 0.025
48 0.32812 0.27656 0.08125 0.07187
48 0.62031 0.85156 0.22813 0.20312
48 0.4875 0.72812 0.275 0.15
48 0.91719 0.95781 0.07812 0.07812
5 0.70312 0.81094 0.04375 0.03438
5 0.58125 0.53594 0.0375 0.05312
5 0.67969 0.78594 0.03438 0.04063
48 0.625 0.19531 0.13125 0.11562
5 0.4125 0.9 0.03125 0.025
48 0.61094 0.30156 0.16563 0.09687
48 0.21719 0.00469 0.12188 0.00938
48 0.73438 0.31875 0.09375 0.10625
48 0.2 0.26562 0.13125 0.08125
48 0.4 0.26094 0.08125 0.09063
48 0.22188 0.43438 0.1125 0.1
5 0.9875 0.97812 0.025 0.03125
48 0.33281 0.12656 0.10313 0.07812
5 0.48125 0.35 0.03125 0.0625
