5 0.47188 0.65469 0.0375 0.05312
5 0.56094 0.67656 0.06563 0.03437
5 0.45156 0.74375 0.04062 0.0375
5 0.00312 0.76562 0.00625 0.0375
5 0.5375 0.79688 0.0375 0.05625
48 0.02656 0.9 0.05312 0.1125
48 0.09375 0.95938 0.18125 0.08125
48 0.16719 0.89688 0.06563 0.04375
48 0.25938 0.92969 0.1875 0.14062
48 0.03438 0.65156 0.06875 0.14687
48 0.21406 0.52969 0.14687 0.14688
48 0.375 0.53594 0.1625 0.14687
48 0.21562 0.63125 0.05 0.0625
48 0.30469 0.64062 0.08437 0.1
5 0.38125 0.69062 0.0375 0.01875
48 0.39844 0.3125 0.17812 0.10625
48 0.35625 0.39844 0.16875 0.10938
48 0.27187 0.36406 0.05 0.07812
48 0.27031 0.42969 0.07188 0.06563
48 0.37187 0.20156 0.16875 0.10937
48 0.48906 0.24531 0.09063 0.07187
48 0.16406 0.15781 0.10312 0.10938
48 0.05938 0.14219 0.1125 0.09687
48 0.23906 0.20312 0.12187 0.0875
5 0.51875 0.46406 0.025 0.05938
48 0.83438 0.20469 0.25 0.13437
48 0.74688 0.52656 0.25625 0.19688
48 0.69688 0.67031 0.10625 0.09688
48 0.64844 0.79375 0.15938 0.0875
48 0.62187 0.65625 0.05625 0.04375
48 0.96562 0.76406 0.06875 0.19063
48 0.78125 0.76406 0.13125 0.17188
48 0.89375 0.76562 0.15625 0.225
5 0.98438 0.98906 0.03125 0.02187
5 0.88125 0.91875 0.05 0.03125
5 0.76562 0.89531 0.05 0.02813
48 0.625 0.97812 0.10625 0.04375
