5 0.18281 0.69062 0.02812 0.04375
48 0.98125 0.81562 0.0375 0.1875
48 0.75781 0.90781 0.07812 0.07812
48 0.725 0.81562 0.11875 0.13125
48 0.4625 0.95 0.1125 0.1
48 0.28125 0.92969 0.13125 0.14062
48 0.29531 0.78438 0.09687 0.0875
48 0.08906 0.6875 0.07812 0.08125
48 0.2 0.51562 0.09375 0.1125
48 0.01562 0.58281 0.03125 0.09687
48 0.09062 0.925 0.10625 0.125
48 0.01562 0.92344 0.03125 0.15312
48 0.04531 0.47656 0.09062 0.10312
50 0.45 0.49375 0.19375 0.19375
50 0.28281 0.275 0.10312 0.0875
5 0.93125 0.73438 0.025 0.0375
