48 0.36719 0.29375 0.25938 0.25625
11 0.05312 0.29844 0.10625 0.13437
13 0.01719 0.86719 0.03438 0.07187
5 0.375 0.46094 0.04375 0.03438
48 0.11875 0.6875 0.125 0.1
57 0.175 0.75937 0.06875 0.06875
57 0.075 0.63438 0.08125 0.075
56 0.00938 0.02188 0.01875 0.04375
56 0.05469 0.04531 0.10938 0.09062
56 0.99219 0.53594 0.01562 0.26562
56 0.9 0.77188 0.2 0.2875
56 0.76406 0.64375 0.24687 0.2375
56 0.67344 0.54375 0.25313 0.2125
56 0.55937 0.44219 0.225 0.20312
56 0.90938 0.35312 0.18125 0.25625
56 0.77969 0.22656 0.25938 0.25938
56 0.61406 0.12656 0.27187 0.25312
56 0.92969 0.12188 0.14062 0.24375
56 0.79219 0.06562 0.34063 0.13125
