5 0.54062 0.80312 0.05625 0.05
48 0.21875 0.74062 0.14375 0.1375
48 0.09531 0.69688 0.12188 0.175
48 0.17969 0.85625 0.15312 0.1375
6 0.19688 0.32812 0.1 0.13125
5 0.49375 0.95938 0.04375 0.05625
48 0.43594 0.06875 0.28438 0.1375
48 0.05469 0.80312 0.10938 0.125
48 0.15 0.96719 0.1 0.06563
48 0.03438 0.61875 0.06875 0.19375
6 0.03906 0.29844 0.07812 0.14063
48 0.63125 0.19219 0.19375 0.14688
48 0.01562 0.89531 0.03125 0.11562
5 0.70469 0.54219 0.04688 0.05938
48 0.67813 0.0625 0.15 0.125
5 0.475 0.6375 0.04375 0.03125
48 0.05469 0.66094 0.10938 0.16563
48 0.325 0.99062 0.1875 0.01875
6 0.25312 0.18594 0.0875 0.15313
5 0.87969 0.22656 0.03437 0.04688
48 0.15625 0.70781 0.125 0.15313
5 0.82969 0.32188 0.04063 0.05625
5 0.98438 0.02344 0.03125 0.04688
6 0.1125 0.12656 0.09375 0.12812
48 0.2125 0.97656 0.14375 0.04688
5 0.9 0.17812 0.04375 0.05
5 0.96562 0.06875 0.0375 0.04375
48 0.07812 0.93281 0.15625 0.13438
48 0.38438 0.84688 0.28125 0.30625
5 0.75781 0.44844 0.04062 0.04688
48 0.78125 0.00625 0.1875 0.0125
48 0.05 0.96406 0.1 0.07188
48 0.77188 0.225 0.15 0.1125
