5 0.62187 0.93438 0.04375 0.04375
5 0.6375 0.91406 0.0625 0.04688
5 0.77344 0.80625 0.05313 0.05
5 0.75469 0.82656 0.03437 0.04063
48 0.89062 0.91562 0.21875 0.16875
48 0.4625 0.57969 0.3875 0.37813
48 0.88906 0.54688 0.22188 0.4625
48 0.64531 0.41719 0.34688 0.35938
48 0.72969 0.29688 0.26562 0.3125
48 0.93594 0.15 0.12813 0.125
48 0.99531 0.22188 0.00938 0.20625
48 0.45469 0.27969 0.14062 0.12812
48 0.57031 0.18281 0.25313 0.20312
48 0.16406 0.1625 0.24688 0.25625
48 0.3125 0.13594 0.31875 0.27187
13 0.2875 0.96562 0.13125 0.06875
13 0.45625 0.98125 0.15 0.0375
9 0.40938 0.91875 0.175 0.11875
13 0.14688 0.4625 0.06875 0.06875
13 0.17031 0.43906 0.05938 0.04688
13 0.18125 0.42344 0.06875 0.06562
13 0.20312 0.40625 0.0625 0.0625
13 0.21562 0.39062 0.05625 0.05625
13 0.18281 0.31875 0.11562 0.10625
13 0.25781 0.39688 0.11562 0.10625
13 0.27969 0.37187 0.10937 0.10625
13 0.25 0.54062 0.0625 0.06875
13 0.27031 0.52031 0.05313 0.05938
13 0.28438 0.50313 0.0625 0.0625
13 0.30625 0.49219 0.05625 0.06563
13 0.35 0.44688 0.06875 0.05625
13 0.32031 0.475 0.06563 0.0625
9 0.19688 0.4875 0.10625 0.08125
13 0.23125 0.65156 0.075 0.04688
13 0.24531 0.66875 0.06563 0.04375
13 0.25469 0.68906 0.09062 0.04063
13 0.26719 0.71406 0.07187 0.04063
13 0.15 0.76875 0.06875 0.04375
13 0.16563 0.7875 0.06875 0.04375
13 0.59688 0.81875 0.1 0.10625
13 0.09219 0.19219 0.13438 0.09688
13 0.06875 0.21562 0.125 0.1125
9 0.20469 0.61719 0.07187 0.04688
5 0.65625 0.89219 0.0375 0.04063
5 0.67344 0.87188 0.05312 0.04375
5 0.77031 0.99531 0.04063 0.00938
56 0.04531 0.97656 0.09062 0.04688
5 0.73438 0.87344 0.03125 0.04063
