48 0.40469 0.05781 0.12812 0.11562
48 0.07344 0.34688 0.14688 0.125
48 0.01562 0.25625 0.03125 0.15625
48 0.01562 0.52031 0.03125 0.07188
48 0.04219 0.68125 0.08438 0.125
48 0.0875 0.65156 0.08125 0.06562
48 0.31875 0.71406 0.1875 0.15313
48 0.1 0.77656 0.2 0.17188
48 0.20312 0.82969 0.1625 0.14687
48 0.06719 0.95312 0.13438 0.09375
48 0.3375 0.94219 0.16875 0.11562
48 0.46719 0.98594 0.18437 0.02812
48 0.72969 0.99062 0.17188 0.01875
48 0.80156 0.95312 0.17812 0.09375
48 0.87188 0.925 0.18125 0.15
48 0.92344 0.85156 0.15312 0.12187
48 0.9625 0.95312 0.075 0.09375
48 0.40156 0.65625 0.18438 0.1375
48 0.49062 0.55781 0.2125 0.13438
48 0.58281 0.47969 0.17812 0.14687
48 0.67812 0.43594 0.175 0.12812
48 0.50625 0.87188 0.225 0.2
48 0.64062 0.86875 0.125 0.13125
48 0.72656 0.79375 0.12187 0.1125
48 0.57031 0.7625 0.11563 0.0875
48 0.62656 0.70625 0.17812 0.1
48 0.68125 0.63906 0.15625 0.10938
48 0.77344 0.57188 0.14688 0.10625
48 0.82812 0.71406 0.1875 0.10938
48 0.90156 0.62187 0.14687 0.0875
48 0.83594 0.49375 0.11563 0.1
48 0.92344 0.43906 0.15312 0.12813
48 0.98281 0.47656 0.03438 0.13437
48 0.95 0.56875 0.1 0.125
48 0.77188 0.36875 0.10625 0.0625
48 0.96719 0.78438 0.06563 0.11875
48 0.99844 0.70312 0.00313 0.1125
48 0.58125 0.08438 0.0875 0.1
48 0.6625 0.10938 0.09375 0.10625
48 0.61406 0.01094 0.10313 0.02188
48 0.72969 0.03281 0.17812 0.06562
48 0.88125 0.05 0.175 0.1
48 0.98438 0.0625 0.03125 0.125
48 0.77656 0.1375 0.16563 0.10625
48 0.90156 0.15625 0.09687 0.1
48 0.96094 0.16719 0.07812 0.10937
48 0.06562 0.07187 0.13125 0.14375
48 0.03594 0.17188 0.07187 0.13125
