8 0.76719 0.46719 0.05312 0.02813
8 0.50156 0.56875 0.04688 0.04375
5 0.80938 0.46875 0.04375 0.03125
5 0.99062 0.45781 0.01875 0.03437
57 0.01562 0.82656 0.03125 0.08437
57 0.00312 0.9125 0.00625 0.0875
57 0.02031 0.91094 0.04062 0.08437
57 0.00625 0.97656 0.0125 0.04688
57 0.04688 0.86875 0.04375 0.08125
48 0.21562 0.40156 0.43125 0.37188
48 0.57188 0.8125 0.84375 0.375
48 0.65469 0.55312 0.21562 0.1125
48 0.9625 0.85156 0.075 0.29688
48 0.84375 0.53438 0.175 0.1125
48 0.99688 0.34844 0.00625 0.04063
48 0.95 0.52344 0.1 0.13437
