48 0.40781 0.94531 0.40312 0.10938
48 0.52656 0.92188 0.24062 0.15625
48 0.57656 0.84062 0.25938 0.16875
48 0.15937 0.93438 0.21875 0.13125
48 0.12188 0.9875 0.20625 0.025
48 0.75625 0.88281 0.4875 0.23438
5 0.975 0.76875 0.04375 0.01875
5 0.975 0.39688 0.03125 0.0375
48 0.30781 0.11875 0.25938 0.2125
8 0.09219 0.62187 0.04063 0.05625
48 0.36875 0.025 0.3375 0.05
48 0.18906 0.5375 0.25937 0.20625
48 0.725 0.53438 0.20625 0.26875
48 0.52969 0.46719 0.17813 0.16563
48 0.20156 0.75938 0.17187 0.125
5 0.97656 0.70156 0.03438 0.04688
48 0.5875 0.71406 0.29375 0.16563
48 0.8125 0.02344 0.375 0.04688
48 0.59219 0.08125 0.25938 0.1625
5 0.01094 0.55 0.02188 0.05625
48 0.6125 0.30312 0.2625 0.25
5 0.79375 0.85625 0.0375 0.04375
48 0.11094 0.3375 0.22188 0.21875
5 0.00781 0.98594 0.01562 0.02812
48 0.82969 0.17812 0.34062 0.2375
48 0.35156 0.67656 0.17812 0.49062
48 0.05469 0.14219 0.10938 0.28438
48 0.11562 0.10781 0.1875 0.18438
5 0.00469 0.63437 0.00938 0.025
5 0.7875 0.76406 0.03125 0.04688
48 0.02344 0.00312 0.04688 0.00625
5 0.04375 0.88906 0.03125 0.05312
5 0.97656 0.74219 0.04688 0.02812
5 0.10781 0.73125 0.03438 0.0375
