4 0.55781 0.65469 0.03437 0.03438
10 0.1375 0.88906 0.0625 0.08437
48 0.4375 0.73438 0.35625 0.3375
48 0.17656 0.44062 0.35312 0.4
48 0.05625 0.8875 0.1125 0.225
48 0.25625 0.96094 0.2625 0.07812
48 0.8375 0.93594 0.325 0.12813
19 0.54375 0.01562 0.11875 0.03125
22 0.86406 0.33438 0.10313 0.075
48 0.34531 0.45469 0.07187 0.08438
48 0.39375 0.37188 0.0875 0.09375
48 0.55625 0.48906 0.05625 0.05312
48 0.7625 0.65 0.11875 0.09375
48 0.825 0.70312 0.05625 0.05625
48 0.86406 0.67812 0.08437 0.075
48 0.07344 0.68438 0.09062 0.09375
48 0.62813 0.52656 0.06875 0.05312
