5 0.43906 0.8125 0.04062 0.04375
5 0.47656 0.77344 0.07812 0.01562
48 0.78281 0.99688 0.09062 0.00625
48 0.07031 0.8375 0.14062 0.08125
5 0.47344 0.79531 0.04063 0.01562
9 0.38906 0.54688 0.09063 0.025
9 0.40625 0.51406 0.09375 0.02812
39 0.40938 0.47969 0.1 0.02813
48 0.70156 0.53594 0.07812 0.11562
48 0.825 0.51094 0.05 0.14063
13 0.44844 0.38594 0.18438 0.04688
48 0.84688 0.3875 0.11875 0.075
48 0.87812 0.31094 0.03125 0.05938
9 0.5625 0.02812 0.03125 0.05625
39 0.47344 0.13125 0.08437 0.03125
24 0.76094 0.97344 0.10313 0.05312
53 0.58125 0.23125 0.44375 0.4625
53 0.44219 0.4625 0.21563 0.25625
9 0.45469 0.2 0.10312 0.03125
9 0.44531 0.17031 0.11563 0.03437
5 0.53438 0.75625 0.05625 0.025
5 0.45 0.23438 0.09375 0.03125
5 0.40781 0.45156 0.06562 0.04062
5 0.41562 0.80312 0.01875 0.03125
11 0.75156 0.04844 0.04688 0.09688
9 0.47188 0.06562 0.09375 0.03125
13 0.76875 0.1375 0.05625 0.1125
5 0.55312 0.08438 0.03125 0.05625
7 0.59688 0.025 0.04375 0.05
11 0.69688 0.04219 0.04375 0.08438
5 0.45469 0.26875 0.08438 0.03125
12 0.65 0.05938 0.0375 0.0625
5 0.45156 0.29375 0.07187 0.0375
9 0.47031 0.09531 0.10312 0.02812
