48 0.12031 0.03594 0.15938 0.07187
48 0.15781 0.10156 0.15937 0.14062
48 0.57188 0.00938 0.1375 0.01875
48 0.73438 0.00781 0.14375 0.01562
48 0.8375 0.01094 0.15 0.02188
48 0.99688 0.09531 0.00625 0.14688
5 0.97031 0.02344 0.04688 0.04688
48 0.1625 0.15781 0.19375 0.12188
48 0.0625 0.10781 0.05 0.07187
48 0.31406 0.075 0.19062 0.15
48 0.65625 0.00625 0.05625 0.0125
48 0.225 0.31562 0.1625 0.125
48 0.18281 0.26562 0.09688 0.09375
48 0.19844 0.21562 0.15938 0.0875
48 0.28281 0.23594 0.05313 0.08438
48 0.38594 0.26562 0.15937 0.1
48 0.37188 0.31875 0.1 0.0875
48 0.24375 0.36406 0.1625 0.10938
48 0.25469 0.42969 0.14688 0.10938
48 0.42344 0.39062 0.17188 0.1375
48 0.30781 0.5375 0.14062 0.0875
48 0.32656 0.57969 0.13437 0.07812
48 0.45938 0.475 0.14375 0.10625
48 0.49219 0.5375 0.14688 0.1375
48 0.37031 0.64219 0.13438 0.15312
48 0.39531 0.67656 0.14062 0.14687
48 0.42656 0.70938 0.15313 0.15625
48 0.4625 0.7375 0.14375 0.1625
48 0.49844 0.77344 0.14062 0.16562
48 0.64375 0.70625 0.15625 0.1375
48 0.69688 0.73594 0.14375 0.15938
48 0.58594 0.80938 0.09688 0.10625
48 0.52812 0.86563 0.08125 0.0875
48 0.58438 0.89062 0.15625 0.18125
48 0.61562 0.92344 0.125 0.12813
48 0.64219 0.94062 0.14062 0.11875
48 0.30469 0.99062 0.27187 0.01875
48 0.02188 0.84219 0.04375 0.13438
48 0.08438 0.78594 0.15 0.12188
48 0.20469 0.90938 0.18438 0.18125
48 0.67188 0.95625 0.1875 0.0875
48 0.03906 0.95156 0.07812 0.09688
48 0.82031 0.85469 0.17188 0.18438
48 0.78281 0.80938 0.15312 0.15
48 0.55625 0.59375 0.1375 0.14375
48 0.9 0.62813 0.04375 0.0625
48 0.94219 0.65156 0.09063 0.09063
48 0.94531 0.49687 0.10938 0.125
48 0.95156 0.58438 0.06563 0.0625
48 0.87969 0.47969 0.03437 0.06562
48 0.925 0.06406 0.125 0.05312
48 0.93594 0.1125 0.12813 0.0875
48 0.93281 0.20781 0.13438 0.12812
48 0.9875 0.94219 0.025 0.11562
48 0.96875 0.9625 0.0625 0.075
48 0.94844 0.98125 0.10313 0.0375
48 0.01875 0.46094 0.0375 0.17188
5 0.52656 0.35625 0.02187 0.0375
