48 0.62344 0.98438 0.37812 0.03125
48 0.1 0.57031 0.2 0.27812
48 0.59688 0.62813 0.55625 0.33125
48 0.22344 0.15781 0.29063 0.19062
48 0.80313 0.24688 0.11875 0.08125
48 0.29063 0.225 0.2125 0.15625
48 0.88438 0.14688 0.09375 0.0625
48 0.87812 0.96719 0.24375 0.06563
48 0.55781 0.85938 0.23438 0.1625
48 0.0125 0.94531 0.025 0.10938
48 0.075 0.94531 0.15 0.10938
48 0.23125 0.9 0.20625 0.1125
48 0.28906 0.94688 0.21562 0.10625
48 0.3375 0.98438 0.14375 0.03125
48 0.24844 0.81562 0.20312 0.13125
48 0.24844 0.72969 0.10937 0.10938
5 0.42812 0.42188 0.05625 0.0375
5 0.45781 0.92969 0.02813 0.04062
48 0.90781 0.73594 0.18437 0.14062
48 0.3625 0.51562 0.125 0.05625
48 0.53125 0.45469 0.13125 0.09063
5 0.44531 0.89688 0.02812 0.05
5 0.4375 0.56563 0.04375 0.0375
5 0.25625 0.45781 0.0375 0.03437
5 0.4875 0.55156 0.04375 0.03437
5 0.51094 0.54062 0.04063 0.03125
5 0.41875 0.81406 0.03125 0.04688
5 0.47812 0.98594 0.03125 0.02812
48 0.04844 0.36406 0.09688 0.10938
48 0.02188 0.24531 0.04375 0.10938
