48 0.18594 0.07187 0.17813 0.14375
48 0.73281 0.36562 0.29688 0.14375
48 0.7 0.28438 0.1 0.09375
48 0.57344 0.43906 0.11562 0.09687
48 0.32188 0.51094 0.40625 0.24688
48 0.425 0.65312 0.16875 0.1
48 0.47969 0.55937 0.24062 0.10625
48 0.84062 0.55469 0.2875 0.12813
48 0.94062 0.61875 0.11875 0.25
48 0.525 0.02031 0.13125 0.04062
48 0.65312 0.00312 0.2125 0.00625
48 0.02969 0.05625 0.05938 0.1125
5 0.04531 0.50469 0.02812 0.04063
48 0.68281 0.77969 0.21563 0.17812
48 0.04062 0.14688 0.08125 0.125
48 0.89844 0.71094 0.15312 0.20938
48 0.66094 0.86562 0.67812 0.26875
48 0.07031 0.73594 0.14062 0.16563
48 0.65 0.64375 0.2125 0.15
48 0.90625 0.45469 0.16875 0.07187
48 0.11875 0.93281 0.2375 0.13438
48 0.5875 0.22188 0.18125 0.24375
48 0.47656 0.83906 0.35312 0.31562
48 0.40938 0.225 0.28125 0.2625
48 0.24531 0.74219 0.22188 0.22188
48 0.65469 0.54375 0.14687 0.06875
48 0.93125 0.07656 0.1375 0.15313
48 0.13281 0.10469 0.11562 0.10937
48 0.96719 0.16719 0.06563 0.09062
48 0.16875 0.31875 0.2375 0.21875
48 0.44375 0.02969 0.15 0.05938
48 0.00781 0.52031 0.01562 0.06562
48 0.31406 0.07969 0.25312 0.15937
48 0.77656 0.50313 0.15937 0.0625
48 0.0375 0.58438 0.075 0.0875
48 0.8875 0.32344 0.09375 0.09063
48 0.03594 0.62656 0.07187 0.04688
48 0.81094 0.24531 0.15938 0.10312
48 0.0875 0.02812 0.1375 0.05625
48 0.08906 0.84531 0.17812 0.09688
5 0.06875 0.54531 0.03125 0.04063
48 0.70156 0.14062 0.20937 0.16875
