5 0.19219 0.01562 0.04062 0.03125
5 0.64062 0.90781 0.04375 0.04688
48 0.02344 0.71094 0.04688 0.12187
5 0.66094 0.94219 0.03437 0.04688
5 0.61094 0.86562 0.03438 0.05
5 0.575 0.8125 0.04375 0.05625
5 0.54062 0.77031 0.0375 0.04063
5 0.51094 0.72031 0.04688 0.05312
5 0.48281 0.68438 0.02813 0.03125
5 0.3125 0.15469 0.025 0.02813
6 0.0375 0.02812 0.075 0.05625
4 0.08125 0.09375 0.03125 0.03125
48 0.07812 0.4125 0.15625 0.40625
48 0.18281 0.65 0.19062 0.1875
48 0.2375 0.49219 0.13125 0.13437
48 0.29531 0.52969 0.08438 0.06562
48 0.31562 0.57656 0.1 0.06563
48 0.34688 0.63125 0.08125 0.06875
48 0.39844 0.72344 0.07812 0.08437
4 0.60469 0.64062 0.02813 0.025
5 0.83906 0.98594 0.04063 0.02812
5 0.34375 0.19219 0.0375 0.05313
5 0.47969 0.35781 0.04063 0.04062
48 0.54375 0.14531 0.53125 0.29063
5 0.40938 0.58594 0.05 0.04688
5 0.25938 0.28438 0.05 0.04375
5 0.34219 0.36719 0.04688 0.05312
5 0.13125 0.11562 0.05 0.05625
5 0.62187 0.53438 0.04375 0.05625
6 0.70781 0.89531 0.08437 0.11562
48 0.37344 0.94062 0.15313 0.11875
48 0.02969 0.83438 0.05938 0.1125
5 0.45938 0.30938 0.05 0.0375
5 0.25156 0.36719 0.05938 0.04688
5 0.08906 0.15781 0.04688 0.04688
5 0.5875 0.48906 0.04375 0.04687
