48 0.04688 0.85312 0.09375 0.1
48 0.07656 0.92188 0.15313 0.15625
48 0.18906 0.97344 0.13437 0.05312
48 0.68594 0.50938 0.16563 0.11875
48 0.99688 0.45469 0.00625 0.17188
48 0.96094 0.2375 0.07812 0.225
48 0.87344 0.10781 0.12813 0.10312
48 0.78438 0.07187 0.1375 0.14375
48 0.69062 0.04688 0.11875 0.09375
48 0.54219 0.025 0.12812 0.05
48 0.43281 0.01406 0.10938 0.02812
48 0.32812 0.01875 0.11875 0.0375
48 0.28594 0.06406 0.15312 0.12812
48 0.42344 0.12656 0.17812 0.14062
48 0.45469 0.05469 0.18438 0.10938
48 0.35625 0.20625 0.15 0.13125
48 0.20625 0.15469 0.21875 0.13438
48 0.18906 0.22656 0.21562 0.12813
48 0.36719 0.31719 0.21562 0.15312
48 0.28125 0.4 0.075 0.0625
48 0.15469 0.31719 0.23437 0.15312
48 0.10312 0.40469 0.18125 0.13437
