48 0.96875 0.45938 0.0625 0.21875
48 0.89531 0.64219 0.20937 0.15938
48 0.90469 0.22812 0.19063 0.23125
48 0.71406 0.41406 0.20312 0.27188
48 0.85 0.34219 0.3 0.37812
48 0.61719 0.23594 0.13437 0.12812
48 0.22969 0.33438 0.45938 0.2625
48 0.27188 0.48438 0.49375 0.2625
48 0.12812 0.67969 0.225 0.10938
48 0.72188 0.84375 0.38125 0.3125
48 0.50156 0.89688 0.32812 0.20625
48 0.125 0.9875 0.225 0.025
48 0.40938 0.95156 0.3875 0.09688
10 0.9625 0.74844 0.075 0.05937
10 0.98438 0.76875 0.03125 0.05
48 0.81875 0.12656 0.3625 0.25312
5 0.425 0.64844 0.0375 0.02812
5 0.375 0.68594 0.04375 0.02812
5 0.5875 0.62187 0.03125 0.03125
5 0.52188 0.59844 0.04375 0.02813
5 0.64844 0.64375 0.02812 0.03125
5 0.63125 0.66094 0.025 0.03437
5 0.6125 0.675 0.025 0.03125
5 0.55469 0.70156 0.02812 0.04063
5 0.48906 0.74531 0.02813 0.02813
5 0.46719 0.74688 0.02813 0.04375
5 0.44688 0.76406 0.025 0.02812
5 0.43125 0.76875 0.03125 0.0375
5 0.84531 0.36875 0.03438 0.0375
5 0.81875 0.38594 0.03125 0.03437
5 0.8 0.4 0.03125 0.0375
5 0.78281 0.41094 0.03438 0.04063
5 0.82187 0.33438 0.025 0.03125
5 0.79844 0.34688 0.02812 0.0375
5 0.74219 0.32656 0.02812 0.03437
5 0.7625 0.37031 0.03125 0.03437
5 0.69375 0.00625 0.025 0.0125
48 0.38438 0.61094 0.30625 0.20937
48 0.87031 0.57188 0.25938 0.18125
9 0.01875 0.07656 0.0375 0.06562
48 0.18594 0.20625 0.37188 0.31875
48 0.51875 0.04844 0.41875 0.09688
5 0.50937 0.72188 0.0375 0.0375
10 0.97969 0.15469 0.04063 0.05938
48 0.55625 0.52188 0.125 0.10625
48 0.15781 0.83906 0.31562 0.25938
10 0.82187 0.84375 0.1625 0.0875
