10 0.97969 0.67188 0.04063 0.08125
5 0.71875 0.29531 0.04375 0.01562
5 0.90469 0.46094 0.04688 0.04063
48 0.70156 0.49219 0.20312 0.12813
48 0.55 0.55156 0.16875 0.07812
48 0.68438 0.02344 0.15 0.04688
48 0.49062 0.05938 0.15 0.11875
48 0.23125 0.35 0.2 0.1375
48 0.94531 0.32031 0.10938 0.20312
48 0.24844 0.5375 0.19062 0.1625
48 0.15313 0.69687 0.18125 0.1625
48 0.40938 0.43594 0.13125 0.08438
48 0.34688 0.72344 0.16875 0.14687
48 0.12969 0.8875 0.21562 0.18125
5 0.77812 0.39844 0.0375 0.02187
48 0.00312 0.18594 0.00625 0.10938
48 0.00938 0.05625 0.01875 0.1125
48 0.34062 0.03906 0.20625 0.07812
5 0.07031 0.64531 0.03437 0.05312
48 0.46875 0.36406 0.2 0.12188
48 0.89375 0.0625 0.2125 0.125
6 0.76719 0.32656 0.06563 0.04688
6 0.88125 0.65781 0.0375 0.05937
48 0.97812 0.01406 0.04375 0.02812
