9 0.06406 0.54062 0.05938 0.025
5 0.15 0.55625 0.0375 0.025
5 0.1875 0.52969 0.05 0.02812
5 0.20156 0.49219 0.05313 0.02812
5 0.325 0.4875 0.05 0.025
4 0.65156 0.43125 0.04688 0.025
5 0.55156 0.52812 0.05938 0.03125
5 0.60156 0.47031 0.04688 0.02188
5 0.85312 0.45156 0.05625 0.02813
48 0.89375 0.14375 0.2125 0.1375
5 0.84062 0.47812 0.05625 0.01875
5 0.30781 0.5375 0.06562 0.025
48 0.88438 0.31875 0.23125 0.20625
5 0.96875 0.47344 0.0625 0.03437
48 0.88125 0.92031 0.2125 0.15938
5 0.40938 0.53281 0.06875 0.02812
48 0.875 0.74219 0.25 0.18437
48 0.8875 0.98906 0.225 0.02187
48 0.70469 0.2625 0.17188 0.2625
