48 0.04688 0.81406 0.09375 0.37187
5 0.01875 0.15313 0.0375 0.025
5 0.60312 0.42969 0.05 0.02812
5 0.60156 0.45938 0.05313 0.0375
5 0.4875 0.47344 0.04375 0.04063
5 0.46719 0.43906 0.04062 0.02813
5 0.45938 0.41562 0.05 0.0375
5 0.44531 0.39844 0.04688 0.03438
5 0.43594 0.38281 0.04062 0.03438
5 0.18594 0.06875 0.03437 0.025
48 0.65938 0.92656 0.16875 0.14687
48 0.41875 0.55312 0.2125 0.23125
48 0.67344 0.73906 0.24687 0.26562
48 0.51562 0.72188 0.175 0.21875
48 0.74219 0.5125 0.20312 0.25625
48 0.78281 0.27656 0.20312 0.25313
48 0.85625 0.92969 0.2875 0.14062
48 0.87969 0.78906 0.24062 0.27188
48 0.90156 0.58906 0.19688 0.28437
48 0.92188 0.38594 0.15625 0.27187
48 0.93906 0.18281 0.12187 0.27187
48 0.96094 0.0625 0.07812 0.125
48 0.15781 0.07031 0.31562 0.14062
48 0.38125 0.9 0.5 0.2
48 0.2625 0.80781 0.5125 0.35938
48 0.22656 0.60312 0.45312 0.4125
48 0.60781 0.98281 0.78438 0.03438
