48 0.04062 0.84219 0.06875 0.05312
4 0.09063 0.90938 0.05 0.025
4 0.55937 0.97969 0.0875 0.03437
4 0.55 0.94688 0.05625 0.01875
5 0.99219 0.44531 0.01562 0.02812
5 0.9875 0.42656 0.025 0.02187
5 0.97969 0.40781 0.04063 0.01562
5 0.87969 0.38438 0.04688 0.01875
5 0.61719 0.27656 0.05313 0.02187
5 0.61875 0.25625 0.04375 0.025
5 0.64375 0.21094 0.0375 0.02813
5 0.82969 0.26094 0.04063 0.02187
5 0.70469 0.39219 0.04688 0.02188
5 0.71875 0.425 0.05 0.01875
5 0.68438 0.75469 0.04375 0.02187
5 0.68594 0.77188 0.05937 0.025
5 0.64062 0.76562 0.04375 0.025
5 0.70469 0.82656 0.05937 0.01562
5 0.34688 0.84219 0.05 0.02187
5 0.75312 0.64688 0.04375 0.0125
5 0.74219 0.62969 0.04688 0.01562
5 0.75625 0.6625 0.05 0.01875
5 0.84375 0.75625 0.0375 0.01875
5 0.83125 0.85938 0.04375 0.01875
5 0.94219 0.75156 0.04688 0.02812
5 0.88281 0.86406 0.04688 0.01562
5 0.08125 0.99844 0.04375 0.00313
5 0.57969 0.90312 0.03438 0.0125
5 0.975 0.83906 0.0375 0.02187
5 0.32812 0.675 0.05 0.01875
5 0.50156 0.70625 0.04062 0.025
5 0.57812 0.61406 0.04375 0.02187
5 0.29531 0.58438 0.04688 0.025
5 0.45938 0.14062 0.05 0.025
5 0.55781 0.99531 0.04688 0.00938
5 0.4125 0.98281 0.05625 0.02187
5 0.39219 0.84688 0.04688 0.025
5 0.39844 0.86406 0.05312 0.02813
5 0.84531 0.77656 0.03438 0.01562
5 0.7875 0.75 0.03125 0.0125
5 0.95625 0.80625 0.03125 0.025
5 0.54531 0.39219 0.04688 0.02813
5 0.66562 0.39844 0.04375 0.02187
5 0.90469 0.46719 0.04063 0.02188
5 0.70625 0.37031 0.05 0.02187
5 0.69531 0.35625 0.05313 0.025
5 0.69062 0.33594 0.05 0.02812
5 0.675 0.41719 0.04375 0.01562
5 0.675 0.43281 0.05 0.01562
5 0.67812 0.45 0.05 0.025
5 0.98906 0.775 0.02187 0.025
5 0.84375 0.79531 0.0375 0.02187
5 0.58125 0.64844 0.04375 0.02188
5 0.62813 0.61875 0.0375 0.0125
5 0.63438 0.63906 0.04375 0.02187
5 0.98438 0.27031 0.03125 0.04063
5 0.98906 0.29063 0.02187 0.025
5 0.99531 0.30781 0.00938 0.02187
5 0.9375 0.25156 0.05625 0.02188
5 0.70625 0.87031 0.04375 0.02813
5 0.03281 0.4625 0.04688 0.025
5 0.00469 0.62187 0.00938 0.025
5 0.35156 0.75312 0.04688 0.025
5 0.35469 0.77031 0.04688 0.02187
5 0.3 0.78125 0.05 0.025
5 0.50469 0.73438 0.04687 0.025
5 0.725 0.55937 0.05 0.025
5 0.53438 0.79375 0.05 0.025
5 0.5375 0.52656 0.05 0.02813
5 0.925 0.52344 0.04375 0.02188
5 0.94531 0.56094 0.04062 0.02187
5 0.95 0.59219 0.05 0.02812
5 0.95781 0.61719 0.04688 0.02812
5 0.90625 0.60781 0.05 0.02812
5 0.85 0.44531 0.04375 0.02187
5 0.82344 0.38125 0.04688 0.025
5 0.06562 0.55 0.04375 0.025
5 0.09375 0.61719 0.05625 0.02812
5 0.24375 0.59531 0.04375 0.02187
5 0.19219 0.80781 0.04062 0.01562
5 0.15 0.80156 0.04375 0.02187
5 0.15781 0.82031 0.04062 0.02188
5 0.25625 0.92031 0.05 0.02812
5 0.27187 0.95625 0.05 0.03125
5 0.22812 0.96875 0.05 0.025
5 0.24375 0.99688 0.05 0.00625
5 0.125 0.99062 0.04375 0.01875
5 0.94375 0.26719 0.05 0.02188
5 0.97812 0.23906 0.04375 0.02188
5 0.99844 0.325 0.00313 0.01875
5 0.96562 0.30312 0.05 0.01875
5 0.96406 0.32031 0.05312 0.02187
5 0.97969 0.37344 0.04063 0.02188
5 0.84844 0.29531 0.05312 0.02188
5 0.86094 0.33438 0.05312 0.025
5 0.80938 0.325 0.05 0.01875
5 0.81406 0.34375 0.04063 0.01875
5 0.82031 0.3625 0.04062 0.01875
5 0.85 0.42969 0.05 0.01562
5 0.89531 0.4375 0.05312 0.01875
5 0.86094 0.46562 0.05312 0.01875
5 0.86406 0.47969 0.04063 0.01562
5 0.92031 0.50781 0.05312 0.02188
5 0.87969 0.51719 0.04688 0.02187
5 0.88594 0.53594 0.04688 0.01562
5 0.93594 0.54062 0.04688 0.01875
5 0.94844 0.57656 0.04688 0.02187
5 0.68281 0.46875 0.04688 0.025
5 0.74062 0.47656 0.05 0.02187
5 0.75469 0.50938 0.04688 0.025
5 0.70938 0.52344 0.05 0.02188
5 0.72812 0.57812 0.05625 0.025
5 0.64219 0.34844 0.04688 0.02813
5 0.52031 0.30156 0.05312 0.02187
5 0.44531 0.24219 0.04688 0.02187
5 0.675 0.27969 0.04375 0.02188
5 0.41875 0.45781 0.05625 0.02187
5 0.40156 0.425 0.06562 0.025
5 0.57344 0.59375 0.05312 0.01875
5 0.63906 0.65469 0.04688 0.02187
5 0.65312 0.67031 0.05 0.02187
5 0.65938 0.68906 0.04375 0.01562
5 0.46719 0.62031 0.05313 0.02187
5 0.45938 0.6 0.05 0.01875
5 0.30937 0.62187 0.05 0.01875
5 0.32344 0.63906 0.04688 0.02187
5 0.60625 0.55 0.04375 0.01875
5 0.225 0.39375 0.05625 0.025
5 0.04688 0.49688 0.04375 0.025
5 0.90938 0.62656 0.05625 0.02812
5 0.89531 0.57031 0.06562 0.03438
5 0.49219 0.66875 0.05313 0.03125
5 0.43125 0.6625 0.05 0.025
5 0.45781 0.73906 0.06562 0.02813
5 0.27187 0.67031 0.05 0.02812
5 0.29219 0.70312 0.05312 0.025
5 0.29688 0.74219 0.0625 0.02812
5 0.34531 0.70781 0.05938 0.02813
5 0.15 0.78281 0.06875 0.02812
5 0.01875 0.81406 0.0375 0.02812
5 0.21875 0.5125 0.05 0.025
5 0.2375 0.56094 0.05625 0.02187
5 0.11094 0.51875 0.05313 0.01875
5 0.13906 0.72188 0.05312 0.01875
5 0.16562 0.65938 0.05 0.025
5 0.15937 0.64219 0.05 0.02187
5 0.11875 0.66562 0.05 0.025
5 0.2 0.91719 0.05 0.02813
5 0.24688 0.88437 0.05625 0.025
5 0.25469 0.90156 0.04688 0.01562
5 0.36562 0.91406 0.05625 0.02812
5 0.39219 0.82812 0.04688 0.01875
5 0.48281 0.80781 0.05313 0.02187
5 0.49062 0.84062 0.05 0.01875
5 0.55156 0.84531 0.05312 0.02812
5 0.50938 0.87812 0.04375 0.01875
5 0.52188 0.91406 0.05 0.02188
5 0.1125 0.95781 0.05 0.02187
5 0.45 0.99844 0.05 0.00313
5 0.43594 0.95469 0.05313 0.02187
5 0.78438 0.73281 0.04375 0.02187
5 0.975 0.67969 0.05 0.02188
5 0.92188 0.69375 0.05625 0.025
5 0.73281 0.45469 0.04688 0.02188
5 0.73906 0.6125 0.05312 0.025
5 0.74063 0.59062 0.05625 0.01875
5 0.95312 0.76719 0.04375 0.01562
5 0.72656 0.43906 0.04688 0.02188
5 0.45469 0.56406 0.05938 0.02187
5 0.80156 0.30469 0.04688 0.02187
5 0.96875 0.33906 0.05 0.02187
5 0.60781 0.70156 0.04688 0.02187
5 0.6 0.68125 0.05 0.025
5 0.10781 0.64844 0.04688 0.02188
5 0.99375 0.4625 0.0125 0.03125
5 0.83281 0.39688 0.05312 0.025
5 0.61875 0.56406 0.05 0.02187
5 0.62187 0.58281 0.04375 0.02187
5 0.5125 0.43594 0.05 0.02188
5 0.56094 0.425 0.05312 0.025
5 0.76875 0.54531 0.05 0.02187
5 0.63594 0.79062 0.04063 0.01875
5 0.58125 0.49375 0.05 0.025
5 0.79688 0.7875 0.05 0.025
