48 0.40781 0.03438 0.22812 0.06875
5 0.73594 0.12969 0.05312 0.04062
48 0.78281 0.04688 0.27187 0.09375
48 0.07031 0.87344 0.14062 0.09688
48 0.1125 0.77812 0.225 0.19375
48 0.18438 0.54688 0.2625 0.1875
48 0.27031 0.68906 0.29063 0.19688
48 0.48906 0.59219 0.37812 0.24063
48 0.39688 0.45781 0.275 0.17812
48 0.1625 0.39219 0.325 0.25937
48 0.35 0.3125 0.2875 0.18125
5 0.6125 0.44844 0.04375 0.05312
48 0.625 0.35 0.18125 0.1375
5 0.72344 0.5875 0.04063 0.0375
5 0.75156 0.63438 0.04063 0.04375
48 0.90938 0.58281 0.18125 0.19688
5 0.98594 0.57812 0.02812 0.05
48 0.95 0.44062 0.1 0.24375
48 0.75312 0.49062 0.20625 0.15625
48 0.81875 0.40625 0.18125 0.1625
48 0.96094 0.10156 0.07812 0.20312
48 0.90312 0.26562 0.19375 0.2375
48 0.8 0.16875 0.25 0.1375
48 0.58594 0.2 0.30313 0.26875
48 0.22656 0.1 0.29688 0.2
48 0.11406 0.15781 0.22812 0.25312
48 0.39062 0.98438 0.21875 0.03125
48 0.6 0.85469 0.46875 0.29063
48 0.92031 0.8125 0.14062 0.175
