5 0.00312 0.16406 0.00625 0.02187
5 0.04062 0.08438 0.01875 0.03125
5 0.40312 0.01094 0.03125 0.02188
5 0.49844 0.03906 0.04063 0.02188
5 0.48438 0.00469 0.0375 0.00938
5 0.81875 0.12969 0.03125 0.04062
5 0.32031 0.14375 0.03438 0.025
5 0.3375 0.18125 0.04375 0.025
5 0.35625 0.22813 0.04375 0.025
5 0.42656 0.23125 0.02187 0.0375
5 0.38594 0.2625 0.04063 0.01875
5 0.3875 0.28281 0.0375 0.01562
5 0.39219 0.30312 0.03437 0.01875
5 0.6 0.31094 0.0375 0.02188
5 0.59531 0.29063 0.04063 0.025
5 0.58125 0.25312 0.03125 0.025
5 0.57344 0.2375 0.03437 0.01875
5 0.5875 0.27031 0.03125 0.02187
5 0.55 0.39531 0.025 0.04063
5 0.6375 0.40312 0.04375 0.025
5 0.40625 0.56406 0.03125 0.01562
5 0.69531 0.56719 0.04062 0.02813
5 0.72031 0.63906 0.04063 0.02812
5 0.52344 0.67188 0.03438 0.025
5 0.52969 0.69531 0.03438 0.01562
5 0.53438 0.71562 0.0375 0.01875
5 0.57344 0.77656 0.04063 0.02187
5 0.69844 0.97344 0.02813 0.04688
5 0.825 0.91875 0.05 0.025
5 0.59844 0.87344 0.04063 0.01562
5 0.6 0.85 0.04375 0.01875
5 0.61406 0.90938 0.02813 0.025
5 0.63125 0.9375 0.04375 0.025
5 0.63281 0.9875 0.04062 0.01875
5 0.8375 0.94375 0.0375 0.01875
5 0.98125 0.90156 0.03125 0.03437
5 0.92031 0.92188 0.02187 0.03125
5 0.89844 0.91094 0.02188 0.02187
5 0.94219 0.89375 0.02813 0.03125
5 0.91562 0.87969 0.03125 0.02187
5 0.99062 0.84375 0.01875 0.01875
5 0.99688 0.18906 0.00625 0.03437
5 0.98906 0.19844 0.02187 0.02812
5 0.97344 0.21406 0.02813 0.03438
5 0.98906 0.27969 0.02187 0.04062
5 0.97344 0.29375 0.03437 0.0375
5 0.96094 0.33281 0.03438 0.02813
5 0.85625 0.32188 0.04375 0.025
5 0.89688 0.32031 0.025 0.04063
5 0.78906 0.35625 0.04688 0.025
5 0.89219 0.39844 0.02187 0.04688
5 0.92969 0.375 0.04062 0.01875
5 0.84844 0.3875 0.04063 0.01875
5 0.87344 0.41562 0.02187 0.03125
5 0.88125 0.45469 0.01875 0.03437
5 0.8375 0.41562 0.0375 0.01875
5 0.84219 0.43281 0.03438 0.01562
5 0.74375 0.37656 0.0375 0.02188
5 0.84844 0.45312 0.04063 0.01875
5 0.89531 0.50156 0.02813 0.04062
5 0.84062 0.50313 0.025 0.0375
5 0.86875 0.52188 0.0375 0.025
5 0.87344 0.54219 0.03438 0.02187
5 0.91094 0.54219 0.02187 0.03437
5 0.925 0.57812 0.01875 0.03125
5 0.87812 0.55937 0.03125 0.025
5 0.85 0.56406 0.025 0.04063
5 0.74688 0.50781 0.05 0.02812
5 0.78594 0.52188 0.02187 0.03125
5 0.75156 0.53438 0.04063 0.01875
5 0.76094 0.55312 0.04063 0.01875
5 0.8 0.56406 0.025 0.03438
5 0.81562 0.60938 0.01875 0.03125
5 0.77812 0.59688 0.03125 0.01875
5 0.76875 0.575 0.04375 0.025
5 0.79375 0.61719 0.03125 0.01562
5 0.89219 0.57344 0.04063 0.02813
5 0.90156 0.59531 0.03437 0.02187
5 0.94062 0.61875 0.025 0.03125
5 0.90312 0.6125 0.03125 0.01875
5 0.875 0.61719 0.025 0.03438
5 0.90938 0.63281 0.0375 0.01562
5 0.95938 0.66719 0.01875 0.02813
5 0.89531 0.68125 0.02187 0.03125
5 0.93281 0.68906 0.03437 0.02187
5 0.91719 0.65156 0.03437 0.02187
5 0.94062 0.70938 0.0375 0.025
5 0.91406 0.73125 0.02812 0.03125
5 0.95156 0.725 0.03438 0.025
5 0.95938 0.74688 0.04375 0.025
5 0.96875 0.76406 0.0375 0.02187
5 0.97344 0.7875 0.04688 0.01875
5 0.98281 0.81094 0.03438 0.01562
5 0.94688 0.81094 0.01875 0.02812
48 0.5125 0.97969 0.25625 0.04063
48 0.13906 0.55156 0.22812 0.25312
48 0.4 0.8375 0.2625 0.18125
48 0.21094 0.82656 0.17188 0.15938
48 0.34062 0.70781 0.3625 0.24688
48 0.26094 0.43281 0.34688 0.34062
48 0.15156 0.24219 0.30312 0.23438
48 0.06406 0.32656 0.12812 0.24063
48 0.01719 0.38594 0.03438 0.25312
9 0.50156 0.21094 0.06563 0.10313
5 0.98281 0.33594 0.03438 0.04063
5 0.97969 0.70625 0.03437 0.04375
5 0.99219 0.74844 0.01562 0.03438
5 0.93594 0.77344 0.03438 0.04062
5 0.13438 0.69219 0.0375 0.02187
48 0.02656 0.08281 0.05312 0.16562
5 0.02812 0.14688 0.04375 0.03125
5 0.39844 0.20312 0.03438 0.03125
48 0.00781 0.64219 0.01562 0.24687
48 0.72812 0.09375 0.175 0.1875
5 0.86719 0.34219 0.04688 0.03437
5 0.4 0.32031 0.05 0.03438
5 0.40469 0.34062 0.04062 0.03125
5 0.41562 0.35938 0.0375 0.025
53 0.89531 0.30781 0.20937 0.24688
53 0.88281 0.59531 0.23438 0.52188
48 0.075 0.85625 0.15 0.2875
48 0.25781 0.91875 0.34688 0.1625
