48 0.025 0.26406 0.05 0.48438
48 0.24531 0.11719 0.29063 0.23438
48 0.42188 0.34219 0.2625 0.36562
48 0.08594 0.44219 0.17188 0.34063
48 0.67031 0.13906 0.32812 0.27812
48 0.49844 0.13906 0.33438 0.27812
48 0.69688 0.36406 0.23125 0.25312
48 0.84531 0.34531 0.15938 0.18438
48 0.95469 0.29375 0.09062 0.15
48 0.91719 0.20469 0.11562 0.09063
48 0.89531 0.52969 0.20937 0.30937
48 0.97344 0.73906 0.05312 0.20312
48 0.92031 0.17344 0.15938 0.34688
48 0.525 0.73906 0.95 0.52188
9 0.82188 0.0125 0.1125 0.025
48 0.23594 0.32812 0.47188 0.65625
