5 0.21094 0.93281 0.06562 0.04063
48 0.30625 0.1625 0.6125 0.325
48 0.275 0.30469 0.55 0.60938
5 0.61094 0.84531 0.04688 0.03438
5 0.10156 0.62344 0.04062 0.03438
5 0.29844 0.53594 0.04688 0.03437
5 0.85469 0.38438 0.04063 0.03125
5 0.48281 0.84844 0.07812 0.04063
5 0.81719 0.34375 0.04063 0.03125
5 0.9875 0.27656 0.025 0.02187
5 0.15625 0.60156 0.03125 0.02188
5 0.91719 0.30625 0.05312 0.03125
5 0.60312 0.42656 0.0375 0.02813
5 0.65 0.40312 0.05 0.03125
5 0.04219 0.65 0.03437 0.03125
5 0.75156 0.36719 0.04063 0.02812
5 0.54844 0.44219 0.04063 0.03437
5 0.87031 0.32812 0.04063 0.025
