5 0.01875 0.48281 0.0375 0.02813
5 0.09063 0.46875 0.05 0.025
5 0.425 0.95781 0.03125 0.06562
5 0.79375 0.9875 0.03125 0.025
5 0.7625 0.95781 0.025 0.04688
5 0.4625 0.89531 0.0625 0.02813
5 0.45625 0.86719 0.05 0.02812
5 0.36094 0.89844 0.02813 0.05313
5 0.43281 0.84219 0.05938 0.02812
5 0.84844 0.54531 0.02813 0.05312
5 0.4375 0.77812 0.04375 0.025
5 0.40625 0.80625 0.05625 0.03125
5 0.39219 0.7875 0.04062 0.025
5 0.29375 0.55313 0.03125 0.05625
5 0.18594 0.56406 0.05313 0.02812
5 0.1875 0.59375 0.05 0.03125
5 0.2 0.63438 0.06875 0.03125
5 0.20469 0.66406 0.05313 0.02812
5 0.21094 0.69219 0.05938 0.03437
5 0.11094 0.12969 0.04688 0.04062
5 0.11406 0.1625 0.06562 0.04375
5 0.07656 0.00156 0.04688 0.00312
48 0.13594 0.99062 0.12188 0.01875
48 0.12031 0.67812 0.17188 0.23125
48 0.39375 0.57656 0.11875 0.10313
48 0.05781 0.375 0.11562 0.1875
48 0.54688 0.96406 0.1 0.07188
5 0.61406 0.53438 0.02813 0.05
48 0.41406 0.69531 0.11562 0.09062
48 0.47656 0.57031 0.06563 0.09688
48 0.34688 0.66719 0.08125 0.14062
48 0.12188 0.87969 0.175 0.15313
48 0.02188 0.73594 0.04375 0.12187
5 0.24688 0.8375 0.05 0.01875
5 0.25 0.85781 0.05 0.02812
48 0.6625 0.92969 0.2 0.14062
48 0.85156 0.75937 0.29688 0.2875
48 0.99062 0.99531 0.01875 0.00938
48 0.70156 0.2875 0.11562 0.1125
48 0.0375 0.11719 0.075 0.23438
48 0.05938 0.24375 0.06875 0.05625
