48 0.42031 0.00625 0.23438 0.0125
48 0.94531 0.63438 0.10938 0.28125
48 0.15469 0.31875 0.22812 0.18125
48 0.00625 0.58906 0.0125 0.19688
48 0.36406 0.05312 0.22813 0.10625
48 0.01406 0.80469 0.02812 0.14688
48 0.32031 0.1125 0.19688 0.19375
48 0.08125 0.6625 0.1625 0.24375
48 0.79219 0.96719 0.41562 0.06563
51 0.84844 0.65312 0.10938 0.10625
48 0.14844 0.46875 0.21562 0.175
5 0.60156 0.87031 0.03438 0.02813
5 0.70156 0.88125 0.04688 0.03125
48 0.84375 0.20938 0.3125 0.41875
48 0.04219 0.04375 0.08438 0.0875
5 0.22969 0.59375 0.04062 0.05
48 0.69375 0.49375 0.3125 0.475
5 0.1875 0.66094 0.0375 0.03437
48 0.32969 0.98594 0.44688 0.02812
48 0.18281 0.17344 0.19062 0.20938
8 0.40781 0.34375 0.03437 0.0375
5 0.54375 0.05625 0.0375 0.03125
5 0.35625 0.39219 0.03125 0.04062
5 0.20625 0.93906 0.04375 0.02812
