5 0.1625 0.39062 0.05 0.03125
5 0.14687 0.31406 0.05625 0.03437
8 0.03281 0.02188 0.06562 0.04375
5 0.40312 0.925 0.04375 0.05625
10 0.84688 0.75156 0.03125 0.05937
48 0.99062 0.63125 0.01875 0.19375
5 0.28594 0.95781 0.05312 0.06562
48 0.73906 0.11562 0.52188 0.23125
10 0.41562 0.97656 0.04375 0.04688
5 0.32812 0.94375 0.05 0.06875
10 0.87344 0.47031 0.05312 0.07812
10 0.54062 0.34375 0.04375 0.06875
48 0.68906 0.90625 0.44063 0.1875
48 0.02344 0.11562 0.04688 0.23125
48 0.95156 0.39844 0.09688 0.20938
53 0.2375 0.92969 0.475 0.14062
11 0.94531 0.19219 0.10938 0.07187
10 0.32188 0.32344 0.06875 0.04063
10 0.38281 0.84219 0.05312 0.07812
11 0.80625 0.60938 0.09375 0.2375
48 0.08125 0.39688 0.1625 0.575
10 0.34062 0.35 0.05625 0.04375
10 0.15625 0.32969 0.06875 0.04688
11 0.90625 0.31875 0.10625 0.06875
10 0.82812 0.42656 0.05625 0.07188
8 0.11094 0.48281 0.04688 0.06562
48 0.97031 0.53125 0.05937 0.20625
48 0.16875 0.8 0.3375 0.4
48 0.4375 0.62031 0.19375 0.26563
11 0.9 0.91094 0.06875 0.13438
48 0.65156 0.66094 0.34687 0.42812
48 0.51719 0.83281 0.17812 0.17188
48 0.38438 0.17812 0.53125 0.35625
