48 0.0125 0.69531 0.025 0.14688
48 0.50313 0.45938 0.14375 0.06875
48 0.60156 0.91875 0.14062 0.1625
48 0.0375 0.66875 0.05625 0.14375
48 0.52031 0.52656 0.12188 0.04063
48 0.35312 0.96094 0.18125 0.07812
48 0.45312 0.36719 0.0625 0.10938
48 0.2 0.84531 0.0875 0.16563
51 0.90938 0.43281 0.18125 0.86562
48 0.29531 0.41875 0.05938 0.09375
48 0.20781 0.30469 0.07187 0.11562
48 0.27656 0.28438 0.09063 0.125
48 0.52812 0.94062 0.08125 0.11875
48 0.00469 0.38906 0.00938 0.13437
48 0.00625 0.52969 0.0125 0.08438
48 0.09688 0.86094 0.1625 0.19688
48 0.16094 0.32188 0.05937 0.1125
48 0.44844 0.25156 0.15313 0.14063
48 0.38438 0.38438 0.075 0.1125
48 0.10156 0.67344 0.10938 0.15938
5 0.68906 0.05938 0.04688 0.03125
48 0.02031 0.38281 0.04062 0.11562
48 0.23594 0.44375 0.10312 0.10625
48 0.34531 0.79688 0.10938 0.18125
48 0.28438 0.61875 0.15625 0.1875
48 0.7 0.90781 0.0875 0.10313
48 0.56719 0.68281 0.27813 0.20937
48 0.51562 0.5 0.13125 0.04375
48 0.23438 0.99531 0.1 0.00938
48 0.17188 0.46406 0.04375 0.08437
48 0.25781 0.80938 0.11562 0.175
48 0.13281 0.475 0.06562 0.09375
5 0.09531 0.09844 0.05938 0.04688
48 0.025 0.50937 0.05 0.1
48 0.32188 0.2625 0.05625 0.1375
48 0.54844 0.56563 0.14687 0.05
48 0.44219 0.76719 0.12812 0.13438
48 0.42031 0.60625 0.13437 0.1375
48 0.07812 0.49062 0.06875 0.10625
48 0.37031 0.24844 0.07812 0.14688
48 0.05156 0.35781 0.06562 0.12188
48 0.12344 0.33281 0.06562 0.10313
48 0.51719 0.34219 0.07187 0.09063
48 0.18281 0.64531 0.10938 0.15313
48 0.46562 0.95 0.1125 0.1
48 0.7625 0.99062 0.09375 0.01875
