48 0.60625 0.5 0.18125 0.125
48 0.93125 0.28438 0.1375 0.29375
5 0.41875 0.63125 0.0375 0.0375
5 0.44688 0.65312 0.0375 0.04375
5 0.48125 0.68125 0.0375 0.0375
5 0.16406 0.46875 0.04688 0.03125
48 0.16875 0.33125 0.3375 0.3125
48 0.75469 0.48906 0.09063 0.06562
58 0.55469 0.79844 0.21562 0.10313
48 0.94062 0.59062 0.11875 0.15
48 0.69687 0.69531 0.2125 0.17188
48 0.8375 0.675 0.25625 0.19375
5 0.35781 0.725 0.04688 0.03125
5 0.30156 0.69219 0.04063 0.02813
5 0.20312 0.625 0.06875 0.04375
5 0.14844 0.59219 0.05312 0.03438
5 0.04688 0.52656 0.05625 0.04063
5 0.10312 0.56406 0.0625 0.04063
48 0.0875 0.04219 0.175 0.08438
48 0.14531 0.05625 0.16562 0.10625
48 0.52969 0.28281 0.14062 0.09687
48 0.56563 0.225 0.1125 0.075
48 0.62969 0.20938 0.17812 0.1
48 0.5125 0.12969 0.15625 0.09062
48 0.33125 0.07344 0.1375 0.12188
48 0.35938 0.00781 0.05625 0.01562
48 0.39844 0.01562 0.07188 0.03125
48 0.5 0.06094 0.11875 0.07187
48 0.56406 0.09375 0.10313 0.05625
48 0.62031 0.12812 0.12188 0.0625
48 0.95 0.01719 0.1 0.03438
48 0.975 0.04219 0.05 0.07812
48 0.90625 0.1 0.11875 0.075
48 0.84531 0.11875 0.10313 0.06875
48 0.93438 0.16406 0.10625 0.07188
48 0.69531 0.00938 0.25937 0.01875
48 0.41406 0.09687 0.12187 0.10625
