48 0.95469 0.60938 0.03438 0.04375
48 0.96094 0.65469 0.06563 0.05312
48 0.97656 0.73594 0.04688 0.12187
48 0.97031 0.85938 0.05937 0.14375
48 0.9875 0.95938 0.025 0.05625
48 0.92031 0.97188 0.15938 0.05625
48 0.77969 0.99375 0.10313 0.0125
48 0.69531 0.95625 0.21562 0.0875
48 0.64219 0.3125 0.07812 0.08125
48 0.64375 0.25469 0.08125 0.07188
48 0.70469 0.28281 0.07812 0.05938
48 0.71875 0.24062 0.0875 0.05
48 0.77812 0.49062 0.08125 0.1125
48 0.74062 0.425 0.08125 0.06875
48 0.8 0.53906 0.0625 0.04062
