48 0.82031 0.0375 0.13437 0.075
48 0.44375 0.06875 0.14375 0.11875
48 0.53281 0.07344 0.10938 0.12813
48 0.04688 0.04062 0.09375 0.08125
48 0.23438 0.01719 0.1 0.03438
48 0.225 0.90781 0.10625 0.12187
48 0.37656 0.98438 0.10312 0.03125
48 0.70312 0.47656 0.11875 0.09062
48 0.21094 0.40781 0.12187 0.13437
48 0.29219 0.94531 0.10938 0.10938
48 0.47812 0.97031 0.2 0.05937
48 0.63437 0.76406 0.2125 0.13438
48 0.47031 0.91406 0.12813 0.10938
48 0.66875 0.99219 0.11875 0.01562
48 0.5875 0.85 0.225 0.14375
48 0.31719 0.43125 0.14688 0.1375
5 0.89844 0.37344 0.02812 0.02188
48 0.85312 0.38594 0.05 0.04063
48 0.97812 0.37031 0.04375 0.10938
5 0.84531 0.31562 0.04688 0.03125
5 0.79062 0.27187 0.04375 0.05625
5 0.86094 0.29531 0.05312 0.03437
5 0.86562 0.275 0.05 0.03125
5 0.87969 0.25781 0.04688 0.03438
5 0.89062 0.23594 0.04375 0.02813
48 0.78594 0.40312 0.14687 0.10625
48 0.77656 0.61406 0.05938 0.06562
48 0.69531 0.61406 0.11563 0.23437
48 0.66406 0.59844 0.10938 0.15313
48 0.61563 0.57188 0.11875 0.175
5 0.47031 0.65312 0.05313 0.04375
48 0.95625 0.83125 0.0875 0.0875
48 0.95781 0.78438 0.08437 0.1375
48 0.97656 0.73125 0.04688 0.10625
48 0.85469 0.64688 0.10938 0.1
48 0.93125 0.68125 0.13125 0.10625
48 0.87812 0.73125 0.18125 0.11875
48 0.85312 0.7875 0.1875 0.125
48 0.7875 0.85938 0.175 0.15
48 0.71719 0.93906 0.14687 0.12187
48 0.9125 0.95781 0.175 0.08437
48 0.15781 0.87188 0.10938 0.14375
48 0.29375 0.60625 0.1 0.0875
48 0.43438 0.67031 0.125 0.06563
48 0.97031 0.18281 0.05937 0.07187
48 0.95 0.25156 0.1 0.08438
48 0.12344 0.10469 0.12188 0.11562
48 0.60938 0.1375 0.21875 0.15
48 0.12188 0.69219 0.24375 0.33438
48 0.37969 0.73438 0.14687 0.14375
48 0.96719 0.46719 0.06563 0.06562
48 0.02656 0.11406 0.05312 0.14062
48 0.78438 0.07812 0.075 0.0625
48 0.28125 0.7 0.1375 0.1375
48 0.94062 0.51094 0.075 0.05938
48 0.49375 0.37344 0.21875 0.19062
48 0.00781 0.27187 0.01562 0.16875
48 0.91719 0.60469 0.09063 0.07812
48 0.00312 0.48438 0.00625 0.125
48 0.08906 0.25156 0.17812 0.22188
48 0.75937 0.14844 0.13125 0.07812
48 0.05938 0.99375 0.11875 0.0125
48 0.3125 0.25938 0.24375 0.225
48 0.93594 0.32969 0.11562 0.10938
48 0.97031 0.63438 0.05937 0.075
48 0.42344 0.50625 0.24062 0.18125
48 0.975 0.54375 0.05 0.08125
48 0.99375 0.41562 0.0125 0.04375
48 0.99844 0.50156 0.00313 0.05312
