6 0.67031 0.57812 0.10938 0.03125
48 0.18125 0.35938 0.3625 0.40625
5 0.79531 0.9125 0.04688 0.025
5 0.72656 0.59844 0.05313 0.02187
5 0.85625 0.57812 0.05625 0.03125
48 0.75625 0.80625 0.4875 0.3875
48 0.37969 0.79219 0.02187 0.04063
5 0.3375 0.20156 0.03125 0.04062
5 0.01406 0.99531 0.02812 0.00938
5 0.96719 0.42344 0.04688 0.03437
5 0.80938 0.56406 0.05 0.02812
5 0.32031 0.03594 0.02812 0.04688
48 0.36719 0.75156 0.02187 0.04063
5 0.2875 0.01094 0.05625 0.02188
5 0.50625 0.02344 0.025 0.04688
5 0.53281 0.4875 0.04688 0.04375
5 0.99375 0.50781 0.0125 0.02812
5 0.02656 0.82812 0.02812 0.05
5 0.34531 0.76406 0.02188 0.04063
5 0.31406 0.80938 0.02813 0.04375
5 0.33125 0.75312 0.025 0.04375
5 0.33906 0.89375 0.03437 0.0625
5 0.36562 0.9 0.025 0.05
5 0.75625 0.47969 0.04375 0.02187
5 0.0125 0.97188 0.025 0.025
48 0.35938 0.84531 0.025 0.04688
5 0.44375 0.13594 0.025 0.04062
48 0.35938 0.79688 0.025 0.05
5 0.40469 0.10938 0.02188 0.0375
5 0.47812 0.275 0.025 0.05
5 0.44062 0.3875 0.025 0.04375
5 0.46406 0.20156 0.02187 0.04062
5 0.01094 0.82812 0.02188 0.05625
48 0.71094 0.36094 0.25937 0.25937
48 0.4875 0.05156 0.01875 0.03438
48 0.33594 0.83906 0.02812 0.04063
48 0.91875 0.11875 0.1625 0.2375
48 0.67969 0.10781 0.24687 0.19062
5 0.39219 0.00312 0.02188 0.00625
48 0.76094 0.025 0.04063 0.04375
5 0.39844 0.05938 0.02812 0.05
5 0.42031 0.45 0.03437 0.04375
5 0.36875 0.94531 0.025 0.04062
5 0.49062 0.38281 0.03125 0.04688
5 0.29063 0.02969 0.05 0.02812
5 0.80469 0.54219 0.03438 0.02187
5 0.00781 0.94844 0.01562 0.02187
5 0.50781 0.07656 0.02188 0.04688
5 0.38125 0.15937 0.025 0.03125
5 0.44062 0.07344 0.025 0.05313
5 0.48438 0.43437 0.03125 0.05
5 0.34062 0.65781 0.025 0.04688
5 0.40938 0.88438 0.025 0.04375
5 0.3625 0.2375 0.025 0.05625
5 0.425 0.77031 0.03125 0.05312
5 0.46875 0.38125 0.025 0.05
5 0.86563 0.53594 0.05625 0.03437
48 0.37813 0.83594 0.01875 0.03438
5 0.01562 0.9875 0.03125 0.025
5 0.48594 0.15781 0.02188 0.04688
5 0.35781 0.69688 0.02813 0.04375
5 0.58125 0.5875 0.05 0.0375
5 0.35 0.98125 0.025 0.0375
51 0.16094 0.77812 0.32188 0.44375
5 0.35625 0.1375 0.025 0.0375
5 0.97812 0.53125 0.04375 0.025
48 0.15 0.09375 0.3 0.1875
5 0.29531 0.97656 0.02813 0.04688
5 0.5875 0.46562 0.04375 0.0375
5 0.93594 0.52031 0.04063 0.02813
5 0.6125 0.52031 0.05625 0.02187
5 0.31719 0.98281 0.02187 0.03438
5 0.37188 0.98125 0.03125 0.0375
5 0.32188 0.00781 0.025 0.01562
5 0.34688 0.01406 0.03125 0.02812
5 0.50781 0.17188 0.02188 0.0375
5 0.69219 0.51406 0.04063 0.02812
5 0.00781 0.90781 0.01562 0.02812
5 0.64375 0.59219 0.04375 0.02187
48 0.475 0.00469 0.03125 0.00938
5 0.44531 0.0125 0.02812 0.025
5 0.38125 0.70469 0.025 0.05312
5 0.75312 0.85469 0.05 0.02813
5 0.38594 0.75469 0.02813 0.04688
5 0.51406 0.43281 0.03437 0.04688
5 0.45469 0.52969 0.05313 0.04688
5 0.04531 0.825 0.03438 0.05
5 0.32031 0.07031 0.02187 0.03437
5 0.50938 0.12344 0.025 0.04062
5 0.52344 0.62969 0.05313 0.02813
5 0.475 0.87969 0.0375 0.05312
5 0.99219 0.59062 0.01562 0.03125
48 0.48594 0.10312 0.02188 0.03125
5 0.39688 0.21562 0.03125 0.05
