48 0.99844 0.07344 0.00313 0.14688
48 0.35781 0.02031 0.22812 0.04062
48 0.55469 0.35156 0.18437 0.21562
48 0.19375 0.30625 0.3 0.25
48 0.11875 0.48906 0.2375 0.22188
48 0.45781 0.52969 0.25938 0.19062
48 0.32969 0.74375 0.18438 0.1625
48 0.14844 0.72656 0.16563 0.13437
48 0.825 0.6 0.2625 0.1875
48 0.97656 0.23906 0.04688 0.17812
48 0.97188 0.15937 0.05625 0.09375
48 0.06406 0.64688 0.12812 0.2125
48 0.25625 0.80313 0.13125 0.1
48 0.41094 0.83438 0.16563 0.15
5 0.68906 0.69219 0.04063 0.03437
5 0.70469 0.725 0.03438 0.03125
48 0.83906 0.71875 0.14687 0.125
