5 0.98281 0.00312 0.03438 0.00625
5 0.975 0.01406 0.05 0.02812
5 0.97188 0.03906 0.05 0.02812
5 0.99688 0.07656 0.00625 0.02812
5 0.96875 0.0625 0.05 0.025
5 0.95938 0.08281 0.05 0.02812
5 0.99375 0.09844 0.0125 0.02812
5 0.99062 0.12031 0.01875 0.02812
5 0.95156 0.10469 0.04688 0.02812
5 0.9875 0.14531 0.025 0.02812
5 0.95 0.12969 0.05 0.02812
5 0.98594 0.16719 0.02812 0.02812
5 0.94688 0.15625 0.05 0.025
5 0.98125 0.19375 0.0375 0.03125
5 0.93906 0.17812 0.04688 0.025
5 0.98281 0.21562 0.03438 0.025
5 0.93594 0.20312 0.05312 0.03125
5 0.97812 0.2375 0.04375 0.025
5 0.92969 0.22813 0.04688 0.025
5 0.975 0.2625 0.05 0.03125
5 0.92188 0.25 0.05 0.025
5 0.93438 0.27812 0.05625 0.03125
5 0.80312 0.23906 0.05 0.02812
5 0.81094 0.22031 0.05312 0.02813
5 0.81406 0.19688 0.05312 0.03125
5 0.81562 0.17031 0.04375 0.02813
5 0.82188 0.14687 0.04375 0.025
5 0.8625 0.17969 0.03125 0.05938
5 0.88438 0.1125 0.03125 0.05
5 0.83594 0.12812 0.05313 0.03125
5 0.84375 0.10469 0.05625 0.02812
7 0.84844 0.08281 0.05938 0.02812
5 0.85625 0.05781 0.05625 0.02812
5 0.85938 0.03594 0.0625 0.02813
5 0.87344 0.01562 0.05937 0.03125
5 0.76094 0.01406 0.05312 0.02812
5 0.75469 0.03438 0.04688 0.025
5 0.74531 0.05781 0.05312 0.02812
5 0.78125 0.06406 0.025 0.04687
5 0.73906 0.07969 0.05312 0.02812
5 0.73438 0.10312 0.05625 0.03125
5 0.77344 0.11406 0.02812 0.04688
5 0.72812 0.12812 0.05 0.025
5 0.75625 0.17656 0.03125 0.05313
5 0.71562 0.17031 0.05 0.02813
5 0.71094 0.19219 0.04688 0.02812
5 0.62813 0.24062 0.04375 0.025
5 0.69062 0.27969 0.05625 0.02813
5 0.99375 0.74688 0.0125 0.03125
5 0.96875 0.70469 0.05625 0.02812
5 0.15781 0.0125 0.05938 0.025
5 0.23281 0.02344 0.02813 0.04688
5 0.2625 0.0125 0.03125 0.025
5 0.25 0.04844 0.03125 0.05312
5 0.2875 0.0125 0.025 0.025
5 0.27656 0.05 0.02813 0.05625
5 0.3125 0.01406 0.03125 0.02812
5 0.30312 0.05625 0.03125 0.05
5 0.33906 0.01562 0.02813 0.03125
5 0.32812 0.05938 0.025 0.05
5 0.36562 0.01719 0.03125 0.03438
5 0.35156 0.05938 0.02812 0.05
5 0.37344 0.06875 0.03437 0.05625
5 0.41406 0.02188 0.02812 0.04375
5 0.4 0.06875 0.03125 0.05
5 0.44219 0.02656 0.03437 0.05312
5 0.425 0.07187 0.03125 0.05
5 0.58594 0.01562 0.05313 0.03125
5 0.46406 0.03594 0.02813 0.04688
5 0.44375 0.08438 0.03125 0.05
5 0.48438 0.03906 0.03125 0.04688
5 0.51406 0.04062 0.02812 0.05
5 0.53594 0.04375 0.02813 0.05
5 0.56094 0.04688 0.02812 0.04375
5 0.58906 0.05469 0.02813 0.04688
5 0.46875 0.09375 0.03125 0.05
5 0.49375 0.09531 0.03125 0.05312
7 0.51562 0.10625 0.03125 0.05625
5 0.54219 0.10938 0.02813 0.05
5 0.57031 0.10781 0.03438 0.05312
5 0.12656 0.11562 0.05938 0.03125
5 0.12031 0.13594 0.05938 0.02812
5 0.11406 0.16094 0.05937 0.02812
5 0.10781 0.1875 0.06562 0.03125
5 0.10469 0.21719 0.06563 0.03437
5 0.09062 0.24062 0.05625 0.03125
5 0.08594 0.26562 0.05938 0.0375
5 0.07187 0.2875 0.05625 0.0375
5 0.06562 0.3125 0.05625 0.03125
5 0.05312 0.33438 0.05 0.03125
5 0.04688 0.35938 0.05625 0.03125
5 0.04219 0.38906 0.05938 0.04062
5 0.0375 0.41406 0.05625 0.03438
5 0.01562 0.4625 0.03125 0.05
5 0.01562 0.52344 0.03125 0.04688
5 0.07031 0.53438 0.04062 0.0625
5 0.23281 0.13594 0.05313 0.02812
5 0.22344 0.15781 0.05313 0.02813
5 0.28594 0.14688 0.05312 0.03125
5 0.28125 0.17031 0.05625 0.02813
5 0.21875 0.18125 0.05 0.025
5 0.27656 0.19688 0.06563 0.0375
5 0.22031 0.21094 0.05313 0.02813
5 0.27969 0.22188 0.05938 0.03125
5 0.21406 0.23906 0.05313 0.02812
5 0.26562 0.24688 0.05625 0.03125
5 0.20312 0.25938 0.05 0.025
5 0.25781 0.27187 0.05937 0.03125
5 0.19375 0.28438 0.05 0.03125
5 0.24375 0.29219 0.05 0.02813
5 0.18438 0.30469 0.05 0.02812
5 0.2375 0.31562 0.05625 0.03125
5 0.17812 0.32969 0.05 0.03437
5 0.22969 0.34062 0.05312 0.03125
5 0.17031 0.35312 0.05313 0.03125
5 0.225 0.36719 0.0625 0.03438
5 0.16406 0.37344 0.05312 0.02813
5 0.15625 0.4 0.05 0.03125
5 0.13906 0.42031 0.05938 0.02813
5 0.125 0.44219 0.05625 0.02813
5 0.21875 0.39375 0.05625 0.03125
5 0.21406 0.41562 0.05937 0.03125
5 0.2375 0.48438 0.05 0.025
5 0.22969 0.50625 0.05938 0.03125
5 0.40312 0.14375 0.05 0.025
5 0.50313 0.16094 0.05625 0.02812
5 0.52656 0.19844 0.02813 0.04062
5 0.39688 0.16563 0.05 0.025
5 0.43438 0.18594 0.025 0.05313
5 0.45938 0.19844 0.025 0.05313
5 0.48125 0.20312 0.03125 0.05
5 0.50156 0.20938 0.02813 0.05
5 0.38906 0.18906 0.05313 0.03437
5 0.38438 0.2125 0.05625 0.03125
5 0.37969 0.2375 0.05312 0.03125
5 0.32969 0.25469 0.03437 0.05313
5 0.37656 0.2625 0.05313 0.03125
5 0.36406 0.28438 0.05312 0.03125
5 0.3625 0.31094 0.05625 0.02813
5 0.30312 0.34375 0.03125 0.05
5 0.35469 0.33906 0.05312 0.02813
5 0.35156 0.3625 0.05937 0.03125
5 0.34375 0.3875 0.05625 0.0375
5 0.33125 0.40938 0.05625 0.03125
5 0.38281 0.4125 0.04063 0.05625
5 0.32344 0.43125 0.04688 0.03125
5 0.31875 0.45156 0.05625 0.02813
5 0.36094 0.48594 0.05313 0.03438
7 0.44844 0.52031 0.05312 0.02813
5 0.44062 0.54375 0.05625 0.03125
5 0.31094 0.55781 0.02813 0.05938
5 0.3375 0.55625 0.03125 0.05625
5 0.3625 0.55937 0.03125 0.05625
5 0.38906 0.57188 0.04062 0.0625
5 0.60469 0.30781 0.02813 0.05312
5 0.63594 0.29063 0.02813 0.05
5 0.68438 0.30625 0.0625 0.03125
5 0.68125 0.32969 0.05625 0.02813
5 0.67031 0.35 0.05937 0.03125
5 0.61563 0.36719 0.0375 0.05937
5 0.6625 0.375 0.05625 0.03125
5 0.65938 0.39844 0.05 0.02812
5 0.65156 0.42031 0.04688 0.02813
5 0.59531 0.43906 0.03438 0.05313
5 0.64844 0.44062 0.05313 0.03125
5 0.64219 0.46406 0.05937 0.02813
5 0.63281 0.4875 0.05937 0.03125
5 0.625 0.52188 0.05625 0.03125
5 0.60938 0.56719 0.05625 0.03437
5 0.49687 0.67969 0.03125 0.05313
5 0.52812 0.68594 0.025 0.04688
4 0.84531 0.52344 0.05312 0.02812
5 0.81094 0.49375 0.05937 0.03125
9 0.83281 0.46406 0.14062 0.05938
48 0.85938 0.7625 0.2625 0.11875
5 0.8875 0.99531 0.05625 0.00938
5 0.95469 0.97344 0.05312 0.02813
5 0.89844 0.95938 0.05313 0.03125
5 0.97031 0.93125 0.05937 0.03125
5 0.97344 0.90625 0.05312 0.03125
5 0.91875 0.8875 0.05625 0.03125
7 0.80625 0.81562 0.0625 0.03125
5 0.79531 0.8375 0.04688 0.025
5 0.83594 0.85938 0.02812 0.05
5 0.79062 0.85938 0.05625 0.025
5 0.78281 0.88281 0.05312 0.02812
5 0.77969 0.90469 0.05312 0.02812
5 0.76562 0.95312 0.05625 0.03125
5 0.75781 0.97656 0.05313 0.02812
5 0.75625 0.99219 0.05625 0.01562
5 0.05 0.68594 0.03125 0.04688
5 0.1 0.70469 0.03125 0.04688
5 0.12969 0.7125 0.02812 0.04375
5 0.15156 0.72344 0.02812 0.04688
5 0.17812 0.72656 0.025 0.04688
5 0.20312 0.73438 0.025 0.05
5 0.22344 0.74219 0.02812 0.05313
5 0.25 0.75312 0.03125 0.05
5 0.27344 0.76094 0.02812 0.05312
5 0.29531 0.7625 0.02813 0.05
5 0.32031 0.77969 0.02812 0.04688
5 0.01875 0.81562 0.03125 0.05
5 0.04375 0.82031 0.03125 0.04688
5 0.06719 0.825 0.02813 0.05
5 0.09531 0.82969 0.02812 0.04688
5 0.11719 0.83906 0.02813 0.04688
5 0.14844 0.84375 0.02813 0.04375
5 0.17188 0.85156 0.03125 0.05313
5 0.19844 0.85469 0.02812 0.04688
5 0.22031 0.86719 0.03437 0.05313
53 0.42969 0.01562 0.62187 0.03125
53 0.31719 0.33594 0.63438 0.62187
53 0.86094 0.04219 0.27812 0.08438
53 0.83438 0.17969 0.33125 0.35938
53 0.17188 0.78438 0.34375 0.3
53 0.98125 0.71094 0.0375 0.55313
53 0.79531 0.89219 0.40938 0.21562
53 0.575 0.97812 0.2 0.04375
