48 0.33281 0.39844 0.14687 0.10313
48 0.49687 0.49062 0.0625 0.06875
48 0.27969 0.54062 0.07812 0.09375
48 0.34531 0.57812 0.15937 0.15625
48 0.29219 0.68594 0.15313 0.09688
48 0.62813 0.09375 0.18125 0.13125
48 0.90781 0.4125 0.18437 0.13125
48 0.93906 0.12344 0.12187 0.13438
48 0.92344 0.0375 0.15312 0.075
5 0.10625 0.34375 0.04375 0.025
48 0.03594 0.95781 0.07187 0.08437
5 0.40938 0.77812 0.05625 0.04375
5 0.86094 0.12969 0.05937 0.03438
48 0.04219 0.84375 0.08438 0.1
48 0.99844 0.97031 0.00313 0.05937
48 0.84844 0.94219 0.20937 0.11562
48 0.65312 0.91562 0.0375 0.08125
48 0.84219 0.81562 0.20312 0.14375
48 0.5625 0.79219 0.15625 0.12812
48 0.30625 0.87188 0.2125 0.15
48 0.05469 0.71406 0.10938 0.10938
48 0.0875 0.17344 0.175 0.12812
48 0.08906 0.29219 0.14062 0.08437
48 0.07187 0.43438 0.1375 0.1
48 0.37656 0.26719 0.20312 0.14063
48 0.27031 0.31875 0.07812 0.0375
