6 0.02969 0.57188 0.05938 0.05
5 0.11875 0.37188 0.0875 0.0375
5 0.01875 0.23438 0.0375 0.03125
5 0.0125 0.275 0.025 0.04375
5 0.07969 0.31094 0.07812 0.02813
5 0.16875 0.32031 0.0875 0.02812
5 0.26875 0.34062 0.08125 0.03125
5 0.39062 0.35938 0.0625 0.025
5 0.47812 0.37656 0.075 0.03437
5 0.33594 0.4375 0.07188 0.03125
6 0.24062 0.55625 0.1 0.0375
5 0.47969 0.56406 0.07813 0.02812
5 0.36719 0.5875 0.05937 0.01875
6 0.53281 0.6125 0.12813 0.04375
5 0.40938 0.63594 0.0625 0.04063
5 0.52656 0.65156 0.05312 0.04063
5 0.62969 0.66719 0.05938 0.04688
5 0.69219 0.68125 0.05312 0.04375
5 0.75312 0.69062 0.05625 0.04375
5 0.81406 0.69688 0.05937 0.05
5 0.86094 0.70469 0.04688 0.04688
5 0.925 0.71562 0.0625 0.04375
5 0.59531 0.39375 0.07812 0.03125
5 0.675 0.40469 0.075 0.02813
5 0.75938 0.41875 0.075 0.03125
5 0.85156 0.43594 0.06563 0.02188
5 0.96562 0.45781 0.06875 0.03437
48 0.81406 0.75 0.37187 0.125
48 0.49688 0.85312 0.99375 0.29375
48 0.95938 0.20312 0.08125 0.40625
48 0.56406 0.23281 0.87188 0.46562
