5 0.53281 0.77344 0.04688 0.04688
5 0.33281 0.36719 0.06562 0.04063
5 0.27656 0.32031 0.04688 0.05312
5 0.29063 0.29063 0.0375 0.05
5 0.21406 0.21719 0.03438 0.02813
5 0.19688 0.18906 0.05 0.02813
5 0.17969 0.16875 0.04063 0.03125
5 0.16563 0.14219 0.0375 0.02813
48 0.40938 0.98438 0.1875 0.03125
48 0.575 0.94688 0.31875 0.10625
48 0.05312 0.96562 0.10625 0.06875
50 0.15937 0.94531 0.19375 0.10938
48 0.23906 0.87656 0.19062 0.14062
48 0.41875 0.84219 0.275 0.16563
5 0.0625 0.6 0.04375 0.03125
48 0.04531 0.59062 0.09062 0.14375
48 0.18125 0.48594 0.24375 0.20312
5 0.30312 0.48438 0.04375 0.05
48 0.02031 0.38438 0.04062 0.19375
48 0.08125 0.33281 0.1625 0.16563
48 0.16719 0.05469 0.15938 0.10938
48 0.28906 0.025 0.14687 0.05
48 0.9375 0.05 0.125 0.1
48 0.68281 0.05625 0.19688 0.1125
48 0.50625 0.17031 0.175 0.07812
48 0.30312 0.15937 0.20625 0.15625
48 0.3875 0.29688 0.175 0.18125
48 0.57656 0.23125 0.20938 0.15
48 0.67344 0.15156 0.13438 0.10312
48 0.80781 0.10469 0.17188 0.15938
48 0.47812 0.0875 0.16875 0.1625
48 0.9125 0.26719 0.175 0.17812
48 0.98125 0.18281 0.0375 0.16562
48 0.81562 0.325 0.21875 0.1375
48 0.78281 0.39375 0.17188 0.13125
48 0.68906 0.42656 0.15312 0.17812
48 0.59375 0.47656 0.1875 0.16562
48 0.44062 0.52031 0.11875 0.10937
50 0.52344 0.57812 0.14688 0.11875
5 0.49531 0.7125 0.03437 0.0375
5 0.56875 0.76875 0.03125 0.0375
48 0.60781 0.68906 0.15312 0.14687
48 0.71562 0.64688 0.15 0.15
48 0.80312 0.61094 0.14375 0.17188
48 0.9625 0.48594 0.075 0.15938
48 0.90938 0.57031 0.15625 0.15938
48 0.99219 0.65469 0.01562 0.18437
48 0.91094 0.74063 0.14687 0.13125
48 0.95312 0.875 0.09375 0.1375
48 0.99375 0.00625 0.0125 0.0125
48 0.84688 0.93906 0.2125 0.12187
48 0.29375 0.675 0.25625 0.19375
48 0.11719 0.77344 0.21562 0.19063
48 0.04219 0.84531 0.08438 0.18437
5 0.05469 0.49844 0.04062 0.02188
48 0.72656 0.84375 0.24687 0.21875
