48 0.81719 0.02969 0.17812 0.05938
48 0.41094 0.04531 0.68438 0.09062
48 0.19844 0.12969 0.39688 0.10312
48 0.1 0.19844 0.2 0.24062
48 0.1125 0.4625 0.225 0.33125
48 0.37656 0.52031 0.44063 0.14687
48 0.42031 0.30938 0.25938 0.0875
48 0.41875 0.38125 0.2625 0.0625
48 0.50937 0.23438 0.1 0.06875
48 0.07969 0.69062 0.13438 0.05
48 0.17031 0.69531 0.07812 0.05937
48 0.12031 0.76719 0.19062 0.06563
48 0.12031 0.87969 0.20312 0.14687
9 0.31719 0.94375 0.05312 0.1125
9 0.55 0.88594 0.1 0.14062
48 0.42969 0.92344 0.18437 0.08437
48 0.40312 0.97656 0.125 0.04688
55 0.79375 0.67812 0.35 0.29375
48 0.82656 0.4375 0.05312 0.04375
55 0.82656 0.92188 0.30937 0.15
