48 0.46719 0.94062 0.14688 0.11875
5 0.00938 0.55 0.01875 0.04375
5 0.75156 0.20781 0.06563 0.04062
48 0.80313 0.94844 0.1 0.10313
48 0.49219 0.65625 0.21562 0.1
48 0.81719 0.39219 0.24688 0.17813
5 0.46562 0.5 0.025 0.04375
48 0.91094 0.61562 0.17812 0.15625
48 0.14219 0.82344 0.07812 0.05938
48 0.15 0.96562 0.1375 0.06875
48 0.6875 0.96719 0.125 0.06563
48 0.98438 0.31875 0.03125 0.25625
5 0.68125 0.225 0.05 0.03125
48 0.7 0.62031 0.15 0.13438
48 0.00781 0.85625 0.01562 0.10625
48 0.17969 0.4 0.22188 0.1625
5 0.51406 0.50156 0.04063 0.04688
48 0.075 0.05156 0.14375 0.09688
48 0.35156 0.17344 0.24688 0.20938
