5 0.47344 0.30625 0.03437 0.05625
5 0.47812 0.35625 0.0375 0.04375
48 0.21719 0.53906 0.43438 0.38438
5 0.42812 0.14844 0.0375 0.05312
48 0.77969 0.61719 0.44063 0.46562
48 0.77031 0.4125 0.45938 0.5
5 0.38125 0.15469 0.0375 0.05938
5 0.80781 0.8 0.06562 0.0375
48 0.9375 0.69844 0.125 0.51562
48 0.30625 0.69531 0.6125 0.60938
48 0.04375 0.46406 0.0875 0.92812
48 0.275 0.82969 0.55 0.34062
5 0.59688 0.13906 0.03125 0.04688
5 0.57187 0.14062 0.025 0.04375
5 0.27031 0.23594 0.02813 0.04688
5 0.24375 0.24062 0.03125 0.04375
5 0.5375 0.30312 0.025 0.0375
5 0.51406 0.36094 0.02812 0.03437
5 0.38594 0.24062 0.03437 0.04375
5 0.15156 0.16719 0.02812 0.03438
5 0.51406 0.15313 0.02812 0.03125
5 0.99062 0.14531 0.01875 0.02188
5 0.35156 0.24531 0.02187 0.03438
5 0.46406 0.22969 0.02187 0.02812
5 0.00469 0.17812 0.00938 0.03125
5 0.73281 0.1625 0.02812 0.03125
5 0.675 0.14531 0.025 0.03438
5 0.86094 0.15781 0.02187 0.03437
5 0.55469 0.34531 0.02188 0.02813
5 0.43125 0.23594 0.03125 0.02813
5 0.33594 0.31719 0.02187 0.03437
5 0.54375 0.14531 0.025 0.03438
5 0.31406 0.37969 0.03437 0.03437
5 0.57187 0.3 0.025 0.0375
5 0.65156 0.14062 0.01562 0.025
5 0.08594 0.18125 0.03437 0.0375
5 0.32031 0.24219 0.02812 0.04063
5 0.30781 0.15781 0.02813 0.03437
5 0.62656 0.13906 0.02187 0.03438
5 0.59531 0.28906 0.02187 0.03438
5 0.62656 0.33125 0.02812 0.03125
5 0.34531 0.37812 0.02813 0.025
5 0.50781 0.30625 0.02812 0.0375
5 0.66094 0.27656 0.02187 0.03437
5 0.97031 0.12656 0.03438 0.02812
5 0.41719 0.3125 0.02813 0.03125
5 0.4875 0.15781 0.03125 0.03437
5 0.62813 0.28281 0.01875 0.03437
5 0.65312 0.32188 0.03125 0.03125
5 0.22812 0.31562 0.03125 0.03125
5 0.8625 0.91094 0.06875 0.02813
5 0.38438 0.31563 0.0375 0.04375
5 0.44688 0.3125 0.025 0.03125
5 0.275 0.15937 0.025 0.0375
5 0.17969 0.1625 0.02187 0.0375
5 0.35938 0.15625 0.03125 0.0375
5 0.70625 0.89688 0.04375 0.03125
5 0.59219 0.34375 0.03438 0.0375
5 0.04062 0.35312 0.0375 0.025
5 0.38906 0.37812 0.03437 0.03125
