5 0.06562 0.09531 0.0375 0.03438
48 0.97969 0.83906 0.04063 0.04063
48 0.96406 0.57812 0.07188 0.04375
48 0.46562 0.325 0.1 0.08125
48 0.62344 0.37031 0.08437 0.06562
48 0.69844 0.02344 0.08437 0.04688
48 0.94688 0.95781 0.09375 0.03437
48 0.97656 0.55 0.04688 0.05
48 0.05312 0.76875 0.10625 0.1375
48 0.23594 0.42656 0.17812 0.14687
48 0.37344 0.2625 0.05313 0.05
48 0.5125 0.42188 0.09375 0.0875
48 0.125 0.62656 0.125 0.12187
48 0.37656 0.10781 0.12188 0.16562
48 0.0625 0.31563 0.125 0.16875
48 0.5 0.21875 0.10625 0.0875
48 0.99375 0.04688 0.0125 0.09375
48 0.89844 0.50313 0.12187 0.05
48 0.44062 0.60625 0.1625 0.15625
48 0.47344 0.49375 0.09063 0.08125
48 0.27969 0.50313 0.13438 0.11875
48 0.64375 0.00312 0.1 0.00625
48 0.00469 0.03594 0.00938 0.07187
48 0.82969 0.62969 0.09062 0.05312
48 0.85938 0.56406 0.08125 0.04063
48 0.97812 0.15781 0.04375 0.06562
48 0.87031 0.76406 0.07812 0.04688
48 0.36875 0.55625 0.09375 0.075
48 0.38906 0.84531 0.09687 0.09062
48 0.425 0.27969 0.1 0.08438
48 0.69531 0.52969 0.13437 0.12812
48 0.51562 0.23594 0.10625 0.08438
48 0.78438 0.94062 0.08125 0.0375
48 0.98906 0.5125 0.02187 0.0625
48 0.60156 0.74531 0.14688 0.14062
48 0.42031 0.52188 0.07812 0.06875
48 0.44844 0.1875 0.10313 0.1
48 0.98594 0.98906 0.02812 0.02187
48 0.90625 0.69687 0.0875 0.0375
48 0.00312 0.42188 0.00625 0.15
48 0.64531 0.64375 0.14687 0.1375
48 0.95 0.10469 0.1 0.08438
48 0.80156 0.90938 0.09063 0.03125
48 0.81562 0.87969 0.075 0.04688
48 0.27031 0.95781 0.17812 0.08437
48 0.51875 0.67656 0.2 0.17188
48 0.72188 0.13594 0.0875 0.04687
48 0.99688 0.19688 0.00625 0.0625
48 0.47344 0.90938 0.13438 0.125
48 0.975 0.87031 0.05 0.04688
48 0.99219 0.80156 0.01562 0.04063
48 0.6875 0.91406 0.1125 0.04688
48 0.75312 0.99062 0.0875 0.01875
48 0.30937 0.32188 0.075 0.05625
48 0.12656 0.84062 0.14688 0.11875
48 0.02812 0.71562 0.05625 0.1625
48 0.08594 0.59844 0.11562 0.10938
48 0.14531 0.87812 0.12187 0.1125
48 0.65156 0.97031 0.11562 0.05937
48 0.72031 0.85156 0.11562 0.08438
48 0.0875 0.26875 0.125 0.15
48 0.34531 0.29219 0.07187 0.06562
48 0.56094 0.47344 0.10938 0.10313
48 0.68281 0.59531 0.10938 0.11562
48 0.81875 0.66406 0.10625 0.06563
48 0.33906 0.79219 0.10938 0.12188
48 0.20156 0.22656 0.16562 0.19062
48 0.80625 0.03125 0.15625 0.0625
48 0.97031 0.89531 0.05937 0.04688
48 0.93906 0.63594 0.10313 0.04688
48 0.77656 0.76094 0.10313 0.05312
48 0.18438 0.89844 0.15625 0.12813
48 0.15469 0.64219 0.14062 0.12813
48 0.38594 0.36875 0.11562 0.10625
48 0.98906 0.22656 0.02187 0.35938
48 0.55937 0.27031 0.13125 0.12187
48 0.92344 0.66875 0.10938 0.05
48 0.875 0.53594 0.09375 0.05312
48 0.53125 0.54062 0.1 0.075
48 0.625 0.05625 0.08125 0.075
48 0.95781 0.92969 0.08437 0.05313
48 0.75781 0.79062 0.09688 0.04375
48 0.02344 0.47344 0.04688 0.14062
48 0.05781 0.56875 0.11562 0.13125
48 0.74375 0.38125 0.09375 0.0875
48 0.68438 0.09688 0.1 0.1
48 0.92969 0.32812 0.09062 0.0875
48 0.05781 0.00156 0.11562 0.00312
48 0.99219 0.975 0.01562 0.05
48 0.90469 0.99844 0.07812 0.00313
48 0.22656 0.94062 0.15312 0.10625
48 0.27344 0.7375 0.12187 0.11875
48 0.42344 0.875 0.09687 0.08125
48 0.19375 0.375 0.15625 0.1375
48 0.26562 0.21406 0.1375 0.15938
48 0.56563 0.02188 0.1125 0.04375
48 0.875 0.27344 0.09375 0.10313
48 0.07656 0.81875 0.15313 0.15
48 0.18125 0.67813 0.13125 0.13125
48 0.30156 0.76875 0.10938 0.1125
48 0.275 0.16094 0.175 0.20938
48 0.02969 0.01094 0.05938 0.02188
48 0.84219 0.83281 0.09688 0.05938
48 0.95781 0.60469 0.07812 0.04063
48 0.58906 0.58594 0.08437 0.07812
48 0.15 0.24531 0.14375 0.14062
48 0.86719 0.79062 0.08438 0.04375
48 0.9125 0.47656 0.10625 0.05937
48 0.04062 0.51094 0.08125 0.13438
48 0.76562 0.975 0.09375 0.04375
48 0.79062 0.71719 0.1125 0.07812
48 0.31406 0.58438 0.09687 0.075
48 0.61563 0.42812 0.0875 0.075
48 0.75781 0.08281 0.07187 0.05938
48 0.91875 0.98125 0.08125 0.0375
48 0.83906 0.59219 0.10313 0.04063
48 0.67969 0.33594 0.09062 0.09688
48 0.89531 0.72969 0.08437 0.04688
48 0.33906 0.97656 0.17188 0.04688
48 0.78125 0.46406 0.125 0.12188
48 0.45469 0.06719 0.13437 0.13438
48 0.01875 0.02344 0.0375 0.04688
48 0.66562 0.42031 0.1 0.09687
48 0.93438 0.02344 0.13125 0.04688
48 0.77812 0.17812 0.125 0.1125
