56 0.21875 0.00938 0.15 0.01875
56 0.32344 0.03594 0.27812 0.07187
56 0.35312 0.10625 0.35 0.13125
56 0.28281 0.19531 0.13437 0.06562
56 0.41875 0.3 0.36875 0.16875
56 0.33438 0.41406 0.125 0.06563
56 0.475 0.44688 0.30625 0.10625
56 0.43594 0.53906 0.20312 0.11563
56 0.48125 0.63281 0.24375 0.14062
56 0.57344 0.73594 0.33438 0.14062
55 0.2 0.67969 0.4 0.21562
55 0.16406 0.47812 0.32812 0.2125
55 0.125 0.27812 0.25 0.2
55 0.09688 0.0875 0.19375 0.175
56 0.51562 0.82656 0.18125 0.06563
56 0.61563 0.86719 0.3375 0.09688
56 0.51562 0.94531 0.1375 0.07187
56 0.67656 0.98594 0.34687 0.02812
56 0.98906 0.95312 0.02187 0.09375
56 0.93906 0.87344 0.12187 0.13438
56 0.91719 0.76562 0.16563 0.1375
56 0.92812 0.68438 0.14375 0.0875
56 0.89531 0.63438 0.20937 0.09375
56 0.88438 0.55937 0.23125 0.14375
56 0.91562 0.44375 0.16875 0.1125
56 0.84531 0.34062 0.30937 0.15
56 0.90781 0.22344 0.14062 0.10313
56 0.85312 0.09688 0.2 0.175
56 0.68438 0.04844 0.15 0.09688
55 0.09844 0.94062 0.19688 0.11875
55 0.24688 0.90469 0.4625 0.19063
55 0.03125 0.65156 0.0625 0.39063
