48 0.10938 0.78125 0.11875 0.13125
48 0.15156 0.85156 0.13438 0.14688
48 0.02188 0.91406 0.04375 0.12813
48 0.02188 0.95312 0.04375 0.09375
48 0.04219 0.9625 0.08438 0.075
48 0.25312 0.89375 0.06875 0.06875
48 0.2 0.95469 0.1 0.09062
48 0.16562 0.91875 0.09375 0.1125
48 0.07031 0.98281 0.09687 0.03438
48 0.275 0.97188 0.10625 0.05625
48 0.30937 0.98281 0.10625 0.03438
48 0.34062 0.9875 0.1125 0.025
48 0.03594 0.99531 0.07187 0.00938
48 0.14219 0.98594 0.15937 0.02812
48 0.02656 0.73594 0.05312 0.08437
