48 0.23125 0.11406 0.2375 0.22812
48 0.11875 0.2125 0.10625 0.1875
5 0.35156 0.00469 0.04063 0.00938
48 0.64844 0.10938 0.15312 0.13125
48 0.52188 0.10938 0.1 0.075
48 0.55 0.18281 0.13125 0.12188
48 0.67813 0.18906 0.13125 0.09063
48 0.36406 0.25938 0.10938 0.10625
48 0.69375 0.27656 0.15 0.13438
48 0.56719 0.28125 0.12188 0.10625
48 0.24375 0.28281 0.13125 0.12812
48 0.37187 0.62656 0.28125 0.18437
48 0.69219 0.6 0.25312 0.125
48 0.70781 0.50469 0.18438 0.07812
48 0.38281 0.75156 0.26562 0.14687
48 0.66094 0.70312 0.14687 0.13125
48 0.7875 0.67969 0.10625 0.10938
48 0.40312 0.85312 0.2625 0.13125
48 0.8 0.75625 0.1125 0.05625
48 0.67188 0.77812 0.15625 0.075
48 0.68594 0.82812 0.15312 0.075
48 0.8125 0.80312 0.10625 0.075
48 0.82969 0.87656 0.14687 0.09062
48 0.4125 0.94844 0.225 0.10313
48 0.7625 0.9625 0.2625 0.075
5 0.48906 0.29063 0.03437 0.05
8 0.46094 0.12031 0.02812 0.05313
8 0.48281 0.23438 0.02813 0.05
7 0.38594 0.43438 0.05312 0.0375
5 0.39375 0.38594 0.025 0.04063
5 0.75469 0.47969 0.04688 0.02813
5 0.72812 0.89375 0.04375 0.03125
48 0.1 0.97031 0.06875 0.05937
