48 0.50469 0.97969 0.24688 0.04063
48 0.61094 0.9375 0.13438 0.11875
48 0.16875 0.99219 0.2625 0.01562
48 0.07812 0.85938 0.15625 0.23125
48 0.11875 0.91875 0.2375 0.1625
48 0.42969 0.90781 0.22812 0.17188
48 0.375 0.81719 0.20625 0.15937
48 0.27031 0.93594 0.19688 0.11562
48 0.25312 0.67344 0.29375 0.18437
48 0.23594 0.80469 0.13437 0.13437
48 0.34531 0.57656 0.15313 0.11562
48 0.1375 0.525 0.23125 0.1625
48 0.01719 0.72188 0.03438 0.15625
48 0.00781 0.62344 0.01562 0.17188
48 0.04688 0.23125 0.09375 0.175
48 0.08906 0.40312 0.17812 0.18125
5 0.12812 0.16094 0.03125 0.04062
5 0.20625 0.10156 0.04375 0.03437
5 0.19531 0.08125 0.04688 0.03125
5 0.175 0.05781 0.04375 0.03437
5 0.15313 0.04219 0.04375 0.02812
5 0.14219 0.02969 0.03437 0.02812
5 0.34844 0.48125 0.03437 0.0375
5 0.39062 0.2625 0.05 0.025
5 0.39531 0.28125 0.04063 0.01875
5 0.40781 0.29219 0.05313 0.02813
5 0.41406 0.30625 0.04063 0.01875
5 0.44063 0.3375 0.04375 0.03125
5 0.45312 0.36094 0.05 0.04062
5 0.47344 0.38594 0.05312 0.04063
5 0.49219 0.27031 0.05313 0.02813
5 0.54688 0.36719 0.05625 0.02812
5 0.55156 0.38438 0.05938 0.025
4 0.3 0.4 0.0625 0.0625
48 0.98906 0.725 0.02187 0.15625
48 0.87188 0.83594 0.25625 0.32812
48 0.7 0.34688 0.40625 0.2625
48 0.87656 0.35156 0.13438 0.13438
48 0.72969 0.21719 0.35938 0.20312
48 0.23594 0.04375 0.35312 0.0875
48 0.24688 0.15937 0.0875 0.075
48 0.63594 0.0875 0.54688 0.175
48 0.49531 0.18906 0.13438 0.09063
