48 0.26094 0.01406 0.35938 0.02812
48 0.07031 0.06094 0.14062 0.12188
48 0.01875 0.925 0.0375 0.15
6 0.43438 0.98594 0.0625 0.02812
48 0.17656 0.91875 0.35312 0.1625
5 0.26875 0.85781 0.04375 0.02187
5 0.14375 0.77188 0.025 0.0375
48 0.29219 0.67188 0.33438 0.24375
48 0.125 0.60469 0.25 0.27187
5 0.05312 0.48594 0.05 0.02813
5 0.15937 0.44688 0.04375 0.01875
5 0.07969 0.38125 0.04687 0.025
5 0.22031 0.42812 0.04688 0.025
5 0.19219 0.34375 0.05937 0.03125
48 0.41406 0.47812 0.33438 0.24375
5 0.28125 0.4125 0.04375 0.025
5 0.3375 0.39688 0.0375 0.025
48 0.03281 0.27187 0.06562 0.21875
5 0.01875 0.39531 0.0375 0.02187
5 0.38438 0.27656 0.05 0.03437
5 0.49375 0.24062 0.05 0.025
5 0.54531 0.31406 0.04688 0.03437
48 0.24062 0.20312 0.45 0.275
5 0.79531 0.06719 0.04688 0.03438
5 0.78906 0.15 0.03438 0.0375
5 0.825 0.15313 0.03125 0.03125
5 0.875 0.12656 0.0375 0.03437
5 0.88594 0.17812 0.04688 0.025
48 0.9125 0.20937 0.175 0.3125
48 0.87188 0.41719 0.25625 0.26563
5 0.60312 0.45 0.0375 0.05625
5 0.57656 0.50156 0.04063 0.04688
48 0.82031 0.5875 0.35938 0.25
48 0.74063 0.775 0.35 0.24375
5 0.57031 0.80781 0.04688 0.02187
5 0.53125 0.82031 0.03125 0.03438
6 0.64844 0.91875 0.07812 0.04375
5 0.35938 0.99688 0.0375 0.00625
48 0.62969 0.98125 0.35937 0.0375
48 0.9625 0.83281 0.075 0.30938
