11 0.3 0.65312 0.04375 0.175
11 0.56094 0.72812 0.05312 0.20625
10 0.6375 0.87031 0.03125 0.07812
57 0.9 0.06875 0.05625 0.03125
57 0.96406 0.11562 0.07188 0.03125
57 0.97031 0.14844 0.05937 0.04063
57 0.89219 0.10156 0.05312 0.03437
57 0.82344 0.08906 0.05938 0.03438
56 0.9125 0.25156 0.175 0.17188
56 0.78438 0.125 0.125 0.0875
56 0.8375 0.3875 0.325 0.18125
56 0.8375 0.49375 0.19375 0.1625
56 0.77031 0.62187 0.19688 0.15625
57 0.84062 0.74063 0.06875 0.06875
56 0.69531 0.75 0.07812 0.1625
56 0.72656 0.875 0.17188 0.14375
11 0.60938 0.61875 0.04375 0.19375
56 0.77812 0.95938 0.31875 0.08125
36 0.25469 0.85156 0.14688 0.14062
36 0.29375 0.97031 0.0625 0.05937
