48 0.44531 0.94375 0.07188 0.06875
48 0.575 0.87188 0.0625 0.06875
48 0.78438 0.97656 0.05 0.04688
48 0.91094 0.91875 0.15937 0.13125
48 0.68594 0.87812 0.09062 0.125
48 0.62813 0.90469 0.09375 0.13438
48 0.76094 0.91875 0.07188 0.075
48 0.89688 0.79688 0.20625 0.16875
48 0.94219 0.675 0.11562 0.16875
48 0.7125 0.82656 0.04375 0.04063
48 0.7875 0.68906 0.05 0.03438
48 0.79375 0.72031 0.05625 0.03438
48 0.65 0.97969 0.08125 0.04063
48 0.71719 0.96719 0.07812 0.06563
48 0.77969 0.84219 0.09688 0.08437
48 0.90312 0.98281 0.19375 0.03438
48 0.57344 0.95938 0.14687 0.08125
48 0.99219 0.71094 0.01562 0.04062
48 0.74219 0.9875 0.06563 0.025
