48 0.13281 0.41406 0.26562 0.67813
48 0.14062 0.00312 0.28125 0.00625
5 0.04531 0.69688 0.04062 0.04375
5 0.35781 0.25938 0.03437 0.04375
9 0.25156 0.39062 0.07813 0.1
5 0.21562 0.9625 0.03125 0.04375
5 0.24219 0.96719 0.02187 0.04688
5 0.26719 0.97656 0.03437 0.04688
5 0.29375 0.98438 0.03125 0.03125
5 0.31719 0.98906 0.02813 0.02187
48 0.57188 0.70625 0.7625 0.5875
5 0.95156 0.59688 0.04063 0.03125
5 0.9875 0.53594 0.025 0.04688
48 0.69375 0.30312 0.6125 0.60625
48 0.85938 0.07812 0.28125 0.15625
48 0.28906 0.05 0.31563 0.1
