48 0.85312 0.75781 0.06875 0.07812
48 0.71094 0.81406 0.12813 0.07812
48 0.82188 0.55469 0.175 0.09688
48 0.575 0.58438 0.1625 0.29375
48 0.28281 0.73594 0.07813 0.09062
48 0.28906 0.59844 0.04063 0.06562
48 0.22969 0.64375 0.09063 0.25625
48 0.02031 0.36406 0.04062 0.19062
48 0.77344 0.21875 0.07812 0.05625
48 0.6625 0.14062 0.1375 0.175
48 0.51406 0.18438 0.15312 0.08125
48 0.00312 0.15156 0.00625 0.10937
48 0.01562 0.00156 0.03125 0.00312
48 0.39844 0.10469 0.67188 0.20938
11 0.99062 0.86094 0.01875 0.08437
11 0.74062 0.58438 0.09375 0.04375
11 0.83125 0.60938 0.0875 0.05
10 0.96562 0.78594 0.025 0.05938
