48 0.0375 0.13125 0.075 0.2625
48 0.0625 0.58281 0.125 0.21563
48 0.00625 0.27812 0.0125 0.29375
48 0.60938 0.13438 0.78125 0.26875
48 0.12031 0.16719 0.24062 0.33438
48 0.69219 0.71719 0.61562 0.31563
48 0.59531 0.48281 0.57812 0.38438
48 0.57969 0.93594 0.45312 0.12813
48 0.20469 0.78438 0.40938 0.43125
48 0.90781 0.88125 0.18437 0.2375
5 0.77188 0.15625 0.05 0.03125
5 0.04375 0.40156 0.05 0.03437
5 0.71094 0.17812 0.04062 0.03125
5 0.8375 0.13438 0.05 0.03125
5 0.1 0.38125 0.05 0.0375
5 0.4875 0.25156 0.0375 0.02188
5 0.25625 0.32969 0.04375 0.03437
5 0.00469 0.41406 0.00938 0.02812
5 0.43906 0.27031 0.05313 0.02813
