9 0.84062 0.41875 0.24375 0.04375
5 0.77188 0.38281 0.08125 0.02812
5 0.85469 0.3375 0.07812 0.03125
5 0.94062 0.33438 0.06875 0.025
48 0.87344 0.80312 0.07812 0.05
9 0.66719 0.69375 0.25938 0.04375
5 0.03594 0.9875 0.04062 0.025
5 0.07656 0.98594 0.03438 0.02812
5 0.12031 0.9875 0.03438 0.025
5 0.20312 0.9875 0.03125 0.025
5 0.24375 0.99219 0.0375 0.01562
5 0.36875 0.99844 0.05 0.00313
48 0.6625 0.93438 0.0625 0.04375
48 0.65 0.1625 0.7 0.125
48 0.15781 0.19688 0.31562 0.1
9 0.87031 0.72031 0.09687 0.02812
