48 0.01094 0.925 0.02188 0.15
48 0.73125 0.17969 0.36875 0.24062
48 0.725 0.43594 0.2125 0.09063
48 0.17656 0.92812 0.20938 0.14375
5 0.99844 0.99531 0.00313 0.00938
5 0.94844 0.99688 0.02813 0.00625
48 0.88594 0.71406 0.22813 0.27187
48 0.10781 0.3 0.20312 0.2125
48 0.12969 0.60469 0.17812 0.20937
48 0.27812 0.37031 0.15 0.29063
48 0.58125 0.97812 0.04375 0.04375
48 0.60156 0.83281 0.04688 0.04688
48 0.61094 0.88438 0.03438 0.04375
48 0.6875 0.98594 0.05 0.02812
48 0.70625 0.50156 0.11875 0.07812
48 0.02031 0.53594 0.04062 0.04688
