8 0.98281 0.1 0.03438 0.0625
48 0.13125 0.98281 0.175 0.03438
48 0.38906 0.23125 0.22813 0.175
48 0.45625 0.36719 0.16875 0.15312
48 0.37188 0.425 0.15625 0.1375
48 0.125 0.20625 0.18125 0.13125
48 0.04688 0.11875 0.09375 0.0875
48 0.02031 0.02812 0.04062 0.05625
48 0.69062 0.25 0.1875 0.1875
48 0.66875 0.075 0.1625 0.11875
48 0.7625 0.04219 0.125 0.08438
48 0.8375 0.11875 0.1875 0.1625
48 0.92969 0.52812 0.14062 0.1875
48 0.00625 0.22656 0.0125 0.11562
48 0.00625 0.47344 0.0125 0.13438
48 0.15313 0.06094 0.125 0.12188
48 0.27031 0.07812 0.14062 0.1125
48 0.6125 0.44844 0.1875 0.19688
48 0.96562 0.45156 0.06875 0.12812
48 0.89688 0.25312 0.20625 0.175
48 0.94688 0.33281 0.10625 0.10938
48 0.04219 0.28281 0.08438 0.07813
48 0.64844 0.59219 0.15312 0.12813
48 0.49531 0.55781 0.14063 0.10313
48 0.26406 0.98906 0.13438 0.02187
48 0.57344 0.13281 0.19062 0.14062
48 0.46875 0.07031 0.275 0.14062
48 0.84844 0.98125 0.11562 0.0375
48 0.68281 0.93594 0.20312 0.12813
48 0.53594 0.94219 0.19062 0.11562
48 0.94531 0.92656 0.10938 0.14687
48 0.30312 0.825 0.19375 0.13125
48 0.22188 0.90469 0.1875 0.15312
48 0.11406 0.94062 0.14688 0.1
48 0.06562 0.86719 0.13125 0.11563
48 0.3875 0.95781 0.14375 0.08437
48 0.36875 0.91562 0.1375 0.0875
48 0.48906 0.85312 0.15937 0.09375
48 0.72188 0.83438 0.39375 0.25
48 0.67812 0.67031 0.1375 0.09688
48 0.77812 0.71406 0.11875 0.06562
48 0.91719 0.82344 0.16563 0.22813
48 0.9875 0.96875 0.025 0.0625
48 0.9125 0.96406 0.1125 0.07188
48 0.31406 0.60469 0.26562 0.19688
48 0.21719 0.55156 0.30938 0.22813
48 0.11406 0.63281 0.22812 0.24687
48 0.22656 0.74062 0.17812 0.1375
48 0.35469 0.70625 0.15937 0.11875
48 0.46094 0.74375 0.20312 0.16875
48 0.5625 0.62031 0.14375 0.10938
48 0.80469 0.59531 0.22188 0.15938
48 0.71719 0.51562 0.17188 0.15
48 0.88125 0.37031 0.1125 0.10938
48 0.77812 0.32656 0.1625 0.12188
48 0.02031 0.91562 0.04062 0.16875
48 0.03438 0.48906 0.06875 0.07812
48 0.26875 0.32344 0.1875 0.13438
48 0.16406 0.37656 0.15313 0.10938
48 0.07812 0.44219 0.15625 0.11562
48 0.06875 0.34531 0.1375 0.15313
48 0.19844 0.2625 0.15313 0.125
48 0.65469 0.02969 0.29688 0.05938
