48 0.07656 0.42969 0.15313 0.20312
48 0.66719 0.09688 0.66562 0.19375
48 0.44531 0.09531 0.25313 0.17812
48 0.71094 0.19375 0.30937 0.2375
48 0.91094 0.24688 0.17812 0.2125
48 0.17812 0.1625 0.28125 0.26875
5 0.10938 0.35625 0.0375 0.025
5 0.18125 0.32656 0.0625 0.03437
5 0.23906 0.40156 0.04063 0.02813
5 0.27656 0.41406 0.02813 0.02187
5 0.32656 0.37344 0.04688 0.02813
5 0.28125 0.35625 0.03125 0.01875
5 0.52656 0.44688 0.04688 0.025
5 0.54688 0.49375 0.04375 0.025
5 0.65781 0.49219 0.04063 0.02812
5 0.75938 0.52344 0.04375 0.02812
5 0.70938 0.56875 0.05625 0.03125
5 0.79219 0.54062 0.05312 0.03125
5 0.84688 0.55 0.04375 0.025
5 0.91562 0.63906 0.05 0.02812
5 0.9375 0.58281 0.05 0.02813
5 0.99219 0.67031 0.01562 0.02812
48 0.40625 0.85625 0.1625 0.13125
48 0.40312 0.94844 0.29375 0.10313
48 0.55781 0.9125 0.17188 0.175
48 0.80781 0.86094 0.10938 0.09688
48 0.99219 0.77969 0.01562 0.15312
48 0.96562 0.75156 0.06875 0.14062
48 0.89062 0.72812 0.15625 0.1625
48 0.79062 0.6875 0.11875 0.14375
48 0.69375 0.65 0.1625 0.16875
48 0.57344 0.61094 0.13438 0.15312
48 0.20625 0.50313 0.2 0.2375
48 0.40938 0.56719 0.225 0.20937
48 0.47344 0.32656 0.45938 0.27812
48 0.85625 0.55156 0.2875 0.42187
9 0.48906 0.49844 0.05938 0.03437
48 0.71875 0.76719 0.05625 0.06563
48 0.79844 0.78906 0.06563 0.06563
48 0.1125 0.55625 0.08125 0.0625
48 0.36875 0.65156 0.3 0.12812
48 0.88125 0.82188 0.05 0.05
48 0.91875 0.82969 0.04375 0.05937
48 0.95 0.84531 0.05625 0.06563
