5 0.16875 0.41875 0.025 0.03125
48 0.06094 0.81719 0.12188 0.10938
48 0.12031 0.92344 0.24062 0.15312
48 0.50313 0.90625 0.16875 0.13125
48 0.57969 0.24375 0.17812 0.13125
48 0.61563 0.91562 0.275 0.16875
48 0.69531 0.27812 0.19063 0.16875
48 0.03281 0.52656 0.06562 0.20937
48 0.97188 0.08438 0.05625 0.14375
48 0.95938 0.32656 0.08125 0.25312
48 0.6375 0.10938 0.275 0.21875
48 0.07031 0.74219 0.14062 0.13437
48 0.90312 0.23281 0.19375 0.24063
48 0.025 0.06562 0.05 0.13125
48 0.48125 0.20938 0.15 0.14375
48 0.4625 0.94531 0.19375 0.10938
5 0.27969 0.84531 0.03437 0.02187
48 0.30312 0.78281 0.06875 0.04688
48 0.12344 0.64531 0.23438 0.13438
48 0.08906 0.54844 0.05938 0.07188
52 0.75781 0.53281 0.48438 0.55937
52 0.43594 0.37969 0.16563 0.19062
5 0.27969 0.825 0.03437 0.01875
5 0.34688 0.225 0.03125 0.0375
48 0.82344 0.07344 0.34063 0.14688
5 0.37813 0.975 0.01875 0.05
48 0.16563 0.13594 0.25 0.27187
48 0.86719 0.00312 0.26562 0.00625
5 0.47031 0.75 0.04688 0.0375
8 0.32031 0.83281 0.04063 0.04063
48 0.26562 0.06406 0.225 0.12812
5 0.27344 0.86719 0.04063 0.01562
5 0.30156 0.90625 0.05312 0.0125
48 0.19531 0.81719 0.19062 0.23438
5 0.32969 0.94375 0.02813 0.025
5 0.0625 0.26562 0.05625 0.025
