5 0.00312 0.41562 0.00625 0.0375
5 0.57969 0.40312 0.03438 0.05
5 0.90625 0.82188 0.025 0.04375
5 0.74531 0.92969 0.02187 0.04062
9 0.66719 0.99531 0.05938 0.00938
5 0.12188 0.77656 0.025 0.03437
5 0.15469 0.86719 0.03437 0.05313
5 0.32031 0.58594 0.02812 0.04062
5 0.29531 0.59531 0.03437 0.04688
5 0.98438 0.45625 0.03125 0.05
6 0.94062 0.6375 0.0375 0.06875
5 0.85781 0.93906 0.02812 0.05312
10 0.63594 0.80312 0.04063 0.0625
10 0.21875 0.9875 0.04375 0.025
5 0.19375 0.96406 0.03125 0.05938
5 0.17344 0.91562 0.02813 0.04375
10 0.77969 0.84375 0.06563 0.03125
5 0.02812 0.75156 0.0375 0.02812
6 0.00469 0.69688 0.00938 0.05
6 0.06875 0.54062 0.04375 0.08125
5 0.36094 0.57031 0.03437 0.04688
5 0.48438 0.54062 0.03125 0.0625
5 0.50625 0.54375 0.03125 0.05
5 0.525 0.5375 0.03125 0.05
5 0.5375 0.525 0.03125 0.05625
5 0.53906 0.475 0.02812 0.05625
5 0.59688 0.44844 0.03125 0.05938
5 0.64531 0.4625 0.04688 0.03125
5 0.44531 0.19062 0.03438 0.05625
10 0.47656 0.28594 0.02812 0.04688
5 0.50156 0.3625 0.02813 0.05
48 0.35 0.29375 0.1875 0.14375
48 0.32344 0.22813 0.21562 0.125
5 0.56406 0.36094 0.02812 0.05313
5 0.54062 0.27969 0.025 0.04062
5 0.55781 0.31562 0.03437 0.0625
5 0.51875 0.20469 0.03125 0.03437
48 0.84219 0.15313 0.31563 0.19375
48 0.74062 0.02812 0.16875 0.05625
48 0.0375 0.04531 0.075 0.09062
48 0.14531 0.01719 0.16562 0.03438
48 0.00312 0.59219 0.00625 0.19688
5 0.00312 0.33281 0.00625 0.04688
5 0.25938 0.45938 0.24375 0.225
5 0.34219 0.57969 0.04062 0.05312
5 0.45156 0.53906 0.02813 0.04688
5 0.46875 0.56875 0.05 0.03125
5 0.52656 0.42812 0.04063 0.05
5 0.59062 0.55156 0.03125 0.05312
9 0.58594 0.59688 0.05313 0.08125
48 0.51406 0.80938 0.24063 0.175
48 0.95469 0.60938 0.09062 0.4125
48 0.94531 0.84375 0.09062 0.13125
48 0.40312 0.4125 0.175 0.19375
48 0.77344 0.59531 0.32187 0.34688
48 0.53125 0.04688 0.275 0.09375
48 0.4875 0.67344 0.24375 0.18437
48 0.29219 0.11094 0.21562 0.17188
48 0.68594 0.3625 0.20312 0.1625
48 0.87344 0.29844 0.24062 0.15313
48 0.59375 0.13594 0.225 0.17812
48 0.9125 0.07344 0.175 0.14688
48 0.90625 0.025 0.1875 0.05
48 0.53281 0.91094 0.24688 0.17812
48 0.37969 0.97031 0.19062 0.05937
48 0.64062 0.23906 0.18125 0.14062
