48 0.5625 0.00938 0.15625 0.01875
48 0.80312 0.73281 0.25 0.19063
48 0.71562 0.3875 0.13125 0.075
48 0.76875 0.56875 0.2875 0.19375
48 0.51562 0.57812 0.1125 0.1125
48 0.45 0.4 0.2875 0.18125
48 0.03906 0.18125 0.07812 0.075
48 0.18438 0.16875 0.1125 0.1
48 0.07031 0.1 0.14062 0.075
48 0.99219 0.46094 0.01562 0.14688
48 0.35781 0.16719 0.22188 0.11562
48 0.88594 0.08594 0.19688 0.12188
48 0.42188 0.02656 0.10625 0.05312
48 0.725 0.27969 0.1125 0.07187
48 0.62969 0.75469 0.14062 0.25312
48 0.58125 0.08906 0.1875 0.15938
48 0.36875 0.27812 0.09375 0.15
48 0.34375 0.99844 0.04375 0.00313
48 0.38125 0.96719 0.075 0.05312
48 0.28438 0.8375 0.075 0.1875
48 0.22031 0.7125 0.21562 0.05625
48 0.0375 0.70156 0.075 0.04063
48 0.03125 0.58906 0.0625 0.14687
48 0.24688 0.56563 0.10625 0.14375
48 0.75781 0.85156 0.14062 0.05937
48 0.96562 0.6875 0.06875 0.06875
48 0.98594 0.83906 0.02812 0.04688
48 0.52031 0.84375 0.12188 0.04375
48 0.59531 0.57344 0.05312 0.10313
48 0.61562 0.45781 0.0625 0.10937
48 0.67813 0.45781 0.05625 0.04063
48 0.73281 0.46094 0.04688 0.04063
48 0.79375 0.4625 0.05625 0.0375
48 0.13125 0.45625 0.11875 0.09375
48 0.125 0.57031 0.1125 0.12813
48 0.03281 0.48125 0.06562 0.06875
48 0.14531 0.30781 0.10938 0.14062
48 0.63594 0.26562 0.05938 0.1
48 0.79688 0.29531 0.0375 0.03437
48 0.77656 0.21875 0.21563 0.0875
48 0.7375 0.13594 0.125 0.09062
48 0.92656 0.01094 0.07812 0.02188
50 0.35781 0.56094 0.12188 0.16563
48 0.95469 0.59062 0.09062 0.0875
9 0.6 0.22656 0.025 0.04063
48 0.18906 0.06406 0.12188 0.12812
48 0.31563 0.02656 0.10625 0.05312
48 0.24062 0.28906 0.1625 0.13438
48 0.40469 0.77344 0.11563 0.17188
48 0.48125 0.75156 0.04375 0.14062
