48 0.99531 0.76094 0.00938 0.13438
48 0.15625 0.98281 0.20625 0.03438
48 0.53906 0.94375 0.14062 0.08125
48 0.55625 0.99219 0.175 0.01562
48 0.73125 0.97969 0.2125 0.04063
48 0.06094 0.55156 0.08438 0.13438
48 0.31562 0.57969 0.1875 0.05312
48 0.15781 0.33594 0.07812 0.13438
48 0.32344 0.375 0.18438 0.1125
48 0.52188 0.39062 0.175 0.1
48 0.3875 0.79062 0.225 0.09375
48 0.52188 0.81719 0.06875 0.11562
48 0.8375 0.88281 0.10625 0.15312
48 0.7375 0.4 0.175 0.14375
48 0.02812 0.15 0.05625 0.06875
48 0.12812 0.12969 0.15 0.14688
48 0.98125 0.42031 0.0375 0.17188
48 0.875 0.17656 0.20625 0.05937
48 0.85781 0.00938 0.16563 0.01875
48 0.71719 0.00625 0.06563 0.0125
48 0.58281 0.00312 0.16563 0.00625
13 0.33281 0.73281 0.07812 0.02812
13 0.4125 0.73906 0.08125 0.03437
13 0.54219 0.75469 0.14687 0.03437
13 0.55156 0.71562 0.15313 0.03125
13 0.74063 0.77812 0.15 0.05
48 0.76719 0.81562 0.09688 0.05625
48 0.76562 0.94688 0.05 0.04375
48 0.13594 0.94375 0.08438 0.04375
48 0.15 0.74062 0.05625 0.03125
48 0.06406 0.72656 0.12812 0.04688
48 0.03438 0.41406 0.06875 0.07188
48 0.08438 0.4125 0.08125 0.05
48 0.32344 0.25938 0.04688 0.04375
48 0.69844 0.12656 0.07188 0.07188
48 0.46406 0.15156 0.04063 0.03438
48 0.42656 0.14688 0.03437 0.03125
48 0.74219 0.19688 0.09062 0.04375
48 0.69219 0.18281 0.07812 0.06563
48 0.62187 0.19219 0.1125 0.04688
48 0.67031 0.28281 0.06563 0.04688
48 0.70312 0.32031 0.0625 0.04063
48 0.59375 0.7875 0.1 0.04375
48 0.51875 0.60312 0.025 0.03125
