48 0.58906 0.69687 0.30938 0.2125
48 0.12344 0.86563 0.12812 0.15
48 0.47812 0.96562 0.1375 0.06875
48 0.58438 0.87188 0.09375 0.09375
48 0.48906 0.88594 0.14062 0.09687
48 0.88438 0.95938 0.23125 0.08125
48 0.1375 0.97188 0.2625 0.05625
48 0.00156 0.90469 0.00312 0.13438
5 0.89219 0.66562 0.01562 0.03125
48 0.84219 0.52188 0.16563 0.2125
48 0.72188 0.50625 0.125 0.0875
48 0.70938 0.375 0.35 0.25625
48 0.52969 0.28906 0.17813 0.32812
48 0.89375 0.27656 0.05 0.08437
48 0.80625 0.19375 0.0875 0.0875
5 0.88281 0.81875 0.03438 0.025
5 0.79062 0.825 0.0125 0.03125
48 0.76094 0.79375 0.05938 0.0625
48 0.75 0.95312 0.18125 0.09375
48 0.99375 0.54219 0.0125 0.10938
48 0.9625 0.625 0.075 0.175
