5 0.30469 0.25469 0.07812 0.03437
5 0.92812 0.5 0.09375 0.0375
5 0.65625 0.62187 0.0625 0.05625
5 0.70312 0.62344 0.0625 0.05312
5 0.74219 0.62187 0.05937 0.05625
5 0.86094 0.45938 0.09062 0.05625
10 0.63125 0.46875 0.04375 0.0625
10 0.67188 0.46875 0.05 0.0625
10 0.70938 0.46094 0.05625 0.06563
10 0.75 0.46094 0.0625 0.07188
10 0.80625 0.45625 0.04375 0.0625
6 0.79219 0.5375 0.10313 0.0375
5 0.38125 0.60938 0.04375 0.05
5 0.4125 0.57031 0.0375 0.04688
5 0.60781 0.27344 0.07812 0.02812
48 0.94062 0.73125 0.11875 0.5375
5 0.03594 0.27187 0.07187 0.0375
5 0.82656 0.61094 0.03438 0.05312
