5 0.49219 0.0125 0.03438 0.025
5 0.38281 0.025 0.02812 0.04375
5 0.48438 0.05312 0.03125 0.05
5 0.37812 0.09063 0.03125 0.04375
5 0.47969 0.15156 0.04063 0.05313
5 0.475 0.20625 0.03125 0.04375
5 0.475 0.25781 0.0375 0.05312
5 0.43125 0.5 0.05 0.05
5 0.55312 0.5125 0.05 0.05
5 0.45781 0.55312 0.05312 0.05
5 0.48594 0.60312 0.04062 0.05
5 0.61719 0.62187 0.04062 0.04375
48 0.97188 0.03906 0.05625 0.07812
48 0.83125 0.08125 0.3375 0.1625
48 0.98438 0.30469 0.03125 0.19688
48 0.84375 0.38125 0.3125 0.20625
48 0.91406 0.59844 0.17188 0.20937
48 0.15469 0.12188 0.30938 0.24375
51 0.2 0.27031 0.4 0.54062
