48 0.375 0.72656 0.2 0.12813
48 0.24062 0.65469 0.18125 0.12187
5 0.19688 0.5875 0.05 0.0375
5 0.21094 0.54531 0.04688 0.03438
48 0.53125 0.65781 0.16875 0.10938
48 0.39844 0.56094 0.19063 0.12187
48 0.10156 0.51094 0.11562 0.10313
48 0.17188 0.37031 0.20625 0.13438
48 0.28438 0.26875 0.14375 0.09375
48 0.37187 0.21406 0.14375 0.10938
48 0.43594 0.44375 0.05313 0.04375
48 0.55156 0.4125 0.14062 0.10625
48 0.57812 0.55312 0.11875 0.10625
48 0.50156 0.22188 0.14687 0.08125
5 0.58906 0.21562 0.03437 0.0375
48 0.70156 0.32031 0.19063 0.12187
48 0.83281 0.40938 0.15937 0.09375
48 0.86406 0.49531 0.09687 0.07188
48 0.80313 0.57187 0.11875 0.1
48 0.61094 0.15313 0.16563 0.11875
5 0.92344 0.1 0.05312 0.025
48 0.9375 0.17031 0.125 0.14062
48 0.87188 0.3 0.14375 0.1125
48 0.94062 0.58125 0.11875 0.1125
