9 0.99219 0.30469 0.01562 0.06563
48 0.38125 0.90938 0.1375 0.13125
48 0.31719 0.96094 0.07812 0.07812
48 0.275 0.97656 0.0625 0.04688
48 0.25781 0.99688 0.05937 0.00625
48 0.42188 0.82812 0.06875 0.0625
48 0.98906 0.9875 0.02187 0.025
48 0.45156 0.8625 0.09063 0.0875
5 0.42188 0.96406 0.05 0.04688
48 0.75156 0.6375 0.21562 0.21875
48 0.62656 0.60938 0.15312 0.15625
13 0.59688 0.47812 0.05 0.075
55 0.15313 0.025 0.11875 0.05
48 0.37813 0.05625 0.1125 0.1125
48 0.91562 0.93125 0.0875 0.075
10 0.83281 0.075 0.06562 0.125
10 0.89531 0.06406 0.05938 0.10312
14 0.97656 0.69062 0.04688 0.1125
10 0.94375 0.07969 0.05625 0.10938
