48 0.54531 0.5625 0.19062 0.1375
9 0.28906 0.61875 0.05312 0.05625
5 0.86875 0.65156 0.03125 0.04063
48 0.24531 0.85 0.14687 0.18125
48 0.39375 0.16094 0.19375 0.22813
5 0.91562 0.22031 0.05 0.03437
5 0.97031 0.39375 0.05312 0.03125
5 0.99219 0.35 0.01562 0.05
48 0.26094 0.11406 0.11562 0.22812
48 0.98281 0.62813 0.03438 0.24375
5 0.37813 0.47344 0.05 0.03437
48 0.15 0.10469 0.1625 0.20938
5 0.76406 0.09531 0.04688 0.02812
5 0.90156 0.34062 0.03437 0.04375
48 0.62813 0.06406 0.15625 0.12812
5 0.93438 0.35625 0.0375 0.05625
5 0.85938 0.31875 0.05 0.03125
5 0.76562 0.03125 0.05 0.0375
48 0.08594 0.70156 0.13438 0.10313
48 0.92656 0.76875 0.14687 0.18125
48 0.33438 0.75312 0.11875 0.125
48 0.80625 0.78281 0.15625 0.22813
5 0.74844 0.14688 0.05937 0.04375
5 0.89062 0.00938 0.04375 0.01875
5 0.35469 0.525 0.04688 0.0375
48 0.19219 0.62344 0.11562 0.09062
5 0.7625 0.07031 0.05 0.03437
5 0.92969 0.13594 0.06563 0.04062
5 0.41406 0.58906 0.02812 0.05312
48 0.08438 0.62031 0.11875 0.07188
5 0.88281 0.125 0.05937 0.03125
5 0.94219 0.10781 0.04063 0.02187
48 0.9375 0.62969 0.10625 0.18438
5 0.87812 0.18906 0.05625 0.04062
48 0.11719 0.52656 0.19062 0.17812
48 0.02344 0.85156 0.04688 0.10312
48 0.33281 0.84062 0.10313 0.0875
5 0.95625 0.2125 0.04375 0.05625
48 0.32344 0.90156 0.18438 0.08437
5 0.95781 0.07656 0.05312 0.03438
48 0.02969 0.77188 0.05938 0.09375
48 0.40938 0.85312 0.08125 0.14375
48 0.49062 0.37812 0.15625 0.18125
48 0.37188 0.35 0.1625 0.19375
5 0.7375 0.23906 0.05625 0.04063
48 0.10781 0.78594 0.12812 0.09063
48 0.06094 0.03438 0.12188 0.06875
48 0.225 0.7125 0.16875 0.13125
48 0.11719 0.87188 0.15937 0.10625
48 0.94531 0.92188 0.10938 0.15625
48 0.54844 0.13281 0.16562 0.26562
5 0.91719 0.25156 0.05938 0.02813
5 0.73906 0.18438 0.05312 0.04375
