48 0.4875 0.24219 0.1125 0.09688
48 0.42812 0.475 0.05625 0.06875
48 0.27187 0.40312 0.075 0.08125
48 0.25312 0.34375 0.08125 0.05625
48 0.97969 0.21406 0.04063 0.08437
48 0.33906 0.58125 0.12188 0.08125
48 0.19688 0.03125 0.0375 0.05625
48 0.95469 0.09687 0.05312 0.125
48 0.9875 0.2125 0.025 0.10625
48 0.98281 0.27969 0.03438 0.07812
48 0.21562 0.81094 0.05 0.04688
48 0.45 0.99844 0.13125 0.00313
48 0.20312 0.12656 0.05 0.10312
48 0.96719 0.97031 0.06563 0.05937
48 0.95781 0.77344 0.08437 0.09688
48 0.76562 0.27344 0.16875 0.11562
48 0.82656 0.75312 0.04063 0.08125
48 0.6 0.94687 0.1375 0.05625
48 0.64062 0.03906 0.0875 0.06562
48 0.85312 0.07188 0.075 0.11875
48 0.43281 0.77656 0.08437 0.10938
48 0.18281 0.99375 0.04688 0.0125
48 0.22812 0.99688 0.05625 0.00625
48 0.32344 0.25156 0.14062 0.07813
48 0.34844 0.19844 0.25938 0.15313
48 0.23125 0.06719 0.1 0.08438
48 0.90625 0.08438 0.0875 0.0875
48 0.72188 0.12188 0.075 0.09375
48 0.59375 0.50781 0.1625 0.10938
48 0.29219 0.9625 0.08437 0.075
48 0.9125 0.63281 0.10625 0.07187
48 0.73594 0.94375 0.10313 0.1125
48 0.26562 0.82812 0.075 0.06875
48 0.67656 0.11719 0.07188 0.10312
48 0.55313 0.30312 0.05625 0.06875
48 0.81094 0.22812 0.06563 0.08125
48 0.90469 0.19531 0.06563 0.09687
48 0.64219 0.62344 0.09062 0.13438
48 0.86562 0.96406 0.08125 0.07188
48 0.60625 0.98281 0.075 0.03438
48 0.42812 0.11719 0.05 0.07188
48 0.58438 0.17188 0.09375 0.05625
48 0.66406 0.21875 0.07187 0.1
48 0.67344 0.73594 0.07812 0.13438
48 0.24375 0.95938 0.09375 0.08125
48 0.79844 0.35781 0.04688 0.12188
48 0.65938 0.32656 0.1 0.12812
48 0.95 0.875 0.09375 0.1375
48 0.40938 0.25625 0.0625 0.05625
48 0.2 0.47812 0.0625 0.1
48 0.29219 0.44219 0.04688 0.07188
48 0.30625 0.37188 0.0875 0.05625
48 0.825 0.57812 0.125 0.1
48 0.72031 0.63594 0.09688 0.12812
48 0.73281 0.82031 0.08437 0.05937
48 0.18594 0.8 0.04062 0.05625
48 0.91562 0.97812 0.09375 0.04375
48 0.43594 0.85156 0.07187 0.06563
48 0.61875 0.40312 0.0875 0.09375
48 0.5875 0.72031 0.1125 0.10313
48 0.81094 0.95625 0.07188 0.0875
48 0.9875 0.98594 0.025 0.02812
48 0.83594 0.63281 0.05937 0.05313
48 0.1875 0.94219 0.05625 0.07812
48 0.2 0.62187 0.03125 0.03125
48 0.35156 0.31406 0.09062 0.09063
48 0.23594 0.44844 0.07813 0.07188
48 0.35469 0.5375 0.04688 0.05
48 0.21562 0.39219 0.08125 0.08438
48 0.79062 0.06719 0.1 0.10938
48 0.56719 0.22812 0.07188 0.08125
48 0.71094 0.19688 0.08438 0.0625
48 0.70156 0.41406 0.04688 0.06563
48 0.51562 0.88594 0.125 0.07188
48 0.91406 0.03281 0.09062 0.04062
48 0.94375 0.57969 0.0625 0.08437
48 0.50781 0.17344 0.11563 0.09063
48 0.1875 0.57812 0.0375 0.0875
48 0.45781 0.40156 0.14687 0.09687
48 0.2625 0.02344 0.06875 0.04688
48 0.59688 0.09844 0.1125 0.13438
48 0.99219 0.03125 0.01562 0.0375
48 0.46719 0.6875 0.14062 0.08125
48 0.2625 0.5 0.05625 0.05625
48 0.35156 0.15313 0.20312 0.13125
48 0.55312 0.39531 0.09375 0.10938
48 0.83906 0.50156 0.11562 0.12188
48 0.79062 0.76875 0.08125 0.1
48 0.98281 0.10156 0.03438 0.11562
48 0.89531 0.76562 0.07188 0.09375
48 0.90625 0.68281 0.08125 0.08437
48 0.8625 0.16875 0.08125 0.1
48 0.56094 0.65781 0.12187 0.05937
48 0.6875 0.975 0.1125 0.05
48 0.67656 0.88281 0.09063 0.14062
48 0.49062 0.76875 0.09375 0.0875
48 0.2375 0.63438 0.03125 0.04375
48 0.45781 0.54375 0.11562 0.075
48 0.60625 0.3125 0.06875 0.10625
48 0.65156 0.24062 0.07812 0.06875
48 0.35625 0.83594 0.06875 0.08438
48 0.3875 0.91094 0.13125 0.13438
48 0.73438 0.39375 0.05625 0.06875
48 0.32031 0.87188 0.05937 0.05
48 0.36875 0.3875 0.08125 0.10625
48 0.21875 0.2875 0.09375 0.0875
48 0.81562 0.1625 0.0625 0.0875
48 0.97969 0.5125 0.04063 0.0875
48 0.85469 0.75312 0.05312 0.08125
48 0.86719 0.86406 0.12813 0.15937
48 0.58594 0.79375 0.12187 0.08125
48 0.19219 0.65469 0.05313 0.06563
48 0.47969 0.30156 0.14063 0.13438
48 0.77031 0.38281 0.05312 0.11562
48 0.7125 0.26875 0.06875 0.125
48 0.775 0.21719 0.04375 0.04688
48 0.84062 0.32188 0.05625 0.04375
48 0.69531 0.49687 0.22812 0.14375
48 0.5 0.93906 0.1125 0.09688
48 0.99062 0.38438 0.01875 0.15
48 0.50625 0.84531 0.1125 0.07812
48 0.33438 0.66094 0.1875 0.13438
48 0.24062 0.56875 0.1 0.1375
48 0.37031 0.0375 0.11562 0.06875
48 0.97656 0.90469 0.04688 0.10938
48 0.925 0.31875 0.15 0.09375
48 0.95 0.20156 0.0625 0.07812
48 0.72344 0.7375 0.07812 0.125
48 0.77656 0.74219 0.07188 0.09688
48 0.36406 0.75938 0.09687 0.075
48 0.2625 0.88125 0.06875 0.0375
48 0.28594 0.30937 0.09062 0.08125
48 0.19844 0.32344 0.04688 0.07188
48 0.34688 0.08438 0.08125 0.08125
48 0.38281 0.09844 0.07812 0.09062
48 0.52969 0.07656 0.07188 0.10938
48 0.9875 0.44062 0.025 0.06875
48 0.875 0.39531 0.1375 0.12812
48 0.84844 0.26094 0.07812 0.09063
48 0.78438 0.64062 0.06875 0.1
48 0.38906 0.84375 0.07187 0.08125
48 0.46719 0.0625 0.07812 0.1125
48 0.99531 0.91875 0.00938 0.13125
48 0.96562 0.68906 0.06875 0.09062
48 0.67344 0.40312 0.04063 0.06875
48 0.89844 0.56719 0.06563 0.07812
48 0.77969 0.95625 0.03438 0.06875
48 0.47344 0.47656 0.07188 0.06563
48 0.45938 0.60938 0.10625 0.09375
48 0.3375 0.45312 0.09375 0.1125
48 0.97969 0.59375 0.04063 0.1
48 0.95469 0.39375 0.09062 0.1375
48 0.56094 0.59531 0.10313 0.09062
48 0.83906 0.68906 0.09063 0.08437
48 0.74219 0.85938 0.09688 0.0625
48 0.19688 0.85156 0.05 0.06563
48 0.24375 0.22031 0.1 0.07813
48 0.65938 0.16719 0.05 0.04062
48 0.60312 0.225 0.05 0.05625
48 0.60312 0.87344 0.0875 0.10938
48 0.36719 0.9875 0.11562 0.025
48 0.9125 0.25938 0.06875 0.05
48 0.28125 0.92188 0.14375 0.08125
48 0.19688 0.8875 0.06875 0.0875
48 0.31094 0.52812 0.06562 0.05625
48 0.29844 0.06406 0.07812 0.07812
48 0.76406 0.14062 0.06563 0.1125
48 0.98281 0.8375 0.03438 0.05625
48 0.92969 0.50469 0.14062 0.09063
48 0.81719 0.86406 0.07812 0.12812
48 0.17812 0.97656 0.0375 0.04688
48 0.49062 0.98594 0.1375 0.02812
