5 0.53906 0.18125 0.02812 0.01875
5 0.58281 0.18594 0.04063 0.02813
5 0.61875 0.03594 0.04375 0.02188
5 0.6125 0.00938 0.04375 0.01875
5 0.88437 0.10312 0.025 0.04375
5 0.88594 0.05312 0.02187 0.0375
5 0.86406 0.36406 0.02187 0.04688
5 0.01719 0.49688 0.03438 0.025
5 0.0625 0.50313 0.05 0.025
5 0.15937 0.57031 0.0375 0.02188
5 0.12344 0.50156 0.03438 0.02187
5 0.20781 0.57187 0.04688 0.025
5 0.24062 0.5125 0.05 0.01875
5 0.09687 0.63906 0.01875 0.04063
5 0.12031 0.64062 0.02188 0.04375
5 0.19531 0.64531 0.01562 0.03437
5 0.275 0.64688 0.01875 0.04375
5 0.62969 0.60312 0.04063 0.025
5 0.29844 0.75781 0.02188 0.04062
5 0.0875 0.79219 0.025 0.03437
5 0.14062 0.80469 0.025 0.04062
5 0.74844 0.84844 0.04688 0.02187
5 0.31875 0.8125 0.025 0.0375
5 0.34219 0.8125 0.02188 0.0375
5 0.37187 0.81719 0.01875 0.04063
5 0.34844 0.75781 0.02187 0.04062
5 0.05625 0.65938 0.0375 0.025
5 0.41094 0.98125 0.01562 0.0375
5 0.43594 0.97812 0.02813 0.04375
5 0.4625 0.97969 0.01875 0.04063
5 0.6125 0.94375 0.025 0.04375
5 0.52188 0.82188 0.01875 0.04375
5 0.17812 0.95938 0.01875 0.0375
5 0.73281 0.96562 0.05312 0.01875
5 0.64062 0.94687 0.01875 0.0375
5 0.53594 0.9375 0.02187 0.04375
5 0.44219 0.92969 0.02187 0.04688
5 0.22969 0.9125 0.02812 0.05
5 0.20312 0.91719 0.025 0.04688
5 0.2 0.96875 0.025 0.05
5 0.33125 0.97656 0.025 0.04688
5 0.28594 0.92188 0.02813 0.04375
5 0.33594 0.92812 0.02187 0.04375
5 0.31094 0.92344 0.02813 0.05312
5 0.225 0.97031 0.03125 0.05312
5 0.56094 0.94062 0.02812 0.05
5 0.58438 0.98438 0.025 0.03125
5 0.42344 0.76875 0.02813 0.04375
5 0.39688 0.76719 0.025 0.04688
5 0.21719 0.8 0.02188 0.04375
5 0.16406 0.8 0.02813 0.04375
5 0.06406 0.77656 0.02812 0.05312
5 0.0125 0.71406 0.025 0.04063
5 0.03594 0.67813 0.04688 0.0375
5 0.07812 0.90781 0.03125 0.04063
5 0.12969 0.96094 0.02812 0.04688
5 0.00625 0.95312 0.0125 0.04375
5 0.01094 0.90156 0.02188 0.04688
5 0.05156 0.90469 0.02813 0.04688
5 0.12969 0.9125 0.02188 0.05
5 0.46875 0.82188 0.025 0.04375
5 0.44375 0.81719 0.025 0.04688
5 0.47188 0.77188 0.03125 0.05
5 0.59375 0.83281 0.01875 0.04063
5 0.42188 0.66406 0.025 0.04688
5 0.65 0.78281 0.025 0.04688
5 0.62344 0.78281 0.02812 0.04688
5 0.62187 0.67812 0.025 0.05
5 0.59531 0.67344 0.02812 0.04688
5 0.54219 0.675 0.02187 0.0375
5 0.34375 0.65156 0.025 0.04688
5 0.52031 0.66875 0.02187 0.0375
5 0.46719 0.66875 0.02188 0.0375
5 0.54531 0.775 0.02812 0.04375
5 0.49375 0.67344 0.025 0.03438
5 0.16875 0.55 0.04375 0.01875
5 0.93281 0.86719 0.02187 0.03438
5 0.46875 0.17812 0.04375 0.025
5 0.17656 0.50313 0.04688 0.025
5 0.69844 0.68125 0.02187 0.04375
5 0.29531 0.81094 0.02188 0.04063
5 0.4875 0.98125 0.03125 0.0375
10 0.80938 0.97188 0.025 0.05
5 0.02969 0.90156 0.02812 0.04688
5 0.32188 0.65156 0.01875 0.04688
5 0.35312 0.975 0.01875 0.05
5 0.16875 0.6375 0.025 0.05625
5 0.44688 0.77031 0.025 0.05312
48 0.94062 0.46094 0.11875 0.13437
5 0.15156 0.90781 0.02812 0.05937
48 0.9625 0.26719 0.075 0.09687
5 0.1 0.73906 0.01875 0.05312
5 0.74062 0.82188 0.05 0.01875
5 0.55781 0.98438 0.02187 0.03125
5 0.73594 0.89688 0.05312 0.01875
5 0.73438 0.91875 0.05625 0.01875
5 0.61563 0.82812 0.025 0.04375
5 0.075 0.95625 0.01875 0.04375
5 0.49687 0.77188 0.03125 0.05625
5 0.49219 0.82812 0.02188 0.04375
5 0.74219 0.72188 0.05313 0.025
5 0.58594 0.9375 0.02188 0.05625
5 0.64375 0.67656 0.025 0.05312
5 0.25625 0.91094 0.025 0.05938
5 0.15 0.9625 0.03125 0.05625
5 0.3875 0.92188 0.025 0.05
5 0.69375 0.60781 0.05625 0.02187
5 0.63594 0.98594 0.02187 0.02812
5 0.12188 0.74219 0.01875 0.04062
48 0.01875 0.09219 0.0375 0.07187
48 0.73438 0.34062 0.18125 0.26875
5 0.72656 0.9875 0.05313 0.025
5 0.35781 0.91719 0.02813 0.05312
5 0.81562 0.86719 0.025 0.05313
5 0.73125 0.94219 0.0625 0.02187
5 0.24531 0.75 0.02187 0.05
5 0.51562 0.93281 0.025 0.04688
5 0.84219 0.95625 0.02187 0.04375
5 0.11875 0.79688 0.01875 0.04375
5 0.4875 0.93125 0.025 0.05
48 0.28594 0.0625 0.35312 0.125
5 0.02656 0.95469 0.01563 0.04688
5 0.19844 0.75312 0.02812 0.04375
5 0.7375 0.87031 0.05 0.02187
5 0.5125 0.98125 0.01875 0.0375
5 0.81094 0.91875 0.02187 0.0375
10 0.07656 0.56406 0.07187 0.04063
5 0.27344 0.75 0.02187 0.05
5 0.32188 0.75781 0.01875 0.05313
5 0.38125 0.975 0.01875 0.05
48 0.54844 0.43438 0.15938 0.125
5 0.01875 0.69062 0.0375 0.0375
5 0.17188 0.74844 0.01875 0.05312
48 0.97031 0.08438 0.05937 0.16875
5 0.25312 0.97031 0.01875 0.04688
5 0.46094 0.93281 0.02187 0.05312
5 0.14375 0.64375 0.01875 0.05625
5 0.10625 0.90156 0.025 0.05312
48 0.02656 0.02812 0.05312 0.05625
48 0.93594 0.6875 0.12813 0.24375
5 0.23906 0.80625 0.02188 0.05
5 0.57344 0.77344 0.02813 0.05313
5 0.38906 0.8125 0.01562 0.04375
48 0.54062 0.3 0.13125 0.1625
5 0.10156 0.95625 0.02188 0.05
5 0.60938 0.98594 0.01875 0.02812
8 0.41875 0.925 0.03125 0.05
5 0.29375 0.64531 0.01875 0.05312
5 0.19375 0.8 0.01875 0.04375
48 0.22344 0.25781 0.44688 0.27812
5 0.05 0.95781 0.025 0.05312
5 0.14375 0.75 0.025 0.04375
5 0.41875 0.81719 0.025 0.04688
5 0.65156 0.8375 0.02813 0.05
5 0.67031 0.67656 0.01562 0.05938
48 0.95 0.35312 0.1 0.06875
