48 0.60625 0.30938 0.7875 0.61875
48 0.25156 0.44844 0.30312 0.42188
48 0.99375 0.70469 0.0125 0.09688
48 0.47656 0.93438 0.30937 0.13125
48 0.63906 0.99844 0.39062 0.00313
48 0.72188 0.88438 0.19375 0.21875
48 0.15937 0.56563 0.31875 0.5
48 0.43438 0.8875 0.475 0.15625
5 0.99375 0.55156 0.0125 0.02813
5 0.8625 0.60469 0.05 0.03437
5 0.28906 0.69844 0.03438 0.02813
5 0.04062 0.25781 0.05 0.03438
51 0.11094 0.1375 0.22188 0.275
48 0.79062 0.84062 0.26875 0.175
5 0.125 0.95938 0.0625 0.03125
5 0.78906 0.525 0.04062 0.03125
5 0.72656 0.65156 0.04688 0.04063
5 0.27969 0.74844 0.04062 0.02812
5 0.37031 0.14219 0.05938 0.03437
5 0.58281 0.70312 0.04063 0.03125
5 0.57344 0.60156 0.04688 0.03438
5 0.81406 0.62031 0.04688 0.02813
5 0.70156 0.56094 0.03438 0.03438
5 0.36406 0.77812 0.04688 0.03125
5 0.95938 0.75312 0.0375 0.0375
5 0.53594 0.07656 0.04688 0.02187
5 0.42344 0.70312 0.04688 0.03125
5 0.28438 0.80938 0.05 0.03125
5 0.66094 0.575 0.04688 0.03125
5 0.51094 0.62813 0.05938 0.03125
5 0.60312 0.02031 0.0375 0.03437
5 0.24688 0.71406 0.05 0.03437
5 0.39688 0.66094 0.0375 0.03437
53 0.97344 0.04688 0.05312 0.09375
5 0.01875 0.90625 0.0375 0.03125
5 0.25625 0.9125 0.05 0.025
5 0.02031 0.79688 0.04062 0.03125
5 0.61562 0.58906 0.05 0.03437
5 0.32188 0.79219 0.0375 0.02813
5 0.99375 0.47188 0.0125 0.025
5 0.59688 0.64531 0.05 0.03437
5 0.76562 0.64062 0.0375 0.03125
5 0.54219 0.71719 0.04063 0.02812
5 0.41562 0.85156 0.0625 0.03438
5 0.67656 0.67188 0.05312 0.03125
5 0.40469 0.11875 0.04688 0.025
5 0.13281 0.80625 0.05312 0.025
5 0.19219 0.7375 0.05313 0.025
5 0.9625 0.50781 0.04375 0.02812
5 0.17812 0.7875 0.04375 0.03125
5 0.23438 0.76875 0.05 0.03125
5 0.31875 0.7375 0.04375 0.03125
5 0.44531 0.75156 0.04063 0.02812
5 0.21094 0.92656 0.05312 0.02813
5 0.92344 0.58281 0.05937 0.03437
5 0.8875 0.52969 0.05 0.02812
5 0.98594 0.74375 0.02812 0.0375
5 0.18281 0.84062 0.04688 0.025
5 0.22188 0.83438 0.05 0.025
5 0.83594 0.50313 0.04688 0.03125
5 0.69531 0.60938 0.04062 0.025
5 0.49219 0.73594 0.05313 0.03438
5 0.32031 0.69219 0.03438 0.02813
5 0.14375 0.75469 0.05 0.02813
5 0.14219 0.86094 0.04688 0.02812
5 0.65 0.62656 0.04375 0.03438
5 0.62813 0.6875 0.0375 0.03125
5 0.00781 0.26875 0.01562 0.03125
48 0.91562 0.95469 0.16875 0.09062
5 0.17031 0.94531 0.04062 0.02812
5 0.74062 0.54062 0.04375 0.025
5 0.35469 0.68125 0.02813 0.025
5 0.2375 0.18906 0.0375 0.02188
5 0.05938 0.78125 0.04375 0.03125
5 0.47188 0.69062 0.04375 0.03125
5 0.96875 0.80312 0.0375 0.03125
5 0.13906 0.225 0.04062 0.025
5 0.31875 0.15625 0.05 0.025
5 0.99688 0.87031 0.00625 0.04688
5 0.57188 0.05469 0.05 0.02813
5 0.09219 0.24062 0.04688 0.03125
5 0.09844 0.76719 0.05937 0.02812
5 0.92344 0.47188 0.03438 0.03125
5 0.72344 0.74844 0.04063 0.02812
