5 0.29531 0.38125 0.05938 0.0375
5 0.31406 0.40625 0.04688 0.03125
5 0.33125 0.42344 0.05 0.03437
5 0.34531 0.44688 0.04062 0.03125
5 0.40625 0.54531 0.05 0.04063
5 0.42344 0.57344 0.06562 0.04063
5 0.4375 0.59844 0.05 0.04063
5 0.51875 0.71875 0.05 0.03125
5 0.54062 0.7625 0.05 0.0375
5 0.55625 0.78594 0.05625 0.02813
5 0.67812 0.72969 0.04375 0.03437
5 0.66719 0.70156 0.04063 0.03438
5 0.44531 0.36562 0.04688 0.0375
5 0.46406 0.38125 0.04688 0.03125
5 0.475 0.40625 0.05625 0.03125
5 0.49219 0.425 0.04062 0.03125
5 0.49844 0.44844 0.04063 0.02813
5 0.5125 0.46406 0.05 0.03437
5 0.53125 0.48438 0.05 0.0375
5 0.54844 0.50625 0.04063 0.03125
5 0.55625 0.53281 0.05 0.02812
5 0.56719 0.55156 0.04688 0.03437
5 0.98906 0.77656 0.02187 0.03437
48 0.55781 0.05938 0.16563 0.11875
48 0.52656 0.01406 0.14063 0.02812
48 0.25938 0.09844 0.2375 0.19688
48 0.10156 0.09375 0.13438 0.16875
48 0.975 0.04844 0.05 0.09688
48 0.81094 0.15781 0.24062 0.19062
48 0.87188 0.24688 0.2 0.175
48 0.91406 0.33438 0.17188 0.1875
48 0.94062 0.42031 0.11875 0.16563
48 0.96094 0.49687 0.07812 0.125
48 0.67188 0.25313 0.21875 0.2
48 0.71562 0.34062 0.225 0.1625
48 0.78906 0.42031 0.20312 0.15313
48 0.84219 0.50313 0.22813 0.175
48 0.89219 0.57812 0.21562 0.18125
48 0.92344 0.69219 0.15312 0.19688
48 0.97812 0.66406 0.04375 0.14062
48 0.97031 0.60156 0.05937 0.10312
53 0.47656 0.55937 0.47188 0.58125
5 0.61094 0.00469 0.04063 0.00938
