5 0.44844 0.0125 0.02813 0.025
48 0.25156 0.02031 0.27187 0.04062
5 0.37812 0.06406 0.0625 0.04063
48 0.22031 0.15156 0.14063 0.22812
48 0.13438 0.07187 0.13125 0.1125
5 0.36719 0.19531 0.03438 0.04688
5 0.75469 0.25781 0.02813 0.04063
48 0.14531 0.37812 0.29063 0.2125
48 0.1 0.51406 0.175 0.09687
48 0.10625 0.70312 0.2125 0.36875
5 0.30625 0.66719 0.025 0.03437
5 0.32188 0.59844 0.01875 0.02187
48 0.05156 0.95312 0.10312 0.09375
48 0.02969 0.99688 0.05938 0.00625
48 0.96562 0.94219 0.06875 0.11562
48 0.98594 0.70469 0.02812 0.15312
48 0.39844 0.69375 0.13438 0.2
48 0.58906 0.62344 0.09063 0.08437
48 0.81719 0.64375 0.12188 0.0875
48 0.94375 0.48438 0.1125 0.2125
48 0.92344 0.01406 0.15312 0.02812
9 0.49688 0.06094 0.04375 0.05938
48 0.57344 0.09688 0.17812 0.19375
48 0.79531 0.15313 0.36562 0.19375
5 0.34375 0.52969 0.0375 0.03438
5 0.8625 0.46406 0.03125 0.04063
5 0.84375 0.51719 0.03125 0.03438
48 0.49687 0.4 0.1875 0.175
48 0.63906 0.41719 0.11562 0.14062
48 0.6875 0.52656 0.15 0.13438
48 0.49375 0.56406 0.18125 0.10938
48 0.43906 0.7 0.20937 0.225
48 0.40156 0.87031 0.10938 0.12188
48 0.49687 0.90312 0.14375 0.13125
48 0.72344 0.83281 0.46563 0.33438
48 0.98281 0.71094 0.03438 0.17813
