10 0.20938 0.00938 0.01875 0.01875
10 0.23906 0.0625 0.02188 0.04375
48 0.06719 0.40469 0.13438 0.19062
48 0.05156 0.04531 0.10312 0.09062
48 0.83438 0.15937 0.2 0.24375
48 0.46875 0.09688 0.19375 0.19375
48 0.64219 0.10312 0.22188 0.20625
48 0.27812 0.26094 0.15625 0.19062
48 0.25781 0.43594 0.12813 0.19688
48 0.4125 0.50781 0.13125 0.12187
48 0.40781 0.2875 0.20937 0.175
48 0.14531 0.05469 0.14062 0.10938
48 0.04375 0.78594 0.0875 0.24062
48 0.20469 0.84375 0.14688 0.1875
48 0.04844 0.59219 0.09688 0.14687
48 0.49375 0.42812 0.06875 0.09375
48 0.50313 0.85 0.11875 0.09375
48 0.425 0.42656 0.1 0.07188
48 0.0875 0.225 0.15 0.1625
48 0.325 0.07344 0.2375 0.14688
48 0.95156 0.17656 0.09688 0.20938
48 0.41719 0.37344 0.07188 0.06562
48 0.79375 0.37656 0.225 0.13437
48 0.93438 0.4125 0.13125 0.19375
48 0.36562 0.86094 0.20625 0.21562
48 0.59844 0.46875 0.12812 0.125
48 0.78125 0.54062 0.225 0.225
48 0.25 0.67812 0.20625 0.175
48 0.92031 0.54062 0.15938 0.2125
48 0.63594 0.31562 0.12812 0.1
48 0.32188 0.48594 0.11875 0.14062
48 0.53906 0.32656 0.14688 0.17813
48 0.47969 0.71875 0.24688 0.2
48 0.71719 0.025 0.15938 0.05
48 0.50625 0.51094 0.14375 0.18438
48 0.89375 0.04531 0.2 0.09062
48 0.97344 0.03906 0.05312 0.07812
48 0.64531 0.95 0.09687 0.1
48 0.74844 0.84219 0.07812 0.08437
48 0.74063 0.93125 0.06875 0.0875
48 0.69062 0.84688 0.0625 0.1125
5 0.41719 0.19062 0.04688 0.0375
5 0.55625 0.20312 0.03125 0.025
5 0.35938 0.15937 0.0375 0.025
48 0.28594 0.99375 0.10938 0.0125
48 0.77969 0.75 0.09688 0.1125
48 0.68906 0.76094 0.09688 0.14687
5 0.3125 0.14844 0.04375 0.01562
5 0.90625 0.70469 0.05 0.01562
5 0.62813 0.54844 0.0375 0.04063
5 0.57656 0.97656 0.02812 0.04688
48 0.83438 0.87188 0.1125 0.08125
48 0.17969 0.97969 0.17812 0.04063
48 0.8625 0.75781 0.11875 0.09062
48 0.80469 0.95312 0.10938 0.09375
