48 0.77188 0.02344 0.225 0.04688
48 0.82344 0.09375 0.22187 0.1375
48 0.95312 0.07969 0.09375 0.12188
48 0.92969 0.01562 0.12813 0.03125
48 0.925 0.53594 0.15 0.24062
48 0.99219 0.67344 0.01562 0.11562
48 0.3875 0.12969 0.23125 0.25938
48 0.57187 0.14219 0.1625 0.15313
10 0.71094 0.15781 0.04062 0.04688
5 0.72188 0.2 0.0375 0.04375
5 0.73125 0.23906 0.03125 0.04063
5 0.74062 0.27187 0.03125 0.0375
5 0.75469 0.31875 0.03437 0.04375
10 0.68125 0.05 0.025 0.0375
5 0.29844 0.80938 0.05313 0.03125
5 0.32031 0.96094 0.05937 0.02812
5 0.90781 0.80938 0.04063 0.03125
5 0.94688 0.82812 0.04375 0.03125
5 0.86406 0.98594 0.05938 0.02812
5 0.16875 0.72188 0.06875 0.05625
5 0.95781 0.90938 0.07188 0.0375
48 0.55937 0.03125 0.1875 0.0625
5 0.12031 0.77344 0.07812 0.03438
5 0.20625 0.30156 0.03125 0.03437
5 0.19375 0.39062 0.0625 0.03125
5 0.71406 0.88438 0.05312 0.03125
5 0.92969 0.87188 0.07187 0.025
5 0.02188 0.76094 0.04375 0.04063
5 0.77188 0.375 0.05 0.0375
5 0.02344 0.81719 0.04688 0.05312
5 0.10469 0.90938 0.05313 0.05
5 0.44844 0.94062 0.05312 0.025
48 0.15 0.03594 0.21875 0.07187
48 0.40781 0.55 0.81562 0.44375
5 0.79062 0.46562 0.0375 0.04375
48 0.01875 0.02812 0.0375 0.05625
5 0.05781 0.97188 0.04062 0.0375
5 0.425 0.975 0.08125 0.025
5 0.66562 0.01562 0.03125 0.03125
5 0.86719 0.73438 0.04062 0.03125
5 0.11406 0.73906 0.07187 0.04688
5 0.26875 0.76875 0.06875 0.04375
5 0.72344 0.97344 0.07188 0.03437
5 0.07187 0.84688 0.05625 0.05
5 0.84219 0.9125 0.05312 0.01875
5 0.99844 0.95156 0.00313 0.03438
5 0.83438 0.88437 0.06875 0.025
5 0.81719 0.54844 0.02813 0.04063
8 0.67969 0.86094 0.05937 0.03438
5 0.69844 0.11094 0.04063 0.04688
48 0.60312 0.29063 0.19375 0.175
5 0.55312 0.9875 0.08125 0.025
5 0.975 0.99688 0.05 0.00625
5 0.00469 0.76875 0.00938 0.05
5 0.20156 0.78281 0.05938 0.02812
5 0.49062 0.79531 0.08125 0.04063
5 0.80938 0.50938 0.0375 0.03125
5 0.15313 0.28906 0.04375 0.02812
5 0.71562 0.8375 0.04375 0.03125
48 0.66875 0.47188 0.2 0.25
5 0.11406 0.85938 0.05937 0.05625
5 0.05781 0.91094 0.05938 0.05938
5 0.77656 0.90469 0.06562 0.04063
5 0.85312 0.69219 0.04375 0.03437
8 0.54062 0.85469 0.06875 0.03437
5 0.32812 0.21094 0.0625 0.04063
5 0.05625 0.67344 0.075 0.05312
5 0.84219 0.64062 0.02812 0.05625
