5 0.12812 0.38906 0.0375 0.04688
48 0.89844 0.16094 0.20312 0.32188
48 0.47812 0.22656 0.95625 0.45312
48 0.12812 0.65625 0.24375 0.2375
48 0.18281 0.78125 0.20937 0.1625
48 0.05938 0.86406 0.11875 0.16563
48 0.24375 0.89531 0.19375 0.14062
48 0.42188 0.82969 0.19375 0.14687
5 0.39219 0.96875 0.02813 0.025
48 0.35781 0.98594 0.19687 0.02812
48 0.52812 0.92656 0.20625 0.14687
48 0.62344 0.97656 0.19063 0.04688
5 0.7375 0.92344 0.04375 0.04063
48 0.08438 0.92812 0.16875 0.14375
48 0.34844 0.87656 0.12188 0.10938
