10 0.07969 0.94687 0.05312 0.0375
48 0.58594 0.25938 0.20312 0.1375
48 0.23281 0.78281 0.19062 0.17812
9 0.13281 0.91562 0.04688 0.05625
48 0.45625 0.77812 0.24375 0.1625
48 0.11875 0.99375 0.1625 0.0125
48 0.4 0.97344 0.2375 0.05312
48 0.54062 0.95 0.21875 0.1
48 0.11406 0.725 0.09688 0.0875
48 0.35781 0.68906 0.13437 0.10938
48 0.68438 0.74219 0.1875 0.14688
48 0.47344 0.64219 0.17187 0.10938
48 0.58438 0.60312 0.175 0.1375
48 0.29844 0.53594 0.17188 0.15937
48 0.10938 0.55469 0.13125 0.20938
48 0.18438 0.41719 0.1 0.10313
48 0.27656 0.38281 0.12813 0.12187
48 0.42344 0.39062 0.22188 0.20625
48 0.16094 0.28281 0.20938 0.16562
48 0.3625 0.20156 0.25625 0.17813
48 0.51406 0.13438 0.16563 0.1625
48 0.64844 0.06719 0.19063 0.13438
48 0.80938 0.23438 0.2375 0.2
48 0.80156 0.03594 0.21563 0.07187
48 0.98125 0.29219 0.0375 0.10938
48 0.90312 0.36719 0.1625 0.11562
48 0.92969 0.48125 0.14062 0.11875
5 0.94687 0.60156 0.025 0.02812
48 0.75 0.52031 0.15 0.09063
48 0.77344 0.57656 0.12187 0.09062
48 0.80313 0.62656 0.1 0.11562
48 0.98281 0.5625 0.03438 0.1125
48 0.72812 0.9 0.2125 0.2
48 0.94062 0.89219 0.11875 0.21562
48 0.85938 0.98594 0.20625 0.02812
48 0.96719 0.02188 0.06563 0.04375
48 0.68438 0.39062 0.26875 0.2125
48 0.88438 0.6125 0.125 0.13125
