5 0.07812 0.85 0.03125 0.05
48 0.24062 0.02344 0.44375 0.04688
48 0.11406 0.38438 0.22812 0.525
7 0.08906 0.05469 0.04688 0.02813
5 0.26094 0.10625 0.04688 0.025
5 0.28438 0.17188 0.04375 0.025
5 0.325 0.20938 0.05 0.03125
6 0.52812 0.13281 0.04375 0.07188
5 0.57656 0.1375 0.02812 0.04375
8 0.65625 0.15 0.05 0.025
5 0.65781 0.175 0.05312 0.025
48 0.40156 0.48906 0.42188 0.49062
5 0.0875 0.67969 0.025 0.04062
5 0.10781 0.84688 0.02812 0.04375
5 0.13594 0.85781 0.03438 0.04688
5 0.1 0.98125 0.03125 0.0375
7 0.1375 0.9875 0.0375 0.025
48 0.82031 0.78594 0.18437 0.14687
48 0.57656 0.06875 0.47812 0.1375
48 0.90781 0.35312 0.18437 0.58125
48 0.925 0.86406 0.15 0.27187
5 0.45312 0.11562 0.03125 0.05
5 0.48594 0.10781 0.02813 0.03438
