5 0.86406 0.16719 0.04688 0.03438
5 0.63281 0.14375 0.02188 0.04375
5 0.51719 0.01719 0.02187 0.03438
5 0.53594 0.05156 0.02813 0.04688
5 0.76719 0.04531 0.02812 0.04688
5 0.51406 0.05312 0.02187 0.04375
5 0.63125 0.03906 0.025 0.04688
5 0.76562 0.01094 0.025 0.02188
5 0.49375 0.05 0.01875 0.04375
5 0.38906 0.37031 0.04062 0.02187
5 0.65625 0.05 0.025 0.0375
5 0.50938 0.36875 0.05 0.01875
5 0.69844 0.01406 0.02813 0.02812
5 0.725 0.01406 0.025 0.02812
5 0.45938 0.14844 0.01875 0.04063
5 0.5625 0.14688 0.01875 0.04375
5 0.38906 0.13906 0.04062 0.03438
5 0.86094 0.02031 0.04063 0.02188
48 0.82031 0.93906 0.35938 0.12187
48 0.14688 0.87344 0.29375 0.25313
48 0.34219 0.90312 0.59688 0.19375
5 0.4375 0.36406 0.05 0.02187
5 0.56563 0.36406 0.05 0.02187
5 0.61094 0.36406 0.04063 0.01562
5 0.4375 0.25469 0.04375 0.04063
5 0.39531 0.29219 0.02813 0.02813
5 0.42656 0.29375 0.02813 0.03125
5 0.46406 0.29688 0.02813 0.0375
5 0.4875 0.28906 0.03125 0.03438
5 0.46094 0.24531 0.03438 0.04062
5 0.4875 0.24219 0.03125 0.04063
5 0.51406 0.24531 0.02187 0.04688
5 0.53438 0.24219 0.01875 0.04063
5 0.51406 0.28906 0.02187 0.02812
5 0.5375 0.29219 0.01875 0.04063
5 0.5625 0.29688 0.01875 0.0375
5 0.56094 0.24062 0.02187 0.0375
5 0.58281 0.24375 0.02187 0.04375
9 0.6 0.24844 0.01875 0.04062
5 0.62969 0.24531 0.01562 0.03438
5 0.58281 0.29219 0.02187 0.04063
5 0.62813 0.29531 0.01875 0.04062
5 0.67188 0.24219 0.01875 0.04063
5 0.64844 0.25 0.02188 0.0375
5 0.60312 0.29531 0.01875 0.02813
5 0.64844 0.29375 0.02188 0.0375
5 0.675 0.2875 0.01875 0.0375
5 0.7375 0.24531 0.025 0.04688
9 0.69375 0.24844 0.01875 0.03437
5 0.69531 0.29219 0.02188 0.04063
5 0.71719 0.24844 0.01562 0.03437
5 0.74063 0.29375 0.025 0.04375
5 0.7625 0.24375 0.01875 0.0375
5 0.79688 0.25 0.0375 0.04375
5 0.71875 0.29063 0.01875 0.04375
5 0.76406 0.29219 0.01562 0.03437
5 0.78438 0.29375 0.01875 0.0375
9 0.81719 0.29219 0.04063 0.04063
5 0.83125 0.25625 0.03125 0.03125
5 0.85781 0.24844 0.03438 0.03437
5 0.7875 0.14531 0.01875 0.04062
5 0.76562 0.14531 0.01875 0.04062
5 0.74688 0.14531 0.01875 0.03438
5 0.69688 0.15 0.01875 0.04375
5 0.72188 0.14531 0.025 0.04062
5 0.65469 0.14375 0.02187 0.0375
5 0.67656 0.14375 0.02187 0.0375
5 0.60781 0.14219 0.02187 0.04063
5 0.58438 0.13906 0.025 0.05938
5 0.5375 0.14687 0.01875 0.0375
5 0.51562 0.13125 0.01875 0.0375
5 0.48281 0.15 0.02188 0.04375
5 0.43906 0.15 0.01562 0.0375
5 0.40625 0.17656 0.0375 0.03438
9 0.58281 0.03281 0.02813 0.05938
5 0.69688 0.05312 0.01875 0.0375
5 0.67656 0.01406 0.02187 0.02812
9 0.46562 0.04844 0.01875 0.04063
2 0.02188 0.02344 0.04375 0.04688
48 0.17969 0.07656 0.08437 0.15313
5 0.78594 0.51406 0.04063 0.01562
5 0.67969 0.36562 0.03438 0.01875
53 0.62344 0.05938 0.33438 0.11875
53 0.625 0.16406 0.35625 0.15313
53 0.62813 0.29063 0.4875 0.10625
53 0.53594 0.36562 0.33438 0.0375
9 0.23438 0.20781 0.0375 0.01562
9 0.2375 0.25781 0.03125 0.02187
4 0.25469 0.30781 0.03437 0.02813
9 0.22656 0.23281 0.04688 0.01562
9 0.22031 0.18594 0.04062 0.02188
59 0.68594 0.97188 0.10313 0.05625
48 0.02188 0.52031 0.04375 0.14687
48 0.07344 0.47969 0.09062 0.27812
48 0.15313 0.48438 0.13125 0.59375
48 0.03281 0.6875 0.06562 0.15
