5 0.40938 0.09531 0.03125 0.04063
5 0.46406 0.20469 0.02813 0.04062
5 0.49375 0.24844 0.01875 0.03437
5 0.53906 0.35781 0.04062 0.04688
5 0.85469 0.84688 0.04063 0.0375
5 0.84375 0.76406 0.05625 0.02812
5 0.83594 0.72812 0.05313 0.0375
48 0.16719 0.03438 0.15938 0.06875
48 0.07344 0.08281 0.09062 0.09062
48 0.04375 0.26719 0.0875 0.13437
48 0.0125 0.30781 0.025 0.13438
48 0.66094 0.30938 0.46563 0.61875
48 0.85625 0.66094 0.2875 0.32812
48 0.96875 0.94062 0.0625 0.11875
48 0.54375 0.9125 0.25625 0.175
48 0.22344 0.54531 0.15937 0.18437
48 0.05781 0.53906 0.11562 0.16562
48 0.55937 0.02656 0.125 0.05312
48 0.69531 0.0625 0.10312 0.1125
48 0.19219 0.07188 0.17188 0.11875
48 0.03281 0.02656 0.06562 0.05312
48 0.02969 0.07187 0.05938 0.1375
48 0.24219 0.15625 0.16563 0.1125
48 0.02031 0.46406 0.04062 0.14687
48 0.21562 0.70781 0.125 0.12812
48 0.02031 0.77656 0.04062 0.12812
48 0.0625 0.86406 0.125 0.13438
48 0.10156 0.74219 0.13438 0.12813
48 0.48438 0.61875 0.10625 0.0875
48 0.56875 0.75625 0.08125 0.075
48 0.09844 0.95938 0.13438 0.08125
48 0.41719 0.56406 0.17812 0.11562
48 0.22969 0.82812 0.10312 0.09375
48 0.28906 0.78438 0.12187 0.0875
48 0.33281 0.71406 0.09687 0.09063
48 0.30937 0.95 0.10625 0.0875
48 0.10938 0.41094 0.09375 0.14687
48 0.13906 0.18906 0.07812 0.09687
48 0.31562 0.34531 0.1875 0.11563
48 0.40781 0.49062 0.14688 0.11875
48 0.45 0.02812 0.1125 0.05625
23 0.94375 0.03281 0.1125 0.06562
8 0.85156 0.80781 0.09688 0.06562
10 0.01562 0.175 0.03125 0.06875
