48 0.93594 0.34219 0.12813 0.09063
48 0.75156 0.51406 0.11562 0.09062
48 0.73906 0.325 0.13438 0.09375
48 0.54219 0.56719 0.10938 0.11562
48 0.14844 0.6 0.08438 0.08125
48 0.01875 0.41719 0.0375 0.09063
48 0.77969 0.16719 0.11562 0.10312
48 0.64375 0.03906 0.15 0.07812
48 0.80938 0.06562 0.15625 0.13125
48 0.925 0.94531 0.15 0.10938
48 0.76719 0.77031 0.09688 0.12188
48 0.69688 0.82344 0.125 0.12188
48 0.82656 0.90781 0.10313 0.12813
48 0.90781 0.84844 0.10938 0.10313
48 0.70625 0.99688 0.125 0.00625
48 0.93906 0.5625 0.10313 0.1125
48 0.80469 0.41406 0.06563 0.14687
48 0.57969 0.34531 0.07812 0.04688
48 0.59219 0.62187 0.11562 0.06875
48 0.09219 0.51406 0.14062 0.11563
48 0.06719 0.59219 0.04688 0.06563
5 0.07344 0.66875 0.02812 0.0375
48 0.55625 0.05313 0.075 0.0625
48 0.57969 0.10312 0.06563 0.0625
50 0.46875 0.20781 0.13125 0.08438
48 0.58281 0.41562 0.09063 0.08125
48 0.27656 0.54062 0.10938 0.14375
48 0.89219 0.65781 0.09062 0.09062
48 0.15156 0.79688 0.21562 0.175
48 0.61875 0.70469 0.225 0.19063
48 0.99688 0.76094 0.00625 0.14687
48 0.33438 0.03281 0.1125 0.06562
48 0.41719 0.37969 0.14687 0.10313
48 0.02031 0.57188 0.04062 0.18125
48 0.61875 0.96562 0.1125 0.06875
48 0.37031 0.25781 0.16563 0.13438
48 0.89688 0.02969 0.16875 0.05938
48 0.30156 0.16875 0.10938 0.15625
48 0.44375 0.11562 0.1375 0.11875
48 0.49688 0.47656 0.10625 0.10938
48 0.79531 0.98594 0.12813 0.02812
48 0.64062 0.17344 0.09375 0.10312
48 0.63125 0.53438 0.13125 0.1625
48 0.52969 0.25625 0.15937 0.06875
48 0.84219 0.73125 0.13438 0.11875
48 0.54219 0.29844 0.12812 0.05938
48 0.47344 0.01406 0.20937 0.02812
48 0.32812 0.68906 0.0875 0.22188
48 0.20625 0.06094 0.125 0.12188
48 0.94688 0.67344 0.10625 0.16563
48 0.88906 0.42031 0.14062 0.17188
48 0.89062 0.18594 0.10625 0.09063
