5 0.60781 0.74062 0.06563 0.03125
8 0.74375 0.80469 0.1 0.10312
5 0.74375 0.46875 0.08125 0.0375
5 0.70625 0.46094 0.06875 0.04063
5 0.6625 0.44375 0.075 0.0375
5 0.62344 0.43125 0.07188 0.04375
5 0.56875 0.41562 0.05625 0.04375
5 0.53125 0.40312 0.0625 0.04375
5 0.49375 0.39375 0.05625 0.04375
5 0.42188 0.36875 0.05625 0.05
5 0.38125 0.35469 0.08125 0.04063
5 0.98125 0.18906 0.0375 0.04062
5 0.98906 0.15469 0.02187 0.03437
5 0.94844 0.22969 0.05312 0.04688
5 0.90938 0.22344 0.05 0.05313
5 0.875 0.20781 0.05 0.05313
5 0.83438 0.20156 0.05 0.05938
5 0.79531 0.18906 0.04688 0.04688
48 0.89844 0.05312 0.20312 0.10625
48 0.40156 0.14844 0.46562 0.29688
48 0.0875 0.09531 0.175 0.19062
48 0.00781 0.8 0.01562 0.2125
48 0.34062 0.85625 0.35625 0.18125
48 0.39062 0.42656 0.78125 0.30312
48 0.25625 0.53906 0.5125 0.25937
48 0.29844 0.72344 0.59688 0.28437
48 0.63281 0.67656 0.15938 0.16563
