48 0.9625 0.96719 0.075 0.06563
48 0.9125 0.01562 0.175 0.03125
48 0.91406 0.05469 0.17188 0.07812
48 0.91719 0.12031 0.16563 0.07812
48 0.94375 0.17969 0.1125 0.06562
48 0.54219 0.03906 0.31562 0.07812
48 0.60156 0.16562 0.19687 0.1375
48 0.49688 0.38125 0.4125 0.375
48 0.95469 0.23594 0.09062 0.06562
48 0.94375 0.2875 0.1125 0.06875
48 0.93438 0.3375 0.13125 0.08125
48 0.95469 0.44844 0.09062 0.17812
48 0.94844 0.60781 0.10313 0.12813
48 0.95781 0.70156 0.08437 0.06563
48 0.9625 0.79688 0.075 0.08125
48 0.97188 0.86406 0.05625 0.07812
48 0.45 0.65625 0.26875 0.15
48 0.66719 0.73594 0.22813 0.19063
48 0.57969 0.90781 0.31563 0.18437
48 0.28594 0.66562 0.06562 0.09375
48 0.18125 0.82812 0.1 0.25625
48 0.25469 0.90312 0.07812 0.14375
48 0.24062 0.76719 0.075 0.12813
