48 0.33281 0.96719 0.19062 0.06563
48 0.59375 0.00781 0.06875 0.01562
48 0.48906 0.00625 0.08437 0.0125
48 0.35469 0.00312 0.17188 0.00625
48 0.0625 0.02031 0.06875 0.04062
48 0.95 0.05781 0.1 0.07187
48 0.96094 0.03281 0.07812 0.06562
48 0.67812 0.22188 0.16875 0.1875
48 0.94688 0.16875 0.10625 0.0875
48 0.80938 0.49062 0.275 0.15
48 0.05781 0.60625 0.11562 0.13125
48 0.08281 0.70312 0.11562 0.075
48 0.92188 0.71094 0.15625 0.29062
48 0.99375 0.63437 0.0125 0.13125
48 0.80312 0.99531 0.14375 0.00938
48 0.01562 0.86094 0.03125 0.09688
48 0.00625 0.66719 0.0125 0.14687
48 0.01094 0.05938 0.02188 0.11875
48 0.0625 0.2375 0.125 0.225
48 0.89531 0.92812 0.20937 0.14375
