48 0.12812 0.59219 0.25625 0.32188
48 0.2625 0.46719 0.29375 0.22188
48 0.16406 0.35781 0.27812 0.19062
5 0.0125 0.33125 0.025 0.0375
5 0.02188 0.87812 0.04375 0.04375
6 0.18281 0.85625 0.06563 0.06875
5 0.12812 0.90312 0.04375 0.04375
5 0.33438 0.63281 0.05 0.05313
5 0.45 0.81094 0.025 0.04063
5 0.43125 0.98594 0.0625 0.02812
5 0.59844 0.88594 0.03437 0.05312
5 0.51094 0.84844 0.02813 0.04688
5 0.71094 0.88594 0.02812 0.04688
5 0.79688 0.87188 0.03125 0.04375
5 0.84844 0.87188 0.03437 0.05
5 0.68125 0.975 0.03125 0.05
5 0.80625 0.97969 0.03125 0.04063
5 0.89219 0.87344 0.02812 0.05312
5 0.92969 0.86875 0.02812 0.05
5 0.97656 0.86562 0.03438 0.05
5 0.95625 0.97812 0.0375 0.04375
5 0.99219 0.98281 0.01562 0.03438
48 0.74375 0.57031 0.5125 0.46562
6 0.37812 0.94219 0.0625 0.07188
48 0.09219 0.08438 0.18438 0.16875
