5 0.28594 0.30469 0.03437 0.03438
5 0.3125 0.32188 0.04375 0.0375
5 0.34531 0.34062 0.04688 0.04375
5 0.41562 0.36094 0.05625 0.02813
5 0.4375 0.375 0.05 0.0375
5 0.48125 0.39375 0.0625 0.0375
5 0.56875 0.44688 0.05625 0.0375
5 0.61094 0.45625 0.05312 0.04375
5 0.02188 0.25625 0.0375 0.025
5 0.01875 0.28281 0.0375 0.02813
5 0.01094 0.30312 0.02188 0.025
5 0.175 0.32031 0.025 0.03438
5 0.07344 0.35469 0.03437 0.04063
5 0.10312 0.34844 0.025 0.04688
5 0.13281 0.35938 0.02813 0.04375
5 0.175 0.3875 0.03125 0.05
5 0.20312 0.39688 0.025 0.04375
5 0.22969 0.40625 0.02812 0.0375
5 0.29688 0.44531 0.03125 0.04063
5 0.33594 0.45938 0.02812 0.04375
5 0.36406 0.46875 0.03437 0.05
5 0.39844 0.47812 0.02812 0.04375
5 0.4375 0.51562 0.03125 0.04375
5 0.47188 0.50469 0.03125 0.04063
5 0.49844 0.52031 0.04063 0.04687
5 0.16875 0.42188 0.04375 0.025
5 0.20781 0.44219 0.04062 0.02813
5 0.2375 0.46094 0.05 0.02812
5 0.26719 0.47812 0.05313 0.03125
5 0.29844 0.49375 0.05938 0.03125
5 0.3375 0.51406 0.05 0.02812
5 0.11094 0.48281 0.02812 0.04063
5 0.07969 0.45938 0.02812 0.04375
5 0.0375 0.45312 0.025 0.04375
5 0.13438 0.50156 0.03125 0.04062
5 0.175 0.52344 0.03125 0.04688
5 0.20625 0.53594 0.03125 0.04688
5 0.24531 0.55625 0.02813 0.04375
5 0.27656 0.56875 0.02813 0.0375
5 0.31094 0.58438 0.02813 0.03125
5 0.37813 0.62656 0.01875 0.04063
5 0.40938 0.64375 0.025 0.05
5 0.44219 0.66719 0.02813 0.04063
53 0.32812 0.46094 0.65625 0.54062
48 0.975 0.77344 0.05 0.13437
48 0.86094 0.9 0.25938 0.175
48 0.71719 0.92812 0.37813 0.14375
48 0.26094 0.98594 0.52188 0.02812
