48 0.15625 0.58281 0.0875 0.10313
48 0.4125 0.5125 0.1375 0.11875
48 0.90938 0.06875 0.18125 0.1375
48 0.11562 0.01719 0.21875 0.03438
5 0.11719 0.74844 0.02813 0.04688
5 0.13594 0.75156 0.02812 0.04688
5 0.15937 0.74844 0.025 0.04688
5 0.18125 0.75625 0.025 0.0375
5 0.02344 0.63125 0.04688 0.01875
5 0.01875 0.60938 0.0375 0.01875
5 0.22344 0.77031 0.02812 0.04063
5 0.42031 0.77969 0.04688 0.03438
5 0.2875 0.79688 0.0375 0.0375
5 0.26875 0.78594 0.03125 0.03437
5 0.25312 0.775 0.03125 0.03125
5 0.42969 0.81406 0.04063 0.03438
5 0.45156 0.74531 0.02188 0.04063
5 0.49844 0.74219 0.02188 0.04062
5 0.47812 0.8 0.03125 0.0375
5 0.56094 0.85312 0.02187 0.05
5 0.39375 0.91562 0.025 0.05
5 0.36875 0.9 0.0125 0.03125
5 0.35469 0.89688 0.01562 0.03125
5 0.45625 0.97969 0.0375 0.04063
5 0.40156 0.99531 0.03437 0.00938
5 0.37656 0.99062 0.02813 0.01875
5 0.57969 0.74531 0.02812 0.04063
5 0.65 0.69531 0.01875 0.03438
5 0.61094 0.83125 0.02187 0.03125
5 0.60625 0.875 0.025 0.0375
5 0.76094 0.50313 0.03437 0.0375
5 0.98906 0.36719 0.02187 0.04063
5 0.97812 0.37656 0.03125 0.03437
5 0.96094 0.38594 0.04062 0.03437
5 0.85312 0.46719 0.04375 0.04062
53 0.69375 0.42344 0.10625 0.10938
5 0.62187 0.07812 0.025 0.04375
5 0.6625 0.12344 0.01875 0.04062
5 0.7 0.02188 0.01875 0.04375
48 0.38281 0.075 0.34688 0.14375
48 0.12188 0.94219 0.24375 0.11562
5 0.66562 0.52812 0.03125 0.04375
5 0.67969 0.49375 0.02812 0.03125
5 0.81094 0.51875 0.03438 0.03125
5 0.37344 0.73281 0.02188 0.03438
48 0.8625 0.2625 0.275 0.275
5 0.32969 0.73281 0.02188 0.04063
5 0.03281 0.69844 0.04688 0.01562
5 0.29219 0.73594 0.02187 0.03438
5 0.38906 0.74219 0.02188 0.03438
5 0.54531 0.99844 0.04063 0.00313
5 0.32031 0.82188 0.03438 0.03125
5 0.35625 0.72969 0.025 0.03437
48 0.86562 0.02344 0.1875 0.04688
5 0.42188 0.91719 0.025 0.04688
5 0.00156 0.69844 0.00312 0.01562
5 0.34219 0.85 0.03437 0.01875
48 0.05625 0.07656 0.1125 0.15313
48 0.49375 0.62813 0.225 0.16875
48 0.96719 0.03438 0.06563 0.06875
5 0.43281 0.74844 0.01562 0.04063
48 0.51875 0.50938 0.1875 0.125
5 0.35781 0.86719 0.03437 0.02812
48 0.07969 0.50313 0.15937 0.10625
5 0.30781 0.80625 0.04063 0.0375
5 0.01719 0.72969 0.02188 0.04688
48 0.5375 0.03594 0.25625 0.07187
5 0.70938 0.40312 0.0375 0.03125
48 0.07031 0.26406 0.14062 0.19062
53 0.19531 0.67969 0.39062 0.22188
5 0.725 0.39062 0.0375 0.03125
48 0.31719 0.03594 0.29688 0.07187
5 0.00312 0.72969 0.00625 0.04063
5 0.40781 0.74063 0.02188 0.0375
48 0.48906 0.30156 0.25312 0.26562
5 0.65469 0.46562 0.04063 0.025
5 0.68594 0.44062 0.03438 0.025
48 0.27344 0.26875 0.19688 0.20625
5 0.65312 0.05781 0.01875 0.05313
5 0.275 0.72188 0.01875 0.0375
5 0.7 0.42031 0.0375 0.03437
5 0.40781 0.96719 0.01562 0.03438
48 0.27812 0.47188 0.18125 0.15625
5 0.66406 0.45312 0.03438 0.025
48 0.05156 0.39531 0.10312 0.12812
5 0.04062 0.72969 0.01875 0.04688
5 0.3125 0.72812 0.01875 0.0375
