48 0.08594 0.95312 0.17188 0.09375
48 0.275 0.82188 0.11875 0.10625
48 0.82656 0.94687 0.12187 0.1
48 0.90312 0.90781 0.10625 0.08437
48 0.90625 0.70938 0.09375 0.08125
48 0.30156 0.45625 0.14688 0.075
48 0.09844 0.8875 0.14688 0.15
48 0.20469 0.39219 0.09687 0.09063
48 0.20156 0.57188 0.13438 0.075
48 0.05312 0.37656 0.10625 0.09063
48 0.06719 0.64531 0.13438 0.07188
48 0.5625 0.32812 0.175 0.075
48 0.6875 0.325 0.10625 0.05
48 0.9875 0.0875 0.025 0.175
48 0.45156 0.01875 0.35312 0.0375
48 0.8625 0.08281 0.13125 0.07812
48 0.45938 0.19688 0.225 0.13125
48 0.83125 0.20781 0.0875 0.07812
48 0.52031 0.10469 0.15937 0.08438
48 0.20625 0.64062 0.13125 0.10625
48 0.09219 0.07656 0.18438 0.14688
48 0.025 0.04062 0.05 0.08125
48 0.01875 0.2875 0.0375 0.09375
48 0.25625 0.30938 0.075 0.0625
48 0.20312 0.51875 0.16875 0.09375
48 0.88281 0.97969 0.13437 0.04063
48 0.97344 0.95469 0.05312 0.08437
48 0.53438 0.01094 0.15625 0.02188
48 0.73594 0.43594 0.14062 0.10938
48 0.06094 0.18438 0.07187 0.05625
48 0.05938 0.57969 0.11875 0.09688
48 0.64219 0.17031 0.15938 0.09063
48 0.77656 0.8625 0.21563 0.1375
48 0.42031 0.78438 0.27812 0.2375
48 0.97656 0.64375 0.04688 0.06875
48 0.72969 0.68281 0.25312 0.20312
48 0.34844 0.575 0.20312 0.19375
5 0.26562 0.12031 0.0375 0.03438
48 0.6125 0.39375 0.13125 0.075
48 0.60938 0.50469 0.1625 0.10313
5 0.23125 0.05 0.04375 0.04375
48 0.09219 0.69062 0.18438 0.11875
48 0.08281 0.01562 0.14688 0.03125
48 0.86094 0.64062 0.13438 0.0875
5 0.11719 0.75469 0.04688 0.02813
48 0.16719 0.22656 0.18438 0.06563
48 0.98594 0.70625 0.02812 0.08125
10 0.37969 0.65938 0.07188 0.025
5 0.45938 0.55781 0.025 0.03437
48 0.86563 0.38594 0.13125 0.12812
48 0.51719 0.85625 0.12813 0.14375
5 0.44375 0.50938 0.0375 0.03125
5 0.38125 0.38438 0.0375 0.0375
5 0.36406 0.34531 0.04688 0.04688
5 0.32812 0.2625 0.03125 0.04375
5 0.58906 0.70625 0.04063 0.0375
5 0.40469 0.41875 0.04688 0.04375
5 0.94375 0.49531 0.04375 0.02813
48 0.13594 0.14219 0.09062 0.07188
5 0.05 0.77969 0.04375 0.02812
48 0.025 0.89062 0.05 0.11875
5 0.83281 0.53594 0.03437 0.02813
5 0.30312 0.19062 0.04375 0.0375
48 0.39688 0.03438 0.14375 0.06875
48 0.47188 0.29063 0.08125 0.09375
5 0.47812 0.43125 0.025 0.04375
5 0.35 0.1625 0.03125 0.04375
48 0.60469 0.98438 0.11562 0.03125
48 0.2875 0.37031 0.1 0.09063
5 0.50625 0.50469 0.04375 0.04687
48 0.84531 0.27969 0.07188 0.08438
48 0.17969 0.86094 0.08437 0.11562
48 0.95625 0.55937 0.0875 0.06875
5 0.60625 0.79531 0.05 0.04063
5 0.49062 0.46406 0.0375 0.02813
5 0.72344 0.93594 0.04688 0.04688
5 0.61094 0.74688 0.03438 0.05
48 0.33125 0.92656 0.09375 0.09687
48 0.25156 0.96406 0.09687 0.07188
5 0.35156 0.30312 0.03438 0.03125
48 0.39062 0.12969 0.1375 0.12187
5 0.71094 0.58438 0.04688 0.03125
5 0.44375 0.63594 0.04375 0.03437
5 0.65312 0.60156 0.0375 0.03438
5 0.20469 0.0125 0.04688 0.025
5 0.41406 0.45469 0.03438 0.03437
5 0.45312 0.35938 0.0375 0.0375
5 0.16406 0.73906 0.04063 0.02813
48 0.65312 0.25 0.09375 0.1
