48 0.42031 0.0375 0.22188 0.075
48 0.12344 0.1 0.24688 0.2
48 0.09062 0.26094 0.18125 0.23438
18 0.42031 0.91875 0.09687 0.1625
18 0.38125 0.73906 0.10625 0.19062
19 0.80469 0.30938 0.09062 0.16875
19 0.7375 0.48594 0.0875 0.17812
18 0.56719 0.96875 0.09063 0.0625
19 0.67656 0.67656 0.08437 0.17812
22 0.45156 0.58594 0.09687 0.14062
19 0.61875 0.85312 0.08125 0.18125
48 0.06406 0.54219 0.12812 0.59687
48 0.95312 0.24062 0.09375 0.125
48 0.85312 0.58906 0.1375 0.13438
48 0.82188 0.69062 0.14375 0.125
48 0.88281 0.51094 0.14062 0.12188
48 0.91406 0.42656 0.14062 0.11562
48 0.93594 0.33125 0.12813 0.1
