48 0.19062 0.00312 0.325 0.00625
53 0.36562 0.95938 0.49375 0.08125
53 0.15313 0.87344 0.30625 0.25313
53 0.04531 0.67812 0.09062 0.3125
5 0.03594 0.00625 0.05938 0.0125
5 0.47812 0.13125 0.075 0.04375
5 0.35469 0.14219 0.07812 0.03437
5 0.52188 0.73906 0.05 0.04688
5 0.31719 0.17656 0.05938 0.04062
5 0.41406 0.13438 0.05312 0.0375
48 0.79531 0.725 0.40938 0.55
5 0.79531 0.08125 0.05937 0.025
5 0.3875 0.17812 0.09375 0.025
5 0.55937 0.10625 0.06875 0.04375
5 0.83125 0.04375 0.0625 0.025
5 0.16563 0.29063 0.05625 0.04375
48 0.49375 0.85469 0.7125 0.29063
5 0.0125 0.58906 0.025 0.04063
5 0.14688 0.8125 0.0625 0.04375
5 0.87812 0.01719 0.0625 0.03438
5 0.65469 0.125 0.05937 0.03125
5 0.20625 0.14688 0.05625 0.01875
5 0.46406 0.31562 0.05312 0.0375
5 0.91719 0.35156 0.07188 0.04688
5 0.26406 0.51406 0.06562 0.04688
5 0.025 0.96562 0.03125 0.04375
5 0.51875 0.99219 0.04375 0.01562
5 0.70312 0.40781 0.03125 0.02813
53 0.03281 0.66562 0.06562 0.35
5 0.39688 0.43906 0.04375 0.05313
5 0.31094 0.83281 0.04688 0.04688
5 0.58125 0.13906 0.0625 0.02813
5 0.27812 0.14531 0.075 0.02812
5 0.72188 0.10781 0.06875 0.04062
5 0.92813 0.00938 0.05625 0.01875
5 0.79375 0.35938 0.05625 0.0375
5 0.60781 0.1 0.06563 0.04375
48 0.28125 0.97344 0.5625 0.05312
5 0.42188 0.22969 0.05625 0.02188
5 0.13906 0.14219 0.06562 0.02813
5 0.14219 0.17969 0.06562 0.03437
48 0.08594 0.78594 0.17188 0.28437
53 0.15625 0.85469 0.3125 0.29063
5 0.44219 0.16562 0.05938 0.03125
48 0.17969 0.52656 0.35938 0.41562
5 0.03594 0.63438 0.05312 0.03125
53 0.4125 0.975 0.425 0.05
5 0.75156 0.0625 0.05312 0.01875
5 0.22812 0.18125 0.03125 0.03125
5 0.68438 0.48906 0.03125 0.04063
48 0.22969 0.92031 0.37812 0.15938
5 0.02188 0.61094 0.04375 0.02187
