11 0.21562 0.85938 0.04375 0.1375
9 0.24219 0.56719 0.05312 0.10313
56 0.65938 0.04219 0.2 0.08438
57 0.68281 0.27187 0.03437 0.1125
56 0.59688 0.52344 0.175 0.37813
57 0.61719 0.74062 0.03438 0.0625
56 0.5625 0.84688 0.10625 0.1375
56 0.52969 0.96562 0.11563 0.06875
56 0.30781 0.85469 0.24062 0.29063
56 0.35938 0.43906 0.21875 0.57187
56 0.38281 0.05 0.18437 0.1
56 0.12969 0.04688 0.22188 0.09375
9 0.67031 0.65781 0.06563 0.15938
9 0.63906 0.81094 0.05937 0.12813
9 0.74531 0.12188 0.04063 0.075
56 0.62031 0.15469 0.14687 0.15313
56 0.075 0.84375 0.15 0.3125
56 0.11406 0.42656 0.22812 0.62188
