11 0.73125 0.96094 0.14375 0.07812
56 0.175 0.92969 0.35 0.14062
56 0.39062 0.92656 0.1875 0.14687
56 0.27969 0.84062 0.30938 0.28125
57 0.44688 0.825 0.11875 0.09375
56 0.44531 0.67969 0.31563 0.27812
57 0.61875 0.67969 0.1125 0.09688
56 0.63438 0.50781 0.2375 0.27812
57 0.71875 0.59375 0.10625 0.1125
57 0.82344 0.50938 0.12188 0.11875
57 0.91406 0.41719 0.11563 0.11562
56 0.8 0.37969 0.2625 0.31562
56 0.90781 0.22031 0.17812 0.17812
56 0.96094 0.12812 0.07812 0.25625
56 0.05781 0.59531 0.11562 0.46562
56 0.13906 0.45625 0.27812 0.4125
56 0.24062 0.33125 0.3375 0.425
56 0.34688 0.22969 0.33125 0.35938
56 0.48594 0.1625 0.40312 0.325
56 0.63906 0.09688 0.35938 0.19375
56 0.81562 0.00156 0.35625 0.00312
56 0.04844 0.08125 0.09688 0.1625
56 0.15625 0.00625 0.3125 0.0125
38 0.94844 0.14531 0.10313 0.29063
38 0.74375 0.09375 0.24375 0.1875
