48 0.40469 0.99844 0.14062 0.00313
48 0.01719 0.9 0.03438 0.0875
48 0.06719 0.95781 0.07812 0.08437
48 0.64844 0.76094 0.14688 0.07188
48 0.0875 0.85938 0.1 0.13125
48 0.16094 0.73281 0.17188 0.06563
48 0.15781 0.67188 0.11562 0.05625
48 0.15313 0.62344 0.1 0.08437
48 0.08906 0.51562 0.17812 0.10625
48 0.10625 0.43125 0.0875 0.075
48 0.0375 0.34062 0.075 0.0625
48 0.02656 0.24531 0.05312 0.12188
48 0.55 0.4125 0.3625 0.1625
48 0.54844 0.30312 0.32812 0.16875
48 0.32344 0.24375 0.16562 0.1625
48 0.55625 0.15156 0.26875 0.18438
48 0.43125 0.07344 0.3125 0.14688
48 0.84375 0.18125 0.1375 0.125
48 0.89219 0.05313 0.21562 0.09375
48 0.81562 0.00938 0.25625 0.01875
48 0.91875 0.02031 0.1625 0.04062
48 0.10469 0.96406 0.04687 0.05312
55 0.91875 0.41094 0.0375 0.07188
55 0.89375 0.37188 0.03125 0.03125
55 0.92031 0.36875 0.03438 0.03125
48 0.85781 0.97812 0.22188 0.04375
38 0.97188 0.54375 0.05625 0.05625
55 0.88438 0.41406 0.04375 0.06563
48 0.67656 0.90938 0.12188 0.1
48 0.66094 0.85625 0.13438 0.06875
48 0.7875 0.81719 0.075 0.05938
48 0.79844 0.85156 0.07812 0.05937
48 0.84688 0.81562 0.05625 0.05
48 0.89219 0.81406 0.06563 0.08437
48 0.95469 0.81094 0.05937 0.07188
48 0.98281 0.80469 0.03438 0.14688
48 0.98906 0.63594 0.02187 0.07188
48 0.99531 0.69531 0.00938 0.09062
48 0.96719 0.65781 0.04063 0.05312
48 0.88125 0.70625 0.2375 0.15625
48 0.75156 0.72344 0.06563 0.05938
48 0.07031 0.98281 0.14062 0.03438
48 0.16875 0.9 0.0875 0.2
48 0.27969 0.82812 0.05938 0.06875
48 0.29531 0.87969 0.14688 0.07188
48 0.26406 0.94219 0.07187 0.07188
48 0.32656 0.975 0.07187 0.05
48 0.27812 0.97969 0.05625 0.04063
48 0.03125 0.69531 0.0625 0.27188
48 0.04531 0.725 0.09062 0.23125
48 0.03438 0.44375 0.06875 0.0625
48 0.26875 0.03438 0.1625 0.06875
48 0.58906 0.01719 0.09063 0.03438
38 0.75781 0.59219 0.09062 0.04688
