55 0.66875 0.96875 0.325 0.0625
56 0.0375 0.21875 0.075 0.21875
56 0.125 0.19062 0.14375 0.1125
56 0.25625 0.15781 0.15625 0.16563
56 0.39844 0.11094 0.16563 0.15313
56 0.54062 0.09531 0.19375 0.19062
56 0.68438 0.06094 0.16875 0.12188
56 0.89531 0.03906 0.15313 0.07812
48 0.08438 0.96875 0.05 0.04375
11 0.02812 0.81875 0.05625 0.0875
48 0.48125 0.29063 0.10625 0.05625
56 0.25625 0.33438 0.13125 0.05625
56 0.14375 0.36719 0.08125 0.07188
48 0.38438 0.32188 0.06875 0.11875
56 0.60938 0.3 0.1375 0.075
56 0.82812 0.24375 0.325 0.1375
5 0.98125 0.13125 0.0375 0.0625
11 0.99531 0.59062 0.00938 0.05
5 0.78281 0.4 0.02812 0.01875
