5 0.99219 0.9875 0.01562 0.025
5 0.97344 0.96094 0.04063 0.04062
5 0.93438 0.91719 0.04375 0.04063
5 0.9 0.875 0.0375 0.0375
5 0.87344 0.83594 0.04688 0.04062
5 0.84375 0.79531 0.03125 0.03438
5 0.77031 0.70781 0.02813 0.03437
6 0.53281 0.35156 0.04688 0.04688
5 0.47188 0.26719 0.03125 0.02813
48 0.26094 0.41875 0.33438 0.275
48 0.8875 0.43906 0.225 0.23438
5 0.77344 0.53594 0.04688 0.05312
48 0.21406 0.20781 0.17812 0.18438
48 0.07344 0.07812 0.14688 0.15625
48 0.875 0.03594 0.1875 0.07187
48 0.49688 0.68438 0.225 0.20625
48 0.70312 0.93281 0.2125 0.13438
48 0.97344 0.825 0.05312 0.28125
48 0.89062 0.72188 0.09375 0.10625
5 0.57031 0.93906 0.04062 0.03438
5 0.90625 0.92031 0.03125 0.03438
48 0.48438 0.98281 0.08125 0.03438
48 0.41562 0.87969 0.45 0.24062
