5 0.48594 0.22656 0.03438 0.04688
5 0.69844 0.43906 0.04688 0.04062
48 0.05469 0.30312 0.10938 0.1375
5 0.00469 0.1 0.00938 0.0375
48 0.00156 0.02188 0.00312 0.04375
48 0.03281 0.0125 0.06562 0.025
48 0.11406 0.11406 0.16562 0.11562
48 0.15937 0.02969 0.1625 0.05938
48 0.23438 0.06406 0.125 0.10312
48 0.31875 0.1125 0.0875 0.06875
48 0.19375 0.19375 0.16875 0.1375
48 0.29063 0.28594 0.2875 0.18438
5 0.1625 0.35312 0.03125 0.03125
48 0.05625 0.39688 0.1125 0.1125
48 0.0875 0.475 0.175 0.1375
48 0.39844 0.00156 0.19688 0.00312
48 0.51875 0.00469 0.11875 0.00938
48 0.44375 0.03594 0.1375 0.07187
48 0.06406 0.63594 0.12812 0.20937
48 0.14062 0.58906 0.15 0.15313
48 0.24688 0.49375 0.2375 0.16875
48 0.39219 0.43594 0.16562 0.12812
48 0.40469 0.34062 0.12812 0.0875
48 0.47188 0.3 0.06875 0.06875
48 0.50469 0.34375 0.10313 0.09375
48 0.54062 0.39844 0.125 0.07188
48 0.55937 0.08281 0.15625 0.13438
48 0.45938 0.11094 0.075 0.05313
48 0.69687 0.03281 0.11875 0.06562
48 0.8 0.00781 0.11875 0.01562
48 0.57344 0.22344 0.14687 0.12187
48 0.66562 0.18125 0.14375 0.13125
48 0.73906 0.1375 0.15313 0.13125
48 0.86719 0.07344 0.20938 0.14688
48 0.68594 0.32969 0.15312 0.14688
48 0.76562 0.27187 0.1375 0.11875
48 0.86406 0.21406 0.15313 0.12188
48 0.94844 0.15 0.10313 0.125
48 0.975 0.08906 0.05 0.17812
48 0.00625 0.86406 0.0125 0.12188
48 0.05781 0.81719 0.11562 0.15313
48 0.15781 0.72812 0.14062 0.125
48 0.31562 0.99375 0.1625 0.0125
48 0.41719 0.94375 0.16563 0.1125
48 0.27031 0.82969 0.15937 0.13438
48 0.32812 0.88594 0.1125 0.09063
48 0.21406 0.92344 0.12188 0.11562
48 0.10469 0.93281 0.20312 0.12812
48 0.14844 0.97812 0.15937 0.04375
48 0.57656 0.50625 0.18437 0.13125
48 0.44375 0.57344 0.16875 0.14062
48 0.54688 0.56875 0.06875 0.0625
48 0.33281 0.64531 0.15937 0.12812
48 0.4625 0.7625 0.15625 0.1125
48 0.59688 0.7 0.2125 0.15625
48 0.71094 0.62187 0.16562 0.14375
48 0.79844 0.69531 0.15312 0.12187
48 0.57656 0.89062 0.21562 0.15
48 0.70156 0.81719 0.17812 0.14062
48 0.87656 0.76094 0.12187 0.07812
48 0.93906 0.81094 0.12187 0.13438
48 0.83438 0.87344 0.16875 0.11562
48 0.68281 0.94844 0.21563 0.10313
48 0.94375 0.92344 0.1125 0.15312
48 0.77812 0.97812 0.25 0.04375
