5 0.76406 0.00781 0.04688 0.01562
5 0.75938 0.01875 0.05 0.03125
5 0.56094 0.21562 0.05312 0.03125
48 0.95156 0.55625 0.09688 0.325
48 0.83281 0.36406 0.15313 0.16563
48 0.67031 0.45156 0.12187 0.17813
48 0.99688 0.08125 0.00625 0.1625
48 0.56563 0.14531 0.20625 0.15312
48 0.70156 0.15156 0.11562 0.15938
48 0.60938 0.04531 0.2375 0.09062
48 0.41562 0.12812 0.11875 0.13125
48 0.44375 0.04375 0.09375 0.0875
48 0.35312 0.05 0.10625 0.1
48 0.30781 0.12344 0.07812 0.10312
48 0.25781 0.0875 0.09688 0.175
48 0.53906 0.64844 0.22188 0.61563
48 0.62813 0.30312 0.09375 0.09375
