48 0.94844 0.06875 0.04688 0.06875
48 0.19531 0.21094 0.19062 0.18438
48 0.9875 0.09063 0.025 0.04375
48 0.96562 0.02656 0.06875 0.05312
48 0.90469 0.02344 0.06563 0.04688
48 0.825 0.04688 0.10625 0.09375
48 0.89844 0.1125 0.06563 0.04375
48 0.62969 0.01719 0.08437 0.03438
48 0.52344 0.02969 0.12813 0.05938
48 0.41875 0.02656 0.10625 0.05312
48 0.15 0.02656 0.06875 0.05312
48 0.01406 0.01719 0.02812 0.03438
48 0.00312 0.03125 0.00625 0.05
48 0.1 0.02188 0.04375 0.04375
48 0.10781 0.08125 0.13438 0.08125
48 0.22969 0.07031 0.12188 0.11562
48 0.08594 0.15937 0.14687 0.11875
48 0.33125 0.04062 0.06875 0.0375
48 0.31562 0.09531 0.0875 0.10312
48 0.40312 0.09375 0.0875 0.1
48 0.325 0.17031 0.08125 0.04688
48 0.40156 0.14687 0.07812 0.0875
48 0.51562 0.10625 0.1375 0.1
48 0.47969 0.17812 0.06562 0.075
48 0.54375 0.18281 0.08125 0.08438
48 0.02812 0.22656 0.05625 0.05937
48 0.09375 0.23125 0.06875 0.06875
48 0.33906 0.28438 0.04063 0.0625
48 0.40625 0.24375 0.11875 0.1375
48 0.51719 0.2625 0.11562 0.1
48 0.325 0.35312 0.06875 0.0875
48 0.325 0.42188 0.0875 0.0625
48 0.40938 0.39375 0.05625 0.05625
48 0.42188 0.35938 0.11875 0.13125
48 0.62969 0.20625 0.07188 0.0625
48 0.67031 0.25313 0.07188 0.04375
48 0.81875 0.53281 0.2 0.25937
48 0.62813 0.41719 0.1 0.07188
48 0.55469 0.49844 0.07187 0.07812
48 0.62344 0.47656 0.08437 0.05937
48 0.64062 0.54219 0.0875 0.07812
48 0.57656 0.57344 0.07812 0.08437
48 0.64688 0.64531 0.09375 0.14687
48 0.57656 0.66719 0.08437 0.10938
48 0.29219 0.475 0.05938 0.06875
48 0.02812 0.28281 0.05625 0.05313
48 0.08281 0.27969 0.05938 0.05313
48 0.06406 0.30938 0.09688 0.05625
48 0.12812 0.36875 0.06875 0.06875
48 0.07031 0.36406 0.05938 0.08437
48 0.03594 0.41562 0.07187 0.10625
48 0.24219 0.51406 0.07812 0.07812
48 0.09375 0.47344 0.10625 0.09063
48 0.03594 0.63437 0.06562 0.06875
48 0.0625 0.61094 0.125 0.24688
48 0.02031 0.50313 0.04062 0.16875
48 0.43125 0.67188 0.075 0.06875
48 0.50313 0.69375 0.06875 0.0375
48 0.48438 0.75781 0.1125 0.08438
48 0.50625 0.84062 0.0875 0.08125
48 0.63281 0.85156 0.06563 0.05313
48 0.5875 0.89688 0.0625 0.0875
48 0.67969 0.8875 0.11563 0.11875
48 0.39688 0.83594 0.1125 0.12813
48 0.35938 0.87656 0.0625 0.04688
48 0.29688 0.86719 0.06875 0.07187
48 0.29219 0.93438 0.07812 0.06875
48 0.29844 0.97812 0.04688 0.04375
48 0.22969 0.97344 0.09688 0.05312
5 0.11562 0.98125 0.01875 0.0375
48 0.34375 0.93281 0.04375 0.08437
48 0.375 0.95 0.1125 0.1
48 0.54844 0.97031 0.05937 0.05937
48 0.22812 0.79062 0.11875 0.1125
48 0.46406 0.97656 0.07188 0.04688
48 0.61875 0.97031 0.10625 0.05937
5 0.94688 0.93906 0.03125 0.05312
5 0.25781 0.34844 0.04688 0.02187
5 0.26719 0.33125 0.05313 0.025
