48 0.9625 0.92344 0.075 0.07188
6 0.96406 0.73438 0.07188 0.0375
48 0.2625 0.55781 0.08125 0.04063
48 0.75469 0.2375 0.49062 0.28125
49 0.97344 0.57812 0.05312 0.63125
48 0.65312 0.06562 0.69375 0.13125
5 0.42188 0.08125 0.075 0.01875
5 0.42812 0.05156 0.05 0.01562
5 0.27031 0.19844 0.06562 0.02188
5 0.25938 0.17344 0.06875 0.02188
5 0.10781 0.2 0.06562 0.03125
5 0.08594 0.17188 0.06562 0.025
5 0.19688 0.03906 0.075 0.02188
5 0.19219 0.01719 0.05313 0.02188
5 0.075 0.12969 0.05625 0.02188
5 0.07187 0.10781 0.0625 0.02187
5 0.06719 0.08438 0.06562 0.025
5 0.04688 0.03281 0.06875 0.02188
5 0.05313 0.06094 0.05625 0.02187
53 0.15937 0.11562 0.31875 0.23125
