48 0.12969 0.00312 0.17188 0.00625
48 0.06875 0.01406 0.09375 0.02812
48 0.70312 0.00781 0.15625 0.01562
48 0.62813 0.05 0.2 0.1
5 0.48125 0.00469 0.05 0.00938
48 0.61406 0.13594 0.21563 0.11562
48 0.125 0.05625 0.21875 0.09375
48 0.12188 0.14062 0.20625 0.10625
48 0.42969 0.21406 0.09062 0.07812
48 0.62187 0.24375 0.15 0.09375
48 0.10312 0.24531 0.2 0.09063
48 0.03438 0.31875 0.06875 0.10625
48 0.08594 0.34062 0.08438 0.075
48 0.14531 0.34219 0.05937 0.10312
48 0.04375 0.41719 0.0875 0.11562
48 0.31719 0.24688 0.05938 0.05
48 0.30938 0.29375 0.0625 0.05
48 0.30938 0.37656 0.125 0.11563
48 0.55781 0.32344 0.15937 0.11562
48 0.4625 0.38125 0.08125 0.075
48 0.51719 0.40938 0.08437 0.09375
48 0.59375 0.425 0.11875 0.1
48 0.44062 0.43125 0.0625 0.0375
48 0.01875 0.51094 0.0375 0.12188
48 0.06094 0.5375 0.07187 0.075
48 0.19531 0.44688 0.14687 0.1125
48 0.23438 0.55469 0.13125 0.10938
48 0.36406 0.50625 0.13438 0.06875
48 0.54531 0.5125 0.14688 0.1125
48 0.48438 0.59844 0.1875 0.11562
48 0.06875 0.61875 0.1375 0.11875
48 0.0125 0.725 0.025 0.08125
48 0.0125 0.93594 0.025 0.08437
48 0.01562 0.89531 0.03125 0.05312
48 0.08906 0.85625 0.11562 0.09375
48 0.05 0.95312 0.06875 0.08125
48 0.14062 0.90469 0.05625 0.06563
48 0.23281 0.86094 0.12812 0.08437
48 0.2 0.96406 0.13125 0.07188
48 0.27187 0.66875 0.1125 0.10625
48 0.34375 0.70938 0.10625 0.05
48 0.4875 0.69844 0.21875 0.07188
48 0.19688 0.76875 0.1125 0.1
48 0.42656 0.97188 0.19688 0.05625
48 0.34375 0.78125 0.1375 0.075
48 0.33281 0.90312 0.07812 0.0875
48 0.38594 0.90156 0.06562 0.08437
5 0.63594 0.74844 0.02187 0.04063
48 0.97031 0.0375 0.05937 0.075
48 0.99219 0.12656 0.01562 0.10312
48 0.96719 0.14219 0.05312 0.03437
48 0.94531 0.21094 0.10938 0.11562
48 0.89375 0.4125 0.0875 0.06875
48 0.92188 0.49844 0.15625 0.10313
48 0.90938 0.57812 0.1375 0.0875
48 0.82031 0.60625 0.07812 0.04375
48 0.99688 0.62656 0.00625 0.11562
48 0.87656 0.67813 0.17188 0.1
48 0.81406 0.76094 0.17188 0.11562
48 0.925 0.78281 0.08125 0.10938
48 0.96406 0.99531 0.07188 0.00938
48 0.78281 0.975 0.22188 0.05
48 0.79375 0.90625 0.1875 0.1375
