48 0.03438 0.46719 0.06875 0.07812
48 0.14844 0.43281 0.10312 0.09687
48 0.66719 0.24219 0.10313 0.11562
48 0.79219 0.22656 0.10938 0.14687
48 0.86875 0.29531 0.08125 0.10937
48 0.74219 0.42969 0.10938 0.09062
48 0.5875 0.05 0.16875 0.1
48 0.14375 0.82031 0.19375 0.21562
48 0.45625 0.80312 0.1375 0.14375
48 0.56875 0.81406 0.09375 0.10938
48 0.31094 0.93281 0.20312 0.13438
48 0.10469 0.225 0.10312 0.13125
48 0.19219 0.23125 0.12187 0.1375
48 0.30469 0.25469 0.12187 0.14688
48 0.30781 0.13438 0.10938 0.1
48 0.74219 0.68906 0.17188 0.14062
48 0.92031 0.05781 0.15938 0.11562
48 0.34062 0.00469 0.1375 0.00938
48 0.20156 0.02188 0.06562 0.04375
48 0.25781 0.02812 0.05937 0.05625
48 0.33125 0.02969 0.09375 0.05938
48 0.05781 0.07344 0.11562 0.10937
48 0.22188 0.11406 0.06875 0.09062
48 0.61094 0.33438 0.07812 0.06875
48 0.0125 0.72812 0.025 0.18125
48 0.11719 0.0125 0.11562 0.025
48 0.93281 0.31406 0.10313 0.11563
48 0.80938 0.49062 0.1 0.15625
48 0.03906 0.17969 0.07812 0.13438
48 0.49688 0.95312 0.1625 0.09375
48 0.00625 0.4 0.0125 0.1
48 0.26562 0.49062 0.15625 0.125
48 0.90938 0.60625 0.10625 0.1125
48 0.49844 0.24688 0.13438 0.19375
48 0.13438 0.12031 0.10625 0.07812
48 0.71562 0.11094 0.08125 0.19688
