48 0.01875 0.77188 0.0375 0.43125
48 0.25156 0.85312 0.17812 0.26875
48 0.31094 0.95 0.15313 0.1
48 0.60938 0.95312 0.10625 0.09375
48 0.04688 0.00469 0.09375 0.00938
48 0.4375 0.10781 0.6875 0.21562
48 0.84062 0.1 0.31875 0.2
48 0.79688 0.275 0.38125 0.28125
48 0.8 0.47188 0.20625 0.23125
48 0.56406 0.53594 0.30938 0.22813
48 0.29219 0.27344 0.58438 0.54688
48 0.01875 0.49219 0.0375 0.14062
48 0.05469 0.525 0.10938 0.13125
48 0.12812 0.54219 0.1125 0.13438
48 0.20312 0.57344 0.11875 0.14687
48 0.29844 0.60938 0.14688 0.16875
48 0.43906 0.66094 0.14062 0.13438
48 0.52188 0.68906 0.1125 0.12813
48 0.58125 0.71094 0.125 0.10938
48 0.65469 0.74219 0.11562 0.12187
48 0.08906 0.75 0.17812 0.2625
5 0.00781 0.88125 0.01562 0.04375
7 0.02812 0.88906 0.03125 0.04688
48 0.22656 0.75625 0.14062 0.20625
