5 0.81719 0.22656 0.05938 0.02813
5 0.86719 0.22969 0.05313 0.02812
5 0.75312 0.01875 0.03125 0.0375
5 0.10938 0.56094 0.04375 0.05312
48 0.925 0.63906 0.1375 0.22188
5 0.09375 0.24531 0.0375 0.04688
48 0.05625 0.01094 0.06875 0.02188
48 0.02188 0.24844 0.04375 0.29688
48 0.43906 0.8 0.09687 0.0875
48 0.30625 0.63281 0.1375 0.05937
48 0.52188 0.55781 0.08125 0.05312
48 0.94375 0.86406 0.1125 0.09063
5 0.27812 0.12188 0.0625 0.03125
5 0.06406 0.50625 0.03438 0.05
5 0.09688 0.20156 0.0375 0.05313
48 0.02188 0.01094 0.04375 0.02188
48 0.45938 0.70469 0.1375 0.09688
48 0.42969 0.52188 0.16562 0.11875
48 0.34219 0.26719 0.10312 0.15313
48 0.38906 0.00469 0.14688 0.00938
48 0.93281 0.00156 0.08437 0.00312
5 0.03281 0.80938 0.04688 0.05625
48 0.42656 0.4 0.09687 0.11875
48 0.83125 0.07187 0.14375 0.14375
48 0.22031 0.29219 0.09063 0.13438
48 0.92656 0.07187 0.10938 0.14375
48 0.70312 0.98438 0.15625 0.03125
48 0.78594 0.65625 0.19062 0.1125
48 0.23438 0.85 0.24375 0.075
48 0.85 0.82031 0.11875 0.20312
5 0.57969 0.98125 0.02812 0.0375
5 0.0625 0.55937 0.05625 0.06875
5 0.66406 0.84375 0.04688 0.075
5 0.725 0.28438 0.04375 0.0625
48 0.38906 0.69531 0.07187 0.07812
48 0.18906 0.96875 0.16562 0.0625
48 0.20156 0.92656 0.20938 0.07188
48 0.1875 0.68125 0.13125 0.10625
48 0.54375 0.50313 0.10625 0.08125
48 0.375 0.03906 0.15 0.07812
5 0.6375 0.39062 0.03125 0.04375
5 0.67344 0.07812 0.04063 0.05625
48 0.81406 0.99062 0.10938 0.01875
48 0.95625 0.4 0.0875 0.25625
48 0.53125 0.27344 0.075 0.10313
5 0.32812 0.16406 0.05625 0.03437
5 0.08281 0.29688 0.04062 0.05
5 0.72188 0.32969 0.0375 0.04688
48 0.2375 0.75625 0.2125 0.0625
48 0.4875 0.64688 0.20625 0.05625
48 0.47031 0.28438 0.16562 0.15
48 0.31875 0.41875 0.13125 0.0875
48 0.7375 0.87812 0.1125 0.05625
48 0.4625 0.05313 0.10625 0.0625
48 0.89219 0.31406 0.09688 0.09063
48 0.20625 0.88281 0.2375 0.05937
5 0.64844 0.34375 0.04688 0.05
5 0.06094 0.0625 0.07187 0.03125
5 0.03125 0.75781 0.0375 0.05937
48 0.36406 0.95625 0.09687 0.0875
48 0.36875 0.79375 0.06875 0.1125
48 0.2 0.59062 0.14375 0.10625
48 0.88906 0.99844 0.09062 0.00313
5 0.59219 0.83125 0.03438 0.0375
48 0.00781 0.75625 0.01562 0.1125
48 0.01875 0.65 0.0375 0.1125
48 0.93594 0.95625 0.12813 0.0875
48 0.92969 0.77969 0.14062 0.11562
5 0.7125 0.37969 0.03125 0.04063
48 0.325 0.34375 0.1375 0.06875
48 0.85 0.94844 0.05 0.07812
48 0.22813 0.2125 0.09375 0.05
48 0.79375 0.39375 0.18125 0.29375
5 0.5875 0.87031 0.03125 0.03437
5 0.59844 0.79062 0.03437 0.03125
5 0.24375 0.08438 0.0625 0.0375
48 0.03125 0.45938 0.0625 0.125
48 0.53906 0.4 0.14688 0.14375
48 0.28594 0.24062 0.04688 0.11875
48 0.30469 0.70156 0.12813 0.11562
48 0.49531 0.0125 0.12812 0.025
5 0.06562 0.71562 0.0375 0.04375
48 0.31094 0.57812 0.16562 0.075
48 0.74688 0.82969 0.125 0.09062
5 0.02656 0.88125 0.04062 0.05625
5 0.14062 0.01562 0.04375 0.03125
48 0.97656 0.07656 0.04688 0.15313
5 0.50938 0.18438 0.0625 0.03125
48 0.5 0.79531 0.09375 0.10313
48 0.26562 0.04219 0.14375 0.08438
48 0.84219 0.58438 0.15312 0.11875
48 0.47344 0.96719 0.16563 0.06563
48 0.98125 0.90938 0.0375 0.18125
48 0.73594 0.75156 0.12187 0.10313
48 0.26094 0.50156 0.10312 0.12813
48 0.875 0.4125 0.1 0.16875
48 0.52031 0.04531 0.05312 0.09062
5 0.625 0.5125 0.03125 0.05
48 0.42969 0.87656 0.20938 0.07188
48 0.55313 0.70781 0.0875 0.12188
48 0.19219 0.47812 0.09062 0.15625
5 0.05 0.61719 0.04375 0.05937
48 0.0125 0.56094 0.025 0.11562
48 0.48125 0.59688 0.2125 0.06875
48 0.34531 0.49844 0.09063 0.08438
48 0.59062 0.275 0.0625 0.1375
48 0.24844 0.39062 0.10937 0.15
48 0.59375 0.04688 0.10625 0.09375
48 0.77031 0.92188 0.14687 0.06875
48 0.98281 0.63594 0.03438 0.20937
