48 0.05469 0.13281 0.10938 0.26562
48 0.12812 0.47031 0.075 0.07187
48 0.19844 0.33594 0.07187 0.06563
48 0.25 0.25312 0.06875 0.0625
5 0.72812 0.81406 0.0375 0.04063
5 0.22188 0.19688 0.0375 0.0375
5 0.18906 0.22656 0.04062 0.04063
53 0.25625 0.16094 0.1125 0.11562
53 0.12188 0.29219 0.175 0.19062
48 0.02188 0.96875 0.04375 0.0625
8 0.35625 0.56563 0.05 0.04375
48 0.97656 0.8875 0.04688 0.1875
6 0.1625 0.02188 0.075 0.04375
5 0.11562 0.30781 0.04375 0.04688
5 0.14688 0.27344 0.03125 0.04688
5 0.41562 0.59062 0.04375 0.0375
5 0.34219 0.54531 0.05313 0.03438
5 0.39375 0.57187 0.05 0.0375
5 0.26875 0.15156 0.04375 0.04062
5 0.08438 0.33438 0.0375 0.0375
5 0.29219 0.13594 0.04063 0.04687
5 0.1625 0.25625 0.04375 0.0375
48 0.44219 0.2875 0.19688 0.15625
5 0.12969 0.29375 0.04062 0.05
5 0.07187 0.35156 0.04375 0.03438
5 0.10469 0.325 0.04687 0.05
48 0.24219 0.43594 0.24062 0.19062
5 0.05469 0.3625 0.04688 0.04375
