48 0.15937 0.22969 0.31875 0.45938
48 0.37656 0.99062 0.67188 0.01875
48 0.57969 0.17031 0.81562 0.34062
48 0.3 0.87969 0.6 0.24062
48 0.05312 0.92969 0.10625 0.09688
48 0.03906 0.8375 0.07812 0.175
48 0.26094 0.74375 0.52188 0.375
5 0.40469 0.57969 0.04062 0.05937
5 0.34844 0.49219 0.02187 0.03438
5 0.30781 0.51406 0.02813 0.03437
5 0.32656 0.49688 0.02813 0.04375
5 0.28594 0.51719 0.02813 0.04062
5 0.27187 0.53281 0.0375 0.04063
9 0.14219 0.50469 0.05313 0.04063
5 0.01875 0.49062 0.0375 0.03125
5 0.03125 0.46094 0.04375 0.02812
9 0.04062 0.37344 0.08125 0.08438
48 0.02344 0.36875 0.04688 0.7375
55 0.00156 0.93594 0.00312 0.12813
48 0.925 0.16406 0.15 0.32812
48 0.9625 0.78594 0.075 0.42812
48 0.85312 0.38594 0.29375 0.46562
