5 0.01406 0.83438 0.02812 0.04375
5 0.44688 0.20156 0.025 0.03437
5 0.46562 0.25156 0.03125 0.04688
5 0.41719 0.32969 0.02187 0.03437
5 0.43438 0.38281 0.0375 0.04063
5 0.45781 0.41719 0.03437 0.04063
48 0.16719 0.25625 0.33438 0.33125
48 0.21406 0.49531 0.42812 0.30938
5 0.48281 0.29063 0.02813 0.03125
5 0.51094 0.35156 0.03437 0.03438
5 0.53281 0.39219 0.02812 0.04062
5 0.55469 0.43125 0.02812 0.0375
5 0.58125 0.48281 0.03125 0.04063
5 0.59844 0.52031 0.03437 0.04063
5 0.74844 0.8625 0.03438 0.05
5 0.66562 0.88125 0.025 0.0375
5 0.56563 0.65156 0.03125 0.03437
5 0.61562 0.56563 0.03125 0.0375
5 0.63594 0.60938 0.02813 0.04375
5 0.65781 0.6625 0.02812 0.04375
5 0.6 0.72656 0.03125 0.03438
5 0.61406 0.76562 0.02813 0.0375
5 0.67969 0.91562 0.02812 0.0375
5 0.79375 0.96719 0.03125 0.04063
5 0.70156 0.96562 0.02812 0.03125
5 0.72031 0.99219 0.02187 0.01562
5 0.81406 0.99688 0.02812 0.00625
48 0.03281 0.84062 0.06562 0.31875
5 0.01562 0.70469 0.03125 0.04688
48 0.31875 0.77969 0.6375 0.44063
6 0.53438 0.54844 0.0375 0.04063
5 0.49688 0.50781 0.025 0.03438
48 0.89062 0.68438 0.21875 0.31875
48 0.87812 0.91406 0.24375 0.17188
8 0.44531 0.50938 0.04063 0.05
