55 0.05625 0.95 0.1125 0.1
55 0.97188 0.06094 0.05625 0.12188
55 0.07031 0.23594 0.14062 0.27812
48 0.74688 0.86094 0.0625 0.09688
48 0.42969 0.975 0.05937 0.05
48 0.43125 0.6875 0.08125 0.375
48 0.37969 0.82812 0.05312 0.0875
48 0.47969 0.86875 0.04688 0.06875
48 0.47656 0.71875 0.03438 0.0625
48 0.54688 0.275 0.0875 0.24375
48 0.6375 0.23906 0.15625 0.32188
48 0.59375 0.01719 0.05625 0.03438
48 0.46719 0.15781 0.07188 0.09687
48 0.3125 0.01094 0.075 0.02188
55 0.13125 0.02812 0.0875 0.05625
50 0.79844 0.62187 0.12187 0.08125
16 0.25938 0.74062 0.04375 0.09375
48 0.04062 0.64219 0.08125 0.21562
