5 0.82812 0.20469 0.05 0.04688
5 0.9625 0.25469 0.05 0.05313
5 0.99375 0.27344 0.0125 0.04688
5 0.93594 0.29688 0.04063 0.0375
5 0.93594 0.54219 0.04688 0.05312
5 0.41094 0.39375 0.05938 0.03125
5 0.4 0.41094 0.05625 0.03437
5 0.475 0.38438 0.06875 0.0375
5 0.27187 0.51406 0.0625 0.03437
5 0.19219 0.53594 0.05937 0.03437
5 0.2375 0.58125 0.0625 0.03125
5 0.20938 0.61875 0.0625 0.0375
5 0.29844 0.67344 0.07812 0.04063
5 0.23438 0.67031 0.05 0.02812
5 0.24688 0.65469 0.04375 0.02187
5 0.26875 0.70625 0.05625 0.03125
5 0.28281 0.6875 0.05313 0.025
5 0.17188 0.67656 0.0625 0.03437
5 0.23281 0.79219 0.05938 0.03437
5 0.22188 0.81875 0.0625 0.03125
5 0.20469 0.83594 0.05938 0.03438
5 0.30625 0.82969 0.05 0.04688
5 0.15781 0.82344 0.06562 0.03437
48 0.09688 0.53906 0.19375 0.92188
48 0.47812 0.25625 0.95625 0.5125
5 0.73906 0.72969 0.04688 0.04063
5 0.72188 0.76406 0.04375 0.03438
5 0.7625 0.73906 0.04375 0.03437
5 0.74375 0.77031 0.05 0.03437
5 0.96406 0.75781 0.04688 0.04688
5 0.26875 0.61562 0.06875 0.03125
53 0.59375 0.70781 0.8125 0.58438
53 0.13125 0.98281 0.2625 0.03438
5 0.88437 0.62656 0.0375 0.04688
53 0.20312 0.77812 0.40625 0.40625
5 0.05312 0.7875 0.06875 0.03125
5 0.525 0.325 0.0625 0.025
5 0.22969 0.67812 0.04062 0.01875
5 0.99531 0.32656 0.00938 0.04062
5 0.8125 0.5 0.05 0.05
5 0.79219 0.59375 0.04063 0.05
5 0.81875 0.85625 0.04375 0.04375
5 0.55781 0.76562 0.04063 0.05
5 0.63125 0.69375 0.04375 0.04375
5 0.65469 0.65156 0.05312 0.04688
5 0.47969 0.74375 0.05312 0.05
5 0.00156 0.99375 0.00312 0.0125
5 0.07656 0.84531 0.06562 0.03438
5 0.57969 0.225 0.06563 0.025
5 0.34375 0.38906 0.05625 0.02813
5 0.45156 0.43125 0.04062 0.01875
5 0.27969 0.49219 0.04062 0.02188
5 0.15156 0.71875 0.04688 0.025
5 0.34219 0.61719 0.04062 0.02188
5 0.94062 0.13906 0.04375 0.04688
5 0.99375 0.425 0.0125 0.0375
5 0.62813 0.4875 0.04375 0.04375
5 0.73281 0.53125 0.04063 0.05
5 0.78281 0.80313 0.03438 0.0375
5 0.61094 0.78281 0.04063 0.04688
5 0.55469 0.66875 0.05313 0.05
5 0.11875 0.75469 0.05 0.02813
5 0.17031 0.77656 0.07187 0.03437
5 0.98281 0.56094 0.03438 0.05312
5 0.78906 0.7 0.04688 0.05
5 0.47656 0.55156 0.05313 0.04688
5 0.40469 0.67344 0.05313 0.05312
5 0.14062 0.84688 0.05625 0.025
5 0.05781 0.76562 0.05313 0.025
5 0.16094 0.59844 0.05937 0.02187
5 0.32656 0.63438 0.03437 0.03125
5 0.90781 0.24062 0.04063 0.05
5 0.65781 0.55 0.04688 0.05
5 0.89531 0.87812 0.05312 0.05
5 0.91562 0.73906 0.0375 0.04688
5 0.61094 0.73438 0.04063 0.05
5 0.59062 0.97812 0.04375 0.04375
5 0.16719 0.89688 0.05937 0.025
5 0.14531 0.73438 0.05937 0.025
5 0.25469 0.7625 0.06562 0.0375
5 0.99219 0.37344 0.01562 0.04688
5 0.9125 0.28906 0.04375 0.04063
5 0.72812 0.47969 0.04375 0.04688
5 0.9375 0.6 0.04375 0.05
5 0.86563 0.82344 0.0375 0.04688
5 0.48125 0.89688 0.04375 0.04375
5 0.15625 0.91562 0.0625 0.03125
5 0.88594 0.28125 0.04063 0.04375
5 0.83125 0.26562 0.0375 0.04375
5 0.9125 0.5375 0.04375 0.05
5 0.94375 0.64844 0.04375 0.04688
5 0.94219 0.74219 0.04688 0.04688
5 0.99062 0.99531 0.01875 0.00938
5 0.19844 0.75937 0.06563 0.025
5 0.32188 0.53438 0.05625 0.025
5 0.20938 0.71094 0.04375 0.02812
5 0.29219 0.58281 0.04688 0.02187
5 0.39688 0.51719 0.05625 0.02812
5 0.88125 0.23281 0.0375 0.04687
5 0.85781 0.225 0.04688 0.04375
5 0.89219 0.77969 0.04688 0.05312
5 0.43594 0.97812 0.04062 0.04375
5 0.23438 0.9625 0.04375 0.04375
5 0.00312 0.91875 0.00625 0.03125
5 0.11094 0.78594 0.04688 0.02813
5 0.98438 0.31719 0.03125 0.04063
5 0.85781 0.275 0.04688 0.04375
5 0.77969 0.44375 0.04063 0.05
5 0.84531 0.86875 0.04688 0.04375
5 0.26406 0.9125 0.04687 0.05
5 0.02812 0.825 0.05625 0.0375
5 0.08438 0.71562 0.05 0.025
5 0.38125 0.43594 0.05 0.02188
5 0.20625 0.51406 0.05625 0.03437
5 0.75625 0.49062 0.04375 0.05
5 0.78594 0.54531 0.04063 0.04688
5 0.84219 0.50938 0.04688 0.05625
5 0.9875 0.81094 0.025 0.04688
5 0.8375 0.76875 0.04375 0.05
5 0.45469 0.83438 0.05313 0.05625
5 0.66875 0.95625 0.0375 0.04375
5 0.71406 0.96875 0.04063 0.04375
5 0.79688 0.98438 0.04375 0.03125
5 0.02031 0.95938 0.04062 0.025
5 0.0375 0.80313 0.06875 0.0375
5 0.24375 0.45469 0.05 0.03437
5 0.28438 0.60156 0.05 0.02188
5 0.9625 0.15625 0.04375 0.04375
5 0.91406 0.39062 0.05937 0.05
5 0.86406 0.76875 0.04688 0.05
5 0.69219 0.76094 0.04688 0.04688
5 0.65781 0.70938 0.04688 0.05
5 0.50469 0.75156 0.04063 0.04688
5 0.92344 0.98125 0.04688 0.0375
5 0.78594 0.12188 0.05312 0.0375
5 0.21875 0.48906 0.05 0.02187
5 0.98281 0.36406 0.03438 0.04688
5 0.75781 0.32969 0.05313 0.05313
5 0.96406 0.60156 0.04063 0.04688
5 0.68125 0.72188 0.04375 0.05625
5 0.64219 0.79219 0.05312 0.05312
5 0.51406 0.9 0.04063 0.05
5 0.58906 0.87656 0.04688 0.04063
5 0.6125 0.88906 0.04375 0.04688
5 0.64688 0.94375 0.04375 0.05
5 0.85 0.99219 0.04375 0.01562
5 0.19062 0.86406 0.0625 0.02813
5 0.43125 0.33906 0.05625 0.02813
5 0.30781 0.44531 0.04688 0.02812
5 0.21875 0.69375 0.05625 0.01875
5 0.99688 0.17031 0.00625 0.04062
5 0.83594 0.35938 0.04688 0.05
5 0.81406 0.60781 0.04063 0.05312
5 0.93438 0.49375 0.0375 0.05
5 0.99531 0.57188 0.00938 0.05
5 0.96875 0.80469 0.05 0.04688
5 0.58125 0.72812 0.04375 0.05
5 0.525 0.71094 0.04375 0.04688
5 0.56094 0.87188 0.04688 0.05625
5 0.40781 0.91406 0.04062 0.04688
5 0.7375 0.925 0.04375 0.05
5 0.77031 0.97812 0.04688 0.04375
5 0.2625 0.63906 0.0625 0.03438
5 0.97031 0.0875 0.04688 0.04375
5 0.98125 0.41406 0.0375 0.04688
5 0.63281 0.54062 0.04688 0.05
5 0.98906 0.91562 0.02187 0.05625
5 0.68281 0.66406 0.04688 0.04688
5 0.50156 0.50938 0.04688 0.05625
5 0.76406 0.93125 0.04688 0.04375
5 0.16094 0.80313 0.05937 0.025
5 0.35156 0.75781 0.04063 0.04062
5 0.98125 0.16562 0.0375 0.04375
5 0.96094 0.30469 0.04688 0.04688
5 0.86563 0.52188 0.0375 0.04375
5 0.89062 0.525 0.0375 0.04375
5 0.98438 0.66406 0.03125 0.04688
5 0.99844 0.62187 0.00313 0.04375
5 0.84062 0.81094 0.04375 0.04688
5 0.69219 0.80781 0.04688 0.04688
5 0.72031 0.8125 0.04688 0.05
5 0.66562 0.80469 0.05 0.04688
5 0.61875 0.93906 0.04375 0.04688
5 0.67031 0.9875 0.03438 0.025
5 0.0375 0.9 0.05625 0.03125
5 0.01562 0.86562 0.03125 0.03125
5 0.04219 0.99219 0.05938 0.01562
5 0.35 0.48125 0.04375 0.025
5 0.35 0.59219 0.04375 0.02812
5 0.36562 0.57656 0.0625 0.02812
5 0.71406 0.71875 0.05312 0.05
5 0.425 0.6375 0.04375 0.04375
5 0.38125 0.71406 0.05625 0.05938
5 0.15781 0.69531 0.04688 0.02188
5 0.98281 0.11406 0.03438 0.04062
5 0.93906 0.24219 0.04688 0.05937
5 0.61094 0.33438 0.03438 0.05
5 0.70625 0.46562 0.04375 0.05
5 0.71406 0.56875 0.04063 0.05
5 0.73594 0.58281 0.03438 0.04688
5 0.45625 0.87969 0.04375 0.04688
5 0.4875 0.93906 0.0375 0.04063
5 0.42812 0.4625 0.06875 0.03125
5 0.26875 0.72812 0.05 0.03125
5 0.90938 0.48281 0.04375 0.05313
5 0.89375 0.82812 0.05625 0.05
5 0.43594 0.875 0.04688 0.05
5 0.95156 0.98438 0.04688 0.03125
5 0.44688 0.45 0.05 0.01875
5 0.31094 0.54844 0.05313 0.02187
5 0.98438 0.04844 0.03125 0.04687
5 0.98438 0.61094 0.03125 0.04063
5 0.91719 0.78281 0.05312 0.04688
5 0.75156 0.80938 0.04688 0.04375
5 0.56406 0.91719 0.04688 0.05312
5 0.5875 0.93125 0.0375 0.04375
5 0.64219 0.89531 0.04688 0.04688
5 0.43437 0.92188 0.04375 0.04375
5 0.84375 0.96094 0.0375 0.04688
5 0.55781 0.24531 0.07188 0.02813
5 0.1625 0.57812 0.04375 0.01875
5 0.14688 0.61875 0.0625 0.025
5 0.19219 0.64062 0.04688 0.03125
5 0.95938 0.40781 0.04375 0.04062
5 0.72812 0.32812 0.04375 0.0375
5 0.65625 0.44375 0.04375 0.05625
5 0.83594 0.45625 0.04688 0.04375
5 0.67969 0.50938 0.04062 0.04375
5 0.73594 0.67969 0.04063 0.03438
5 0.7125 0.66562 0.05 0.05625
5 0.74531 0.975 0.04688 0.05
5 0.37188 0.45469 0.05625 0.02813
5 0.10781 0.67969 0.05312 0.02812
5 0.9625 0.35625 0.0375 0.04375
5 0.88594 0.38125 0.04688 0.04375
5 0.90781 0.34375 0.04688 0.04375
5 0.65625 0.49531 0.04375 0.04688
5 0.81094 0.45156 0.04063 0.04688
5 0.84375 0.56094 0.0375 0.04063
5 0.975 0.90312 0.05 0.05625
5 0.60625 0.68438 0.05 0.04375
5 0.38594 0.95312 0.04063 0.04375
5 0.81406 0.94844 0.04063 0.04063
5 0.14844 0.94219 0.05938 0.02813
5 0.86719 0.87656 0.04688 0.04688
5 0.8625 0.72812 0.04375 0.05
5 0.6375 0.74531 0.04375 0.04688
5 0.58125 0.67813 0.04375 0.0375
5 0.57656 0.62813 0.05312 0.05
5 0.76562 0.68438 0.04375 0.05
5 0.4125 0.9625 0.04375 0.04375
5 0.64219 0.97969 0.05312 0.04063
5 0.97812 0.99062 0.0375 0.01875
5 0.99531 0.07812 0.00938 0.04375
5 0.72812 0.425 0.03125 0.04375
5 0.89219 0.58125 0.04688 0.05
5 0.91875 0.59062 0.04375 0.04375
5 0.97969 0.5125 0.04063 0.05
5 0.81406 0.80625 0.04688 0.05
5 0.425 0.82031 0.04375 0.04688
5 0.53438 0.86094 0.05 0.05937
5 0.5375 0.95781 0.04375 0.04688
5 0.22031 0.59531 0.04062 0.02187
5 0.9375 0.34688 0.0375 0.04375
5 0.80938 0.35 0.04375 0.05
5 0.98438 0.8625 0.03125 0.05
5 0.45 0.59844 0.05 0.05312
5 0.35781 0.94688 0.04062 0.05
5 0.675 0.1125 0.0625 0.03125
5 0.18125 0.65938 0.05 0.025
5 0.99688 0.12344 0.00625 0.04062
5 0.93906 0.39688 0.04688 0.04375
5 0.91875 0.83438 0.05 0.05
5 0.60312 0.63594 0.05 0.05312
5 0.55625 0.71719 0.04375 0.04688
5 0.81719 0.70312 0.04688 0.0375
5 0.38125 0.90469 0.0375 0.04063
5 0.51094 0.95 0.04063 0.04375
5 0.12969 0.97344 0.07813 0.02813
5 0.12188 0.86094 0.05625 0.02812
5 0.66094 0.24375 0.05312 0.05625
5 0.41719 0.4875 0.05312 0.03125
5 0.33281 0.50938 0.05312 0.025
5 0.17188 0.55625 0.05 0.03125
5 0.30937 0.65312 0.04375 0.025
5 0.85938 0.375 0.05 0.04375
5 0.70469 0.41562 0.04688 0.05
5 0.68594 0.55625 0.04063 0.05
5 0.94844 0.89688 0.04688 0.05625
5 0.92656 0.88437 0.05312 0.05625
5 0.4875 0.8375 0.05625 0.05625
5 0.56563 0.97031 0.0375 0.04063
5 0.82031 0.98906 0.04688 0.02187
5 0.87344 0.97031 0.04063 0.05312
5 0.47656 0.2875 0.07812 0.0375
5 0.98281 0.26719 0.03438 0.04062
5 0.88594 0.32812 0.05312 0.04375
5 0.58281 0.37969 0.04688 0.05312
5 0.75469 0.54375 0.04688 0.05
5 0.81719 0.55 0.04688 0.04375
5 0.87031 0.57031 0.04063 0.04062
5 0.66406 0.74844 0.04062 0.04688
5 0.49844 0.70156 0.04688 0.05312
5 0.46094 0.98125 0.04063 0.0375
5 0.54531 0.9875 0.04688 0.025
5 0.69375 0.99062 0.04375 0.01875
5 0.10156 0.80469 0.07188 0.03438
5 0.06562 0.7375 0.05 0.025
5 0.12344 0.65625 0.04062 0.01875
5 0.76094 0.27969 0.04063 0.04062
5 0.55156 0.41719 0.05312 0.04688
5 0.70469 0.51562 0.04063 0.04375
5 0.76406 0.5875 0.04063 0.05
5 0.88438 0.475 0.04375 0.05
5 0.7875 0.84531 0.05 0.04688
5 0.84062 0.7125 0.04375 0.0375
5 0.58906 0.77812 0.05312 0.05625
5 0.45938 0.93438 0.04375 0.05
5 0.48906 0.98594 0.04063 0.02812
5 0.72031 0.99531 0.04688 0.00938
5 0.11719 0.98906 0.05938 0.02187
5 0.33594 0.41562 0.05937 0.025
5 0.19844 0.73594 0.05313 0.03438
5 0.13438 0.6375 0.05625 0.01875
5 0.91562 0.12969 0.05 0.04688
5 0.75312 0.43437 0.0375 0.05
5 0.91875 0.64062 0.05 0.05
5 0.50781 0.85625 0.04688 0.05
5 0.40469 0.86094 0.05313 0.05312
5 0.57031 0.99688 0.04062 0.00625
5 0.20625 0.99062 0.05 0.01875
5 0.08594 0.94219 0.06562 0.03437
5 0.00625 0.88125 0.0125 0.03125
5 0.02656 0.9375 0.05312 0.025
5 0.54062 0.27969 0.06875 0.02813
5 0.35625 0.36875 0.05 0.025
5 0.42031 0.36719 0.05938 0.02187
5 0.37813 0.55156 0.05 0.02187
5 0.78125 0.28906 0.0375 0.04688
5 0.67969 0.40469 0.04688 0.04688
5 0.86094 0.46406 0.04063 0.04688
5 0.84375 0.61719 0.04375 0.05313
5 0.99844 0.82188 0.00313 0.05
5 0.79062 0.94219 0.04375 0.04688
5 0.14062 0.95781 0.05 0.02187
5 0.58281 0.2 0.05938 0.03125
5 0.24062 0.54844 0.04375 0.02812
5 0.78906 0.33906 0.04688 0.05312
5 0.60469 0.52812 0.04063 0.05
5 0.28594 0.87188 0.04063 0.05
5 0.49062 0.35469 0.05625 0.03437
5 0.46406 0.40938 0.05312 0.01875
5 0.80781 0.25156 0.04063 0.04688
5 0.8875 0.72812 0.05 0.05
5 0.76406 0.84219 0.04688 0.04688
5 0.54844 0.61719 0.05312 0.04688
5 0.67031 0.90469 0.04063 0.04688
5 0.69531 0.95469 0.04062 0.05312
5 0.875 0.99844 0.04375 0.00313
5 0.08125 0.95938 0.05625 0.025
5 0.05 0.88281 0.05625 0.03438
5 0.10469 0.89688 0.05938 0.03125
5 0.29688 0.47344 0.05625 0.02813
5 0.30312 0.56719 0.05625 0.02813
5 0.85938 0.32031 0.04375 0.04063
5 0.83125 0.3125 0.04375 0.04375
5 0.97188 0.85781 0.05 0.05312
5 0.80625 0.76406 0.05 0.04063
5 0.53281 0.75938 0.04688 0.05
5 0.525 0.65625 0.05 0.04375
5 0.53906 0.90781 0.04688 0.04688
