48 0.90469 0.2875 0.19063 0.175
48 0.02969 0.02656 0.05938 0.05312
48 0.1375 0.03125 0.15 0.0625
48 0.03125 0.17969 0.0625 0.23438
48 0.14844 0.175 0.16563 0.2125
48 0.3 0.04531 0.15 0.09062
48 0.30469 0.18438 0.15312 0.19375
48 0.45938 0.04844 0.15 0.09688
48 0.46406 0.19219 0.15937 0.18438
48 0.62969 0.05312 0.17188 0.10625
48 0.63281 0.20781 0.16562 0.20938
48 0.45625 0.72812 0.16875 0.24375
48 0.90625 0.02344 0.1875 0.04688
48 0.92031 0.48125 0.15938 0.18125
48 0.85156 0.95156 0.14062 0.09688
48 0.45781 0.47188 0.17812 0.25625
48 0.29375 0.47969 0.16875 0.29688
48 0.67344 0.95312 0.14687 0.09375
48 0.32031 0.94375 0.19062 0.1125
48 0.04219 0.72656 0.08438 0.21562
48 0.02812 0.49531 0.05625 0.25312
48 0.61875 0.69844 0.15 0.18438
48 0.28594 0.74219 0.20312 0.16562
48 0.09531 0.94375 0.19062 0.1125
48 0.14531 0.47344 0.17188 0.27813
48 0.89844 0.75312 0.20312 0.1875
