21 0.02969 0.98906 0.05938 0.02187
21 0.14531 0.99844 0.16562 0.00313
5 0.9875 0.15625 0.025 0.03125
5 0.98594 0.24062 0.02812 0.03125
5 0.88438 0.225 0.075 0.03125
5 0.79219 0.22344 0.06562 0.03438
5 0.67969 0.20312 0.05937 0.05
5 0.62344 0.20156 0.05312 0.05313
5 0.56094 0.19844 0.07188 0.05313
5 0.46875 0.11562 0.06875 0.0375
5 0.43125 0.19688 0.04375 0.05625
5 0.38281 0.18281 0.04688 0.05313
5 0.3375 0.18438 0.05 0.04375
5 0.2875 0.18438 0.04375 0.05
5 0.24219 0.17656 0.05312 0.05937
5 0.39375 0.09062 0.075 0.03125
5 0.15625 0.09375 0.06875 0.03125
5 0.45625 0.03594 0.0375 0.05312
5 0.41562 0.0375 0.0375 0.0625
5 0.37344 0.02969 0.03437 0.05312
5 0.33438 0.02812 0.04375 0.05625
5 0.28906 0.03125 0.04063 0.05625
5 0.22188 0.02656 0.0375 0.05312
5 0.17656 0.02344 0.04062 0.04688
5 0.13125 0.02344 0.04375 0.04688
5 0.06094 0.16562 0.04062 0.05
5 0.08438 0.01875 0.0375 0.0375
5 0.04688 0.02031 0.04375 0.04062
5 0.01406 0.01875 0.02812 0.0375
16 0.83906 0.04531 0.10313 0.09062
