5 0.95 0.48281 0.025 0.04063
53 0.9375 0.14375 0.125 0.2875
5 0.70938 0.88438 0.06875 0.04375
48 0.22969 0.28438 0.17188 0.10625
48 0.38594 0.38438 0.12188 0.0875
48 0.02031 0.37813 0.04062 0.1125
48 0.41562 0.65469 0.49375 0.32188
48 0.59062 0.26562 0.125 0.06875
48 0.67031 0.06719 0.11562 0.04688
48 0.00312 0.2875 0.00625 0.1
48 0.30781 0.1125 0.10313 0.03125
48 0.50938 0.09687 0.14375 0.075
5 0.96875 0.2 0.0625 0.0375
48 0.68281 0.10156 0.14062 0.04688
48 0.125 0.01875 0.11875 0.0375
48 0.14375 0.0875 0.1625 0.06875
48 0.32656 0.15625 0.12188 0.075
48 0.20781 0.375 0.10313 0.0625
48 0.8625 0.94844 0.275 0.10313
48 0.65156 0.03281 0.10313 0.05938
48 0.0375 0.43594 0.075 0.10312
48 0.49844 0.05156 0.15937 0.04062
5 0.92344 0.10469 0.06563 0.03438
48 0.19219 0.3375 0.08438 0.05
48 0.28125 0.34844 0.0875 0.07188
48 0.27812 0.45156 0.19375 0.14688
48 0.175 0.19062 0.15625 0.05625
48 0.04688 0.02656 0.075 0.05312
48 0.20156 0.23125 0.15937 0.06875
48 0.56875 0.22031 0.15 0.05313
48 0.2625 0.01406 0.1375 0.02812
48 0.7 0.16563 0.13125 0.05625
48 0.55312 0.15781 0.15625 0.04062
48 0.63906 0.01406 0.10938 0.02812
48 0.28281 0.04062 0.12188 0.05625
48 0.35938 0.275 0.14375 0.15
48 0.62187 0.41875 0.43125 0.3125
48 0.16562 0.13438 0.175 0.08125
48 0.71875 0.22812 0.13125 0.08125
48 0.06406 0.55 0.12812 0.10625
5 0.03594 0.98438 0.05938 0.03125
48 0.49219 0.01875 0.13437 0.0375
48 0.56719 0.19219 0.14687 0.05313
48 0.30469 0.07969 0.14687 0.05312
