48 0.22813 0.94531 0.125 0.09688
48 0.29063 0.62344 0.125 0.10313
48 0.17812 0.55313 0.10625 0.11875
48 0.18906 0.65625 0.11562 0.1375
48 0.97031 0.87344 0.05937 0.12813
48 0.03281 0.95938 0.06562 0.08125
48 0.01406 0.86875 0.02812 0.10625
48 0.75625 0.38594 0.1125 0.15313
48 0.5875 0.95469 0.1 0.09062
48 0.57656 0.15781 0.13438 0.16563
48 0.49219 0.59375 0.11563 0.16875
48 0.00312 0.37812 0.00625 0.11875
48 0.64688 0.39844 0.1125 0.15312
48 0.32188 0.69531 0.21875 0.10938
48 0.66094 0.82188 0.12188 0.10625
48 0.3875 0.21094 0.1125 0.12813
48 0.9875 0.28906 0.025 0.17188
48 0.1375 0.12344 0.1375 0.16562
48 0.46094 0.875 0.11563 0.14375
48 0.54844 0.42969 0.11562 0.15938
48 0.49219 0.95938 0.10312 0.08125
48 0.67969 0.93594 0.10938 0.12813
48 0.91875 0.33281 0.1 0.10313
48 0.27969 0.22656 0.12812 0.12187
48 0.67344 0.11875 0.11562 0.13125
48 0.33906 0.08125 0.09687 0.15
48 0.62813 0.57812 0.225 0.19375
48 0.87812 0.09219 0.11875 0.16562
48 0.35469 0.48125 0.11562 0.15625
48 0.86094 0.77031 0.11562 0.11562
48 0.95312 0.05781 0.09375 0.11562
48 0.47812 0.19062 0.13125 0.175
48 0.89531 0.89688 0.10938 0.14375
48 0.95 0.75 0.1 0.1375
48 0.33594 0.89531 0.15312 0.15937
48 0.625 0.04062 0.13125 0.08125
48 0.875 0.00469 0.20625 0.00938
48 0.5375 0.04688 0.1125 0.09375
48 0.27031 0.98906 0.12187 0.02187
48 0.24375 0.09844 0.1125 0.14688
48 0.38438 0.97812 0.13125 0.04375
48 0.42812 0.06406 0.09375 0.10938
48 0.78281 0.11094 0.12187 0.17812
48 0.45469 0.44844 0.10938 0.14687
48 0.79219 0.92031 0.12812 0.15938
48 0.16562 0.27031 0.125 0.15937
48 0.25781 0.50156 0.10938 0.15938
48 0.55312 0.83281 0.125 0.16563
