48 0.29375 0.0625 0.5875 0.125
9 0.125 0.775 0.0625 0.04375
48 0.63438 0.00156 0.73125 0.00312
48 0.32812 0.14531 0.65625 0.29063
9 0.03438 0.56406 0.06875 0.04063
9 0.04375 0.59062 0.075 0.04375
5 0.07969 0.65469 0.04063 0.02812
12 0.09219 0.84844 0.04063 0.08437
5 0.35938 0.53438 0.03125 0.0375
5 0.37969 0.52656 0.02813 0.04063
5 0.40938 0.50625 0.0375 0.04375
9 0.30156 0.56875 0.04063 0.0625
9 0.275 0.57812 0.0375 0.0625
9 0.24844 0.59062 0.03437 0.05625
9 0.22344 0.60469 0.02812 0.05312
5 0.43906 0.49687 0.03437 0.05
54 0.31719 0.4375 0.13438 0.1375
9 0.02812 0.53906 0.05625 0.03438
9 0.09531 0.69531 0.05938 0.03438
12 0.31562 0.55156 0.025 0.03437
9 0.05313 0.61875 0.05625 0.0375
9 0.11406 0.71562 0.06562 0.03125
9 0.11406 0.7375 0.06562 0.03125
9 0.13594 0.79062 0.05938 0.03125
9 0.75937 0.83438 0.05625 0.075
9 0.7875 0.89688 0.0375 0.0625
9 0.84688 0.95156 0.04375 0.05937
9 0.81719 0.95625 0.04688 0.075
9 0.79375 0.4375 0.05625 0.0375
9 0.81094 0.46406 0.07188 0.04063
9 0.80469 0.50469 0.05937 0.05312
48 0.47812 0.86406 0.575 0.27187
48 0.53125 0.93125 0.6 0.1375
48 0.42656 0.75937 0.52813 0.36875
48 0.95625 0.4625 0.0875 0.41875
11 0.45 0.24219 0.0625 0.09688
10 0.42031 0.2625 0.04062 0.0625
48 0.83125 0.10625 0.3375 0.2125
