48 0.72969 0.40938 0.54062 0.45625
5 0.03281 0.16875 0.05938 0.04375
5 0.07656 0.16875 0.05938 0.04375
5 0.11875 0.1625 0.06875 0.04375
5 0.16406 0.15469 0.06562 0.04688
5 0.20781 0.15156 0.05937 0.04688
5 0.24375 0.15 0.05625 0.04375
5 0.28438 0.14062 0.0625 0.04375
5 0.32656 0.13594 0.05938 0.04062
5 0.37188 0.13125 0.05625 0.04375
5 0.40938 0.12344 0.05 0.04688
5 0.44219 0.12031 0.05312 0.04062
5 0.48594 0.11562 0.05312 0.0375
5 0.52656 0.10938 0.05312 0.04375
5 0.57344 0.1125 0.06562 0.04375
5 0.60312 0.09688 0.05625 0.0375
5 0.64062 0.09375 0.05 0.04375
5 0.68281 0.09219 0.05312 0.04688
5 0.72344 0.0875 0.05938 0.05
5 0.75469 0.07656 0.04688 0.04062
4 0.80312 0.07969 0.05 0.04687
5 0.83438 0.06875 0.05 0.0375
5 0.87969 0.06562 0.05312 0.04375
5 0.93125 0.06875 0.05 0.0375
5 0.96094 0.05938 0.05937 0.04375
5 0.98594 0.05 0.02812 0.04375
5 0.27812 0.35469 0.0375 0.04063
5 0.31562 0.34531 0.03125 0.04062
5 0.34688 0.33438 0.03125 0.05
5 0.33906 0.20938 0.05312 0.04375
5 0.44375 0.2125 0.05625 0.03125
5 0.42812 0.22969 0.04375 0.02812
5 0.40781 0.25 0.04688 0.03125
5 0.4 0.27812 0.05625 0.0375
5 0.37969 0.29375 0.05938 0.03125
5 0.26562 0.23906 0.04375 0.05313
5 0.20625 0.2625 0.0625 0.01875
6 0.21094 0.28125 0.07188 0.01875
5 0.20156 0.30312 0.05938 0.025
5 0.19844 0.23594 0.05937 0.02188
5 0.06562 0.30156 0.06875 0.02813
5 0.05781 0.27187 0.05938 0.025
5 0.05156 0.23281 0.06562 0.02188
5 0.05625 0.25156 0.06875 0.02188
53 0.22656 0.25625 0.45312 0.24375
53 0.63438 0.09531 0.73125 0.14062
5 0.00312 0.08438 0.00625 0.04375
5 0.025 0.08125 0.03125 0.04375
5 0.0625 0.06719 0.0375 0.04688
5 0.10781 0.08281 0.03438 0.04688
5 0.14062 0.07656 0.0375 0.04062
48 0.01094 0.23906 0.02188 0.47812
