5 0.56094 0.05 0.03438 0.03125
48 0.48438 0.40625 0.34375 0.23125
48 0.18594 0.68906 0.27812 0.17812
48 0.71406 0.25 0.15937 0.10625
48 0.99844 0.28906 0.00313 0.12813
48 0.95781 0.32812 0.08437 0.10625
48 0.96406 0.08281 0.07188 0.08438
48 0.975 0.16406 0.05 0.07188
5 0.98594 0.53594 0.02812 0.03437
5 0.52969 0.0875 0.04063 0.03125
5 0.42656 0.10938 0.04063 0.025
5 0.875 0.32031 0.03125 0.03438
5 0.30625 0.08906 0.025 0.04062
5 0.28281 0.09688 0.02188 0.0375
5 0.23594 0.11094 0.02813 0.04063
48 0.18438 0.54062 0.3125 0.23125
48 0.22344 0.97344 0.17812 0.05312
48 0.93281 0.71406 0.13438 0.24688
48 0.79531 0.99219 0.25313 0.01562
51 0.83906 0.47812 0.32188 0.225
48 0.40469 0.89531 0.34062 0.20937
48 0.94688 0.93438 0.10625 0.13125
48 0.1375 0.04062 0.275 0.08125
