5 0.04375 0.96562 0.03125 0.05
48 0.81406 0.58125 0.37187 0.8375
5 0.025 0.90312 0.03125 0.03125
5 0.03125 0.99375 0.03125 0.0125
5 0.00469 0.01719 0.00938 0.02812
5 0.0125 0.04062 0.025 0.025
53 0.0125 0.02812 0.025 0.05625
48 0.175 0.63438 0.35 0.26875
48 0.61719 0.11719 0.13437 0.10312
5 0.02969 0.05469 0.02812 0.02813
5 0.0375 0.20156 0.03125 0.02188
5 0.01562 0.21406 0.03125 0.02188
5 0.01719 0.25625 0.03438 0.03125
48 0.02031 0.24219 0.03437 0.02812
5 0.18125 0.2875 0.03125 0.025
5 0.20938 0.31875 0.03125 0.03125
48 0.85312 0.65938 0.08125 0.06875
48 0.97344 0.77656 0.05312 0.05312
48 0.43125 0.75469 0.75 0.49062
