52 0.09375 0.92969 0.125 0.14062
48 0.14531 0.32344 0.14688 0.09687
48 0.11719 0.51406 0.22813 0.10313
48 0.05625 0.67188 0.1125 0.08125
48 0.04375 0.75156 0.0875 0.10313
48 0.3 0.6625 0.15 0.09375
48 0.47969 0.44531 0.18438 0.12187
48 0.74062 0.47188 0.16875 0.1
48 0.84062 0.39219 0.0625 0.07187
48 0.91875 0.48438 0.1625 0.1
48 0.76094 0.65469 0.06562 0.07188
48 0.83438 0.68125 0.11875 0.09375
48 0.9875 0.62813 0.025 0.05
48 0.88437 0.74219 0.15 0.04688
48 0.98906 0.73438 0.02187 0.0625
48 0.86094 0.80938 0.10313 0.0875
48 0.98438 0.82031 0.03125 0.09062
48 0.93594 0.82656 0.09062 0.12187
48 0.93125 0.94531 0.1125 0.10938
48 0.67656 0.99688 0.10313 0.00625
48 0.85469 0.61562 0.14062 0.05
48 0.94844 0.62187 0.04688 0.0375
48 0.05156 0.07031 0.10312 0.14062
48 0.1375 0.06562 0.09375 0.05625
48 0.2125 0.11875 0.06875 0.05
48 0.2625 0.01875 0.05625 0.0375
48 0.35 0.00312 0.08125 0.00625
48 0.36094 0.02969 0.12188 0.05312
48 0.45625 0.03437 0.08125 0.05
48 0.97188 0.03125 0.05625 0.0625
48 0.21094 0.82969 0.21562 0.10938
48 0.02656 0.96719 0.05312 0.06563
48 0.23281 0.96719 0.09687 0.06563
