48 0.85312 0.18906 0.20625 0.17812
48 0.6125 0.13906 0.15 0.16562
48 0.7125 0.1625 0.1375 0.14375
48 0.9125 0.94688 0.175 0.10625
51 0.80781 0.91875 0.06562 0.0875
51 0.68906 0.92188 0.17812 0.14375
51 0.9375 0.85156 0.125 0.12187
5 0.34219 0.67812 0.04062 0.05
5 0.475 0.775 0.0375 0.0375
48 0.21719 0.82812 0.39688 0.34375
48 0.67031 0.49062 0.55313 0.675
5 0.18906 0.3 0.02188 0.025
48 0.09219 0.22812 0.18438 0.45625
53 0.29375 0.02812 0.275 0.05625
5 0.00469 0.84062 0.00938 0.03125
53 0.84219 0.06562 0.31563 0.13125
5 0.19531 0.00156 0.04063 0.00312
5 0.00938 0.63906 0.01875 0.05312
5 0.0625 0.675 0.0375 0.01875
5 0.17344 0.39531 0.03437 0.02813
5 0.33594 0.06875 0.03438 0.04375
