48 0.07031 0.96875 0.14062 0.0625
48 0.12656 0.55937 0.17188 0.16875
48 0.96719 0.60781 0.06563 0.15312
48 0.38906 0.36094 0.17813 0.15937
48 0.05469 0.29531 0.10938 0.15937
48 0.00312 0.47031 0.00625 0.15938
5 0.00156 0.72656 0.00312 0.04688
5 0.38125 0.17812 0.0625 0.0375
48 0.025 0.92812 0.05 0.14375
48 0.65312 0.16719 0.18125 0.15313
48 0.78906 0.77969 0.20312 0.19688
48 0.77656 0.68438 0.12812 0.1
48 0.925 0.10781 0.15 0.21562
48 0.36875 0.58438 0.18125 0.18125
48 0.92812 0.94531 0.14375 0.10938
48 0.57188 0.92969 0.175 0.14062
48 0.98438 0.3875 0.03125 0.1625
48 0.29063 0.44375 0.2125 0.1875
48 0.29219 0.62344 0.17188 0.17188
48 0.18594 0.1625 0.25312 0.225
48 0.04375 0.15625 0.0875 0.2375
48 0.97656 0.06562 0.04688 0.13125
48 0.9875 0.48125 0.025 0.10625
48 0.72656 0.30312 0.23438 0.21875
48 0.47188 0.49219 0.2125 0.20312
48 0.7 0.61094 0.15625 0.14062
48 0.78438 0.07812 0.15625 0.15625
48 0.84062 0.15781 0.08125 0.07812
48 0.37969 0.97344 0.18438 0.05312
48 0.69844 0.0875 0.12188 0.11875
5 0.12031 0.375 0.05938 0.05625
5 0.575 0.03438 0.04375 0.04375
48 0.29375 0.91719 0.125 0.12812
48 0.49688 0.95469 0.1625 0.09062
48 0.39375 0.8875 0.14375 0.14375
48 0.99531 0.9 0.00938 0.1375
48 0.95156 0.42969 0.09688 0.12813
48 0.7625 0.17656 0.15 0.15312
48 0.15625 0.7375 0.2 0.20625
48 0.06406 0.32031 0.12812 0.23438
48 0.92031 0.4875 0.15312 0.14375
48 0.09062 0.66406 0.18125 0.19063
48 0.61562 0.88125 0.20625 0.2
48 0.575 0.74219 0.18125 0.16562
48 0.85 0.24375 0.13125 0.125
5 0.12188 0.97656 0.04375 0.04688
48 0.87031 0.56094 0.14062 0.12812
48 0.47188 0.84062 0.175 0.16875
48 0.8125 0.02812 0.1375 0.05625
48 0.45156 0.3125 0.12812 0.14375
48 0.32031 0.09531 0.24062 0.19062
5 0.43281 0.15313 0.03437 0.0375
48 0.54531 0.0125 0.22813 0.025
48 0.17656 0.0375 0.20312 0.075
48 0.9 0.675 0.2 0.21875
5 0.24531 0.28594 0.05938 0.02813
48 0.85938 0.98594 0.1125 0.02812
48 0.19844 0.50938 0.15938 0.15
48 0.58906 0.40312 0.24688 0.21875
48 0.04688 0.59688 0.09375 0.15625
48 0.09531 0.08281 0.19062 0.16562
48 0.09062 0.25156 0.1625 0.15937
48 0.32031 0.96094 0.14687 0.07812
48 0.70312 0.84531 0.1625 0.17188
48 0.93438 0.02812 0.10625 0.05625
48 0.5125 0.24219 0.16875 0.13438
48 0.42344 0.05469 0.24062 0.10938
48 0.13906 0.98281 0.27812 0.03438
48 0.65938 0.68594 0.19375 0.17812
