48 0.23125 0.67188 0.21875 0.225
48 0.07187 0.32969 0.14375 0.19062
48 0.72656 0.26406 0.24063 0.09063
48 0.06562 0.65312 0.13125 0.1625
48 0.1 0.95312 0.15 0.09375
48 0.00312 0.99688 0.00625 0.00625
48 0.94531 0.14688 0.10938 0.1
48 0.96406 0.98906 0.07188 0.02187
48 0.45938 0.25 0.175 0.11875
48 0.96719 0.37812 0.06563 0.125
5 0.10312 0.44531 0.04375 0.02187
48 0.2625 0.33281 0.15625 0.12188
48 0.45469 0.12656 0.17812 0.12188
48 0.02188 0.18594 0.04375 0.09687
5 0.97969 0.475 0.04063 0.03125
48 0.72656 0.1625 0.18437 0.1125
5 0.3625 0.74219 0.025 0.04062
48 0.18281 0.18906 0.16562 0.14063
48 0.725 0.38125 0.18125 0.14375
