48 0.15 0.9 0.1375 0.14375
13 0.19375 0.68906 0.06875 0.04063
13 0.13906 0.70781 0.04688 0.03437
10 0.02031 0.10469 0.04062 0.07187
5 0.12812 0.05781 0.0375 0.05313
10 0.19062 0.03594 0.05625 0.07187
10 0.9375 0.04375 0.04375 0.08125
10 0.73438 0.10469 0.0625 0.10937
5 0.69844 0.35938 0.02813 0.04375
5 0.89844 0.2875 0.03438 0.05625
5 0.875 0.29375 0.0375 0.05
5 0.825 0.32031 0.0375 0.05937
5 0.79375 0.32031 0.0375 0.06563
5 0.44531 0.5625 0.02812 0.04375
5 0.34375 0.49062 0.03125 0.05625
13 0.99531 0.18125 0.00938 0.05625
11 0.43594 0.60312 0.14062 0.08125
39 0.20938 0.41562 0.08125 0.05625
10 0.26562 0.66406 0.09375 0.05313
48 0.75469 0.70781 0.10313 0.12188
5 0.69687 0.4625 0.0375 0.05625
5 0.15625 0.51719 0.05625 0.04062
48 0.36406 0.81406 0.14687 0.10938
48 0.92031 0.64688 0.10938 0.14375
5 0.67656 0.38281 0.02813 0.03438
5 0.92344 0.28906 0.04063 0.06563
48 0.0625 0.92812 0.11875 0.1125
48 0.91719 0.96875 0.16563 0.0625
5 0.66719 0.47031 0.04063 0.04688
5 0.79375 0.55156 0.05 0.02813
48 0.42344 0.96406 0.09687 0.07188
48 0.61406 0.85625 0.11562 0.11875
48 0.99844 0.95 0.00313 0.1
5 0.03594 0.20938 0.07187 0.04375
5 0.88594 0.02969 0.04688 0.04688
5 0.27344 0.9875 0.02187 0.025
48 0.9875 0.74375 0.025 0.14375
48 0.13438 0.98125 0.11875 0.0375
5 0.65469 0.39531 0.02812 0.04063
48 0.29531 0.25781 0.18438 0.20937
48 0.55312 0.20156 0.3875 0.24063
5 0.49844 0.45156 0.02188 0.05313
5 0.84219 0.49844 0.04688 0.03437
48 0.92969 0.80313 0.14062 0.15
53 0.50625 0.33906 0.9875 0.67812
48 0.025 0.31875 0.05 0.21875
5 0.53906 0.5125 0.03438 0.05
5 0.35156 0.13594 0.03438 0.04687
5 0.59531 0.31562 0.05312 0.0375
48 0.47188 0.99844 0.075 0.00313
5 0.07031 0.09375 0.04688 0.05625
5 0.42188 0.47031 0.04375 0.04688
5 0.96719 0.35312 0.04063 0.05625
5 0.675 0.66719 0.06875 0.03437
5 0.62344 0.39844 0.03438 0.04688
5 0.20156 0.55625 0.04688 0.075
5 0.75312 0.82188 0.0625 0.04375
5 0.07969 0.46875 0.07188 0.04375
5 0.09062 0.54531 0.05625 0.04688
5 0.17344 0.57344 0.03437 0.06562
48 0.42031 0.92188 0.13437 0.08125
48 0.47969 0.73125 0.11562 0.1125
5 0.71875 0.45312 0.025 0.0625
5 0.97656 0.85469 0.04688 0.04063
48 0.82812 0.67656 0.0875 0.10313
48 0.67812 0.975 0.21875 0.05
5 0.65469 0.60312 0.05937 0.04375
5 0.94844 0.27812 0.04688 0.05625
5 0.24062 0.53281 0.05 0.05312
48 0.975 0.60781 0.05 0.11562
5 0.08906 0.19531 0.05938 0.05312
5 0.6875 0.69531 0.06875 0.03438
48 0.13438 0.24688 0.16875 0.13125
48 0.00625 0.93125 0.0125 0.13125
5 0.47188 0.55625 0.025 0.0375
5 0.45 0.46562 0.0375 0.05
