5 0.95938 0.85625 0.04375 0.01875
5 0.90781 0.85469 0.04688 0.02187
5 0.90156 0.94844 0.02187 0.04063
5 0.21562 0.12969 0.04375 0.02812
48 0.11719 0.25312 0.23438 0.18125
48 0.27031 0.48438 0.25938 0.19375
48 0.03906 0.02656 0.07812 0.05312
48 0.33438 0.40156 0.2375 0.19062
48 0.34375 0.00312 0.25625 0.00625
5 0.21562 0.2375 0.04375 0.025
48 0.46562 0.20781 0.21875 0.14688
48 0.07031 0.36719 0.14062 0.10938
48 0.57344 0.76562 0.85312 0.46875
48 0.02656 0.50625 0.05312 0.1625
48 0.025 0.13906 0.05 0.17188
48 0.14844 0.73438 0.29688 0.36875
48 0.57031 0.0625 0.23438 0.125
5 0.15156 0.20469 0.04062 0.02813
48 0.52969 0.09062 0.26562 0.175
48 0.61875 0.02188 0.225 0.04375
5 0.1 0.18125 0.03125 0.0375
48 0.24062 0.07031 0.275 0.14062
48 0.37813 0.325 0.25 0.18125
48 0.49062 0.15313 0.24375 0.15
