5 0.05469 0.99375 0.05938 0.0125
5 0.35 0.92656 0.0625 0.02187
5 0.34688 0.90781 0.06875 0.02812
5 0.34844 0.875 0.06562 0.025
5 0.34375 0.85 0.05 0.025
5 0.39531 0.76406 0.03437 0.04688
5 0.32031 0.7125 0.05312 0.01875
5 0.30781 0.69375 0.04688 0.025
5 0.44219 0.78281 0.04688 0.02187
5 0.41094 0.6875 0.05312 0.025
5 0.35938 0.63594 0.03125 0.04688
5 0.32969 0.62813 0.03437 0.04375
5 0.29063 0.63438 0.06875 0.03125
5 0.27656 0.57656 0.06563 0.03438
5 0.27187 0.55312 0.05625 0.01875
5 0.25312 0.51406 0.05625 0.02187
5 0.24531 0.49531 0.05312 0.02187
5 0.24062 0.45938 0.05625 0.03125
5 0.27656 0.44219 0.03437 0.04063
5 0.3 0.53594 0.0375 0.04688
5 0.32188 0.52969 0.025 0.04063
48 0.09531 0.03906 0.19062 0.07812
53 0.30938 0.64375 0.3125 0.64375
