48 0.35312 0.03906 0.25 0.07812
48 0.38281 0.14688 0.24687 0.1625
48 0.42656 0.25938 0.24062 0.1875
48 0.46719 0.38438 0.26562 0.15625
48 0.50156 0.50781 0.26562 0.17188
48 0.58594 0.61563 0.12187 0.11875
5 0.57188 0.15313 0.03125 0.05625
5 0.60312 0.0125 0.025 0.025
46 0.19688 0.21094 0.04375 0.04063
46 0.83125 0.41406 0.0625 0.05312
5 0.99062 0.32656 0.01875 0.04688
5 0.96875 0.36875 0.05 0.04375
48 0.81875 0.17031 0.30625 0.34062
48 0.12656 0.47656 0.25312 0.24687
48 0.09688 0.17344 0.19375 0.34688
5 0.94687 0.52656 0.0375 0.03437
48 0.97812 0.59219 0.04375 0.22813
48 0.9125 0.72031 0.175 0.22813
48 0.86563 0.81562 0.24375 0.2375
48 0.76719 0.9 0.24687 0.2
47 0.74844 0.98594 0.18437 0.02812
48 0.11875 0.76719 0.11875 0.09062
48 0.32656 0.89688 0.25312 0.20625
48 0.06875 0.88125 0.1375 0.2375
5 0.58594 0.9875 0.02188 0.025
