5 0.80781 0.67656 0.04063 0.05312
48 0.77656 0.01562 0.08437 0.03125
48 0.57969 0.29219 0.14687 0.11562
48 0.70938 0.43437 0.0875 0.075
48 0.43438 0.30156 0.16875 0.19688
48 0.31406 0.29219 0.15313 0.13438
48 0.21562 0.25625 0.1125 0.15
48 0.59688 0.48281 0.1625 0.09062
48 0.96875 0.37969 0.0625 0.14687
5 0.22031 0.89531 0.04062 0.04688
48 0.58438 0.57031 0.21875 0.11563
48 0.575 0.6625 0.19375 0.13125
48 0.30156 0.71719 0.12812 0.15312
48 0.39531 0.89531 0.14687 0.15313
48 0.50625 0.89688 0.1875 0.15
48 0.95625 0.53906 0.0875 0.10312
48 0.83281 0.93125 0.11562 0.1125
48 0.94531 0.73438 0.10938 0.1
48 0.89062 0.80469 0.1625 0.17188
48 0.99375 0.7625 0.0125 0.10625
48 0.98281 0.86406 0.03438 0.10313
48 0.50938 0.04531 0.05625 0.07188
48 0.71875 0.33125 0.13125 0.13125
48 0.30469 0.59375 0.05937 0.0625
48 0.24219 0.52188 0.11562 0.09375
48 0.375 0.55 0.13125 0.0625
48 0.18594 0.85625 0.06562 0.05625
5 0.57656 0.9875 0.07188 0.025
