6 0.77812 0.33594 0.08125 0.05312
6 0.76562 0.28438 0.06875 0.05
6 0.81094 0.32031 0.08437 0.05937
9 0.61875 0.21094 0.1125 0.09062
9 0.32188 0.06406 0.09375 0.05938
53 0.01562 0.36719 0.03125 0.32187
48 0.99062 0.85156 0.01875 0.13437
48 0.5875 0.5375 0.33125 0.25625
48 0.85 0.68594 0.3 0.22188
48 0.66875 0.1 0.28125 0.2
5 0.00625 0.50781 0.0125 0.02812
5 0.92656 0.49531 0.05938 0.05312
14 0.7875 0.94688 0.1625 0.10625
5 0.97031 0.47656 0.04063 0.04688
48 0.72188 0.93438 0.55625 0.13125
48 0.92656 0.19219 0.14687 0.38438
5 0.19688 0.3375 0.05625 0.01875
5 0.02188 0.48125 0.04375 0.0375
5 0.05938 0.73438 0.025 0.05
5 0.01719 0.76406 0.03438 0.03438
5 0.85781 0.39219 0.04063 0.04062
48 0.17188 0.18438 0.34375 0.36875
48 0.23906 0.50781 0.44062 0.44063
5 0.86875 0.03438 0.0625 0.05625
48 0.0125 0.8625 0.025 0.275
48 0.39062 0.75 0.78125 0.5
5 0.92031 0.43906 0.05937 0.04688
