48 0.425 0.3875 0.3125 0.175
48 0.75781 0.54062 0.31563 0.29375
48 0.59062 0.04531 0.13125 0.09062
48 0.02188 0.36875 0.04375 0.175
48 0.0625 0.78281 0.125 0.15312
48 0.15156 0.81719 0.15938 0.17188
48 0.48906 0.03281 0.14062 0.06562
48 0.10938 0.55312 0.18125 0.1625
48 0.08438 0.96719 0.14375 0.06563
48 0.80781 0.82344 0.38438 0.26562
48 0.21719 0.84219 0.10937 0.12813
48 0.20781 0.62813 0.12812 0.175
48 0.31406 0.77188 0.25312 0.1625
48 0.34688 0.56563 0.18125 0.15625
48 0.27656 0.35469 0.19688 0.16563
48 0.22656 0.54844 0.12813 0.12813
48 0.09844 0.90312 0.19688 0.18125
48 0.12813 0.49375 0.175 0.11875
48 0.33438 0.66719 0.24375 0.14062
48 0.03594 0.95469 0.07187 0.09062
48 0.43438 0.59062 0.125 0.125
48 0.11562 0.69375 0.23125 0.1375
48 0.01406 0.99688 0.02812 0.00625
48 0.85312 0.06719 0.25 0.13438
48 0.25938 0.94062 0.25625 0.11875
48 0.16562 0.3 0.15625 0.15625
48 0.31562 0.86875 0.225 0.14375
48 0.3875 0.47969 0.375 0.17812
48 0.36719 0.02188 0.15938 0.04375
48 0.03438 0.25 0.06875 0.2125
48 0.16875 0.43125 0.275 0.15625
10 0.575 0.42656 0.025 0.04688
51 0.78594 0.79688 0.42812 0.40625
5 0.63906 0.43438 0.02812 0.06875
5 0.42031 0.92188 0.04062 0.0625
5 0.03125 0.56719 0.0375 0.06562
5 0.49375 0.68281 0.04375 0.06562
