48 0.29063 0.75625 0.58125 0.4875
53 0.32031 0.02344 0.64062 0.04688
5 0.51719 0.93594 0.05312 0.06563
5 0.0875 0.25938 0.05 0.0625
5 0.82031 0.15469 0.02812 0.05938
5 0.76875 0.00625 0.0375 0.0125
8 0.02344 0.24844 0.04688 0.06562
5 0.02188 0.19062 0.04375 0.05
5 0.49531 0.82656 0.04063 0.04688
5 0.96719 0.71875 0.03438 0.05625
48 0.99688 0.08906 0.00625 0.17812
48 0.9375 0.37187 0.125 0.39375
5 0.42344 0.77969 0.03437 0.05937
5 0.3375 0.64062 0.03125 0.05
5 0.575 0.625 0.05625 0.025
11 0.20156 0.5625 0.12188 0.13125
8 0.13125 0.38906 0.05 0.05938
5 0.98281 0.89688 0.03438 0.04375
5 0.0125 0.09219 0.025 0.04063
5 0.86719 0.32656 0.04062 0.05313
5 0.75156 0.13281 0.04688 0.09687
48 0.50938 0.35156 0.56875 0.70312
5 0.18906 0.38906 0.04062 0.06562
5 0.83438 0.51094 0.0375 0.05312
5 0.45469 0.875 0.03437 0.04375
10 0.30625 0.73281 0.05 0.07188
