48 0.9375 0.62187 0.125 0.2125
48 0.37969 0.19375 0.23438 0.3875
48 0.02656 0.52188 0.05312 0.43125
8 0.56406 0.05469 0.05312 0.04062
5 0.175 0.1125 0.06875 0.03125
5 0.06875 0.15469 0.06875 0.02813
5 0.06094 0.18125 0.05938 0.025
5 0.075 0.25156 0.0625 0.02813
5 0.17812 0.34062 0.05625 0.01875
5 0.175 0.29219 0.06875 0.02813
5 0.17969 0.24062 0.04688 0.025
5 0.7125 0.17656 0.04375 0.03438
5 0.07187 0.2875 0.0625 0.03125
5 0.17188 0.32188 0.06875 0.03125
5 0.18125 0.42188 0.0375 0.025
5 0.17969 0.14375 0.06562 0.03125
5 0.79688 0.13594 0.05 0.04062
