48 0.50469 0.08594 0.30312 0.17188
48 0.78594 0.925 0.42812 0.15
48 0.925 0.34688 0.10625 0.1
48 0.825 0.77969 0.35 0.24687
48 0.95156 0.19844 0.09688 0.17188
48 0.84375 0.25313 0.19375 0.1375
48 0.77344 0.12656 0.26562 0.16563
48 0.93281 0.05781 0.13438 0.11562
48 0.91562 0.60938 0.16875 0.1625
48 0.76094 0.02812 0.24062 0.05625
48 0.48125 0.60625 0.9625 0.7875
48 0.24844 0.16875 0.13438 0.15625
48 0.33438 0.12031 0.15625 0.17812
48 0.42656 0.22656 0.15937 0.17188
48 0.97344 0.34531 0.05312 0.22812
48 0.94219 0.42812 0.11562 0.15625
48 0.97656 0.525 0.04688 0.20625
5 0.02188 0.07656 0.04375 0.04688
48 0.2 0.08125 0.05625 0.06875
48 0.00469 0.04375 0.00938 0.075
