48 0.97188 0.75781 0.05625 0.15312
48 0.61406 0.55937 0.09063 0.26875
48 0.64062 0.18438 0.075 0.075
48 0.02969 0.15937 0.05938 0.31875
48 0.71719 0.93438 0.56563 0.13125
48 0.16094 0.85781 0.32188 0.28438
5 0.25156 0.66406 0.04688 0.05313
5 0.17188 0.1875 0.03125 0.04375
8 0.98125 0.35469 0.0375 0.05938
5 0.55312 0.09844 0.03125 0.03438
8 0.08906 0.1875 0.02812 0.04375
5 0.58438 0.10156 0.03125 0.04062
48 0.84375 0.46562 0.30625 0.3875
46 0.73438 0.7875 0.4875 0.21875
8 0.12188 0.08594 0.04375 0.05313
5 0.25938 0.875 0.04375 0.075
8 0.19219 0.32031 0.04688 0.04688
5 0.61563 0.1 0.0375 0.0375
48 0.10781 0.58906 0.21562 0.53437
5 0.17031 0.05625 0.04688 0.0625
5 0.09219 0.84219 0.04688 0.02812
5 0.94219 0.17188 0.03437 0.05
