48 0.69844 0.99688 0.14687 0.00625
48 0.78281 0.80625 0.18437 0.04375
48 0.58594 0.80938 0.04688 0.05
48 0.23125 0.21875 0.1 0.10625
48 0.65781 0.75938 0.19688 0.04375
48 0.27812 0.94531 0.09375 0.06563
48 0.99062 0.02188 0.01875 0.04375
48 0.81875 0.62969 0.04375 0.08437
48 0.44844 0.93125 0.12188 0.0875
48 0.51875 0.08438 0.075 0.1375
48 0.52656 0.96875 0.07188 0.0625
48 0.78906 0.73438 0.11563 0.11875
48 0.00156 0.10469 0.00312 0.10937
48 0.48438 0.83906 0.06875 0.09687
48 0.55937 0.90312 0.10625 0.04375
48 0.88125 0.01562 0.1 0.03125
48 0.59219 0.94219 0.05312 0.09687
48 0.9 0.39375 0.08125 0.0375
48 0.77969 0.525 0.11562 0.1125
48 0.5 0.67656 0.10625 0.10938
48 0.63437 0.39531 0.0875 0.09687
48 0.91875 0.60781 0.0875 0.17188
48 0.42344 0.98281 0.04688 0.03438
48 0.76719 0.88906 0.04688 0.06563
48 0.54375 0.49844 0.1125 0.10313
48 0.56875 0.33125 0.06875 0.06875
48 0.46094 0.09844 0.07812 0.08438
48 0.625 0.01094 0.14375 0.02188
48 0.69219 0.9375 0.10313 0.1
48 0.46875 0.46094 0.04375 0.06563
48 0.06562 0.08438 0.0625 0.11875
48 0.37969 0.62031 0.11562 0.16563
48 0.65312 0.33281 0.09375 0.04063
48 0.80625 0.92812 0.0625 0.14375
48 0.37656 0.99844 0.03437 0.00313
48 0.96719 0.10938 0.06563 0.10625
48 0.83906 0.04844 0.06562 0.07812
46 0.55781 0.61719 0.07812 0.08438
48 0.72969 0.39375 0.10938 0.125
46 0.96719 0.25625 0.06563 0.09375
46 0.61875 0.48125 0.08125 0.08125
