48 0.03594 0.00781 0.07187 0.01562
48 0.02344 0.27031 0.04688 0.09687
48 0.02031 0.35 0.04062 0.1
48 0.18906 0.12969 0.10938 0.07187
48 0.09063 0.22031 0.125 0.08438
48 0.00156 0.54531 0.00312 0.10938
48 0.08125 0.50313 0.1625 0.09375
48 0.1375 0.56563 0.14375 0.1
48 0.0375 0.62031 0.075 0.09687
48 0.1625 0.67344 0.1375 0.09688
48 0.05469 0.69062 0.10938 0.08125
48 0.21875 0.7375 0.14375 0.0875
48 0.09688 0.7875 0.14375 0.11875
48 0.26406 0.80781 0.16562 0.09687
48 0.01875 0.88437 0.0375 0.06875
48 0.01406 0.95781 0.02812 0.08437
48 0.01562 0.99219 0.03125 0.01562
48 0.15625 0.89062 0.1375 0.11875
48 0.05781 0.97656 0.10938 0.04688
48 0.83906 0.99219 0.10313 0.01562
48 0.92031 0.98438 0.09688 0.03125
48 0.96562 0.9625 0.06875 0.075
48 0.83906 0.91562 0.16563 0.1
48 0.70625 0.96875 0.15 0.0625
48 0.50625 0.98594 0.1125 0.02812
48 0.41406 0.99844 0.08437 0.00313
48 0.65312 0.92031 0.14375 0.07812
48 0.25156 0.98281 0.12188 0.03438
48 0.2125 0.95781 0.10625 0.06562
48 0.42812 0.96406 0.16875 0.07188
48 0.35938 0.88438 0.2 0.1125
48 0.74219 0.79844 0.12813 0.09688
48 0.65 0.8375 0.11875 0.08125
48 0.68906 0.72031 0.13438 0.13438
48 0.5625 0.76562 0.1375 0.09375
48 0.80781 0.52656 0.07188 0.08437
48 0.775 0.57188 0.075 0.09375
48 0.3125 0.45 0.14375 0.09375
48 0.42344 0.54062 0.13437 0.09375
48 0.34531 0.56875 0.07812 0.0875
48 0.50156 0.69219 0.15938 0.09063
48 0.89531 0.63438 0.08437 0.1125
48 0.94375 0.60938 0.1125 0.1125
48 0.99062 0.59375 0.01875 0.10625
48 0.9375 0.43438 0.125 0.13125
48 0.84844 0.43906 0.08437 0.10938
48 0.9875 0.43281 0.025 0.10938
48 0.17656 0.38281 0.09062 0.09688
48 0.44531 0.31562 0.10938 0.125
48 0.53906 0.27187 0.14062 0.10625
48 0.60625 0.35469 0.1125 0.08437
48 0.89062 0.21406 0.11875 0.07812
48 0.69062 0.24531 0.15 0.09063
48 0.79375 0.14062 0.14375 0.1375
48 0.47812 0.18594 0.1125 0.11562
48 0.4 0.2125 0.11875 0.13125
48 0.30312 0.10781 0.125 0.10312
48 0.39844 0.05938 0.12187 0.09375
48 0.35156 0.01719 0.10938 0.03438
48 0.07969 0.0875 0.15937 0.1625
48 0.24219 0.0375 0.11562 0.075
48 0.50313 0.00781 0.1625 0.01562
48 0.74844 0.02812 0.07812 0.05625
48 0.69687 0.04375 0.06875 0.075
48 0.62031 0.12188 0.20937 0.175
48 0.91562 0.05625 0.15625 0.1125
48 0.85156 0.00156 0.12187 0.00312
48 0.98594 0.02344 0.02812 0.04688
48 0.96875 0.11094 0.0625 0.12812
48 0.65469 0.00938 0.09688 0.01875
48 0.56563 0.02812 0.15 0.05625
48 0.95469 0.86719 0.09062 0.11563
48 0.8375 0.32188 0.20625 0.1625
48 0.74531 0.45625 0.12188 0.11875
48 0.625 0.58906 0.15625 0.17188
48 0.57656 0.50938 0.16563 0.125
48 0.49062 0.41562 0.1875 0.13125
48 0.45781 0.62656 0.20312 0.11562
48 0.09219 0.39375 0.12812 0.1
5 0.51406 0.17031 0.02187 0.03437
48 0.03594 0.425 0.07187 0.09375
48 0.25625 0.27031 0.175 0.12812
