48 0.10156 0.03438 0.20312 0.06875
48 0.05938 0.75469 0.11875 0.09687
48 0.24688 0.17656 0.1875 0.13438
5 0.975 0.99219 0.0375 0.01562
50 0.90938 0.08594 0.18125 0.17188
48 0.88906 0.29063 0.22188 0.20625
48 0.66406 0.52344 0.06563 0.13437
48 0.62656 0.45469 0.09062 0.10938
48 0.90156 0.80313 0.19688 0.19375
5 0.4375 0.59219 0.03125 0.02187
48 0.04219 0.85781 0.08438 0.14062
48 0.72188 0.0625 0.1875 0.125
48 0.01562 0.95938 0.03125 0.08125
48 0.475 0.52656 0.2375 0.19062
48 0.18906 0.49531 0.20313 0.15313
48 0.65469 0.31094 0.16563 0.16562
48 0.06719 0.18438 0.13438 0.16875
48 0.33281 0.75469 0.22813 0.20312
48 0.04219 0.36719 0.08438 0.19063
48 0.56719 0.04844 0.14687 0.09688
48 0.31719 0.95781 0.24688 0.08437
48 0.09531 0.62969 0.17812 0.17812
48 0.31719 0.04219 0.20938 0.08438
48 0.18438 0.31094 0.1875 0.14062
48 0.52656 0.83281 0.19062 0.32812
48 0.875 0.55625 0.25 0.24375
