48 0.2625 0.86719 0.10625 0.07812
48 0.03125 0.57188 0.0625 0.1125
48 0.93906 0.89844 0.09062 0.06563
48 0.21406 0.3875 0.07812 0.08125
48 0.46094 0.23125 0.04063 0.04375
48 0.83438 0.66875 0.0875 0.05625
48 0.87188 0.31719 0.1375 0.07812
48 0.58906 0.91875 0.09687 0.11875
48 0.02812 0.98438 0.05625 0.03125
48 0.92656 0.57031 0.14687 0.08438
48 0.76562 0.78594 0.11875 0.09063
48 0.10469 0.57969 0.07812 0.11562
48 0.15625 0.46406 0.1125 0.11562
48 0.46562 0.95156 0.15625 0.09688
48 0.5 0.56719 0.20625 0.07188
48 0.49062 0.49531 0.1875 0.08437
48 0.94844 0.95938 0.10313 0.08125
48 0.60781 0.99375 0.05937 0.0125
48 0.68438 0.45 0.1375 0.10625
48 0.00625 0.75 0.0125 0.10625
48 0.98594 0.88125 0.02812 0.11875
48 0.39375 0.51406 0.05 0.07812
48 0.99375 0.76875 0.0125 0.075
48 0.12344 0.80469 0.17812 0.09062
48 0.25156 0.77344 0.12812 0.11563
48 0.07969 0.4 0.05312 0.04375
48 0.6 0.65312 0.05625 0.0625
48 0.17344 0.26094 0.14688 0.08437
48 0.50469 0.79375 0.12188 0.04375
48 0.56094 0.99375 0.04063 0.0125
48 0.97656 0.34688 0.04688 0.25
48 0.09844 0.45 0.19688 0.225
48 0.19219 0.66719 0.18438 0.07812
48 0.13594 0.89844 0.16562 0.09062
48 0.55781 0.33906 0.10313 0.20312
48 0.65469 0.23281 0.07188 0.09063
48 0.4 0.31094 0.05 0.04688
48 0.87812 0.43906 0.1 0.09063
48 0.73594 0.9125 0.04688 0.05625
48 0.97031 0.175 0.05937 0.08125
48 0.53125 0.71719 0.14375 0.14062
48 0.15469 0.95938 0.28438 0.08125
48 0.0625 0.75 0.075 0.11875
