5 0.00312 0.73438 0.00625 0.03125
5 0.10781 0.92344 0.02812 0.03438
5 0.09219 0.96562 0.03438 0.03125
5 0.05312 0.88281 0.0375 0.03438
5 0.21406 0.95625 0.04688 0.025
5 0.08281 0.8625 0.02812 0.05
5 0.11875 0.75 0.05 0.01875
5 0.04688 0.73281 0.03125 0.04688
5 0.16406 0.82812 0.05312 0.01875
5 0.52344 0.87656 0.05313 0.04688
5 0.20312 0.93438 0.05625 0.025
5 0.1375 0.93906 0.025 0.04063
5 0.06562 0.77656 0.03125 0.04063
5 0.1625 0.85156 0.05 0.02188
5 0.14375 0.7875 0.05625 0.025
5 0.01406 0.79531 0.02812 0.03438
5 0.07344 0.92188 0.03437 0.03125
5 0.13594 0.77031 0.04687 0.02187
5 0.19062 0.89219 0.05 0.01562
5 0.00781 0.97969 0.01562 0.02813
5 0.0125 0.99531 0.025 0.00938
5 0.04531 0.85781 0.03438 0.02812
5 0.10625 0.70625 0.05625 0.025
5 0.10312 0.98438 0.03125 0.03125
5 0.12656 0.96406 0.02188 0.04688
5 0.01406 0.77656 0.02812 0.03437
5 0.02031 0.82188 0.03437 0.03125
5 0.17344 0.87344 0.05313 0.02812
5 0.19062 0.9125 0.05625 0.025
5 0.11406 0.88125 0.02812 0.0375
5 0.00938 0.75156 0.01875 0.02812
5 0.09375 0.82656 0.0375 0.04063
5 0.1 0.68438 0.05 0.01875
5 0.14687 0.80781 0.05625 0.02187
5 0.08281 0.94219 0.02812 0.03437
5 0.06406 0.9 0.03438 0.0375
5 0.1125 0.73125 0.05 0.01875
5 0.03281 0.84219 0.02812 0.02812
5 0.22344 0.97969 0.05937 0.02813
53 0.00469 0.82187 0.00938 0.275
53 0.13125 0.84062 0.21875 0.31875
