53 0.8375 0.00312 0.325 0.00625
48 0.98594 0.18438 0.02812 0.2875
48 0.89219 0.83906 0.21562 0.32188
5 0.44063 0.39219 0.05 0.02813
5 0.44219 0.45156 0.05312 0.03437
5 0.51562 0.475 0.05625 0.03125
5 0.6 0.38594 0.03125 0.04688
5 0.64688 0.45 0.05 0.03125
5 0.675 0.52031 0.05 0.02813
5 0.74688 0.44063 0.0375 0.04375
5 0.9 0.52344 0.04375 0.02812
5 0.025 0.84688 0.03125 0.05
5 0.10469 0.98438 0.04687 0.025
48 0.95625 0.38594 0.075 0.07188
48 0.31875 0.00156 0.1125 0.00312
48 0.27344 0.72969 0.38438 0.45938
48 0.61406 0.82344 0.35312 0.35312
48 0.74531 0.18281 0.45312 0.36562
