48 0.93438 0.225 0.0625 0.1375
48 0.92656 0.375 0.09687 0.13125
48 0.98438 0.375 0.03125 0.125
48 0.94062 0.49219 0.11875 0.10938
48 0.60938 0.52344 0.125 0.10938
48 0.6375 0.42656 0.1 0.13438
48 0.75469 0.54531 0.16563 0.09687
48 0.77812 0.375 0.2 0.175
48 0.78438 0.23281 0.225 0.17187
48 0.67188 0.66875 0.15 0.14375
48 0.54531 0.63437 0.14688 0.18125
48 0.96562 0.04219 0.06875 0.08438
48 0.8125 0.0375 0.2 0.075
48 0.66562 0.07969 0.1375 0.15937
48 0.61719 0.22812 0.13437 0.15
48 0.34844 0.14844 0.09687 0.14062
48 0.25781 0.125 0.09062 0.11875
48 0.52031 0.04531 0.13438 0.09062
48 0.42812 0.02031 0.125 0.04062
48 0.24844 0.02812 0.15313 0.05625
48 0.33438 0.02969 0.06875 0.05938
48 0.10938 0.00469 0.1375 0.00938
48 0.04531 0.07344 0.09062 0.10312
48 0.05625 0.23594 0.1125 0.19687
48 0.04219 0.37031 0.08438 0.09063
48 0.02812 0.49531 0.05625 0.17812
48 0.14688 0.10312 0.13125 0.15625
48 0.23125 0.24688 0.0625 0.125
48 0.33906 0.26094 0.14062 0.14687
48 0.15469 0.54219 0.09688 0.18438
48 0.16406 0.40469 0.12812 0.10312
48 0.31406 0.39062 0.10312 0.11875
48 0.27187 0.54375 0.13125 0.20625
48 0.38438 0.47969 0.15625 0.27812
48 0.20312 0.83281 0.1875 0.33438
48 0.12188 0.80625 0.0875 0.16875
48 0.05156 0.75156 0.10312 0.34688
48 0.44531 0.54062 0.15312 0.3125
48 0.875 0.57187 0.04375 0.05625
48 0.91875 0.60781 0.0625 0.12187
48 0.99062 0.21875 0.01875 0.13125
48 0.47812 0.19219 0.14375 0.16563
