48 0.45469 0.81719 0.15313 0.18438
48 0.60625 0.71094 0.16875 0.20312
48 0.99688 0.59531 0.00625 0.15312
48 0.00469 0.47188 0.00938 0.1625
48 0.41875 0.64219 0.1625 0.21562
48 0.69844 0.75625 0.14062 0.1625
48 0.26875 0.59219 0.23125 0.20312
48 0.15625 0.71719 0.11875 0.17188
48 0.51094 0.675 0.13438 0.18125
48 0.06719 0.69219 0.13438 0.17812
48 0.05156 0.50469 0.10312 0.18438
48 0.55625 0.27344 0.13125 0.15938
48 0.4125 0.36406 0.125 0.14687
5 0.39219 0.95781 0.05938 0.04688
48 0.67188 0.04219 0.1 0.08438
48 0.94219 0.08594 0.09063 0.10312
48 0.07656 0.92656 0.10938 0.10938
48 0.36562 0.99062 0.125 0.01875
48 0.05469 0.97656 0.10938 0.04688
48 0.80312 0.49687 0.1375 0.175
48 0.26562 0.15625 0.14375 0.16875
48 0.35625 0.19531 0.14375 0.17188
48 0.85312 0.00469 0.15625 0.00938
48 0.95312 0.02969 0.09375 0.05938
48 0.07969 0.08281 0.15313 0.16562
48 0.47656 0.01875 0.10938 0.0375
48 0.17969 0.95469 0.15312 0.09062
48 0.57344 0.03125 0.11562 0.0625
5 0.10938 0.41094 0.06875 0.05312
