48 0.94062 0.37656 0.11875 0.04688
48 0.06562 0.0125 0.08125 0.025
48 0.07187 0.04219 0.0625 0.05313
48 0.07031 0.08438 0.05938 0.04375
48 0.12969 0.0375 0.10938 0.075
48 0.11562 0.09063 0.05 0.04375
48 0.15937 0.08125 0.05 0.06875
48 0.42188 0.25 0.09375 0.08125
48 0.28281 0.22812 0.12188 0.10625
48 0.12188 0.17656 0.11875 0.09062
48 0.61406 0.14844 0.04688 0.04063
48 0.9625 0.01406 0.075 0.02812
48 0.24219 0.01562 0.12187 0.03125
48 0.90938 0.3125 0.15 0.10625
48 0.55469 0.03906 0.10938 0.07812
