5 0.8 0.44375 0.04375 0.04375
5 0.28438 0.72969 0.04375 0.04063
5 0.25938 0.71406 0.04375 0.04063
5 0.23438 0.70156 0.04375 0.04063
5 0.20625 0.67969 0.05 0.04688
5 0.175 0.65938 0.05 0.04375
5 0.14219 0.64531 0.04688 0.04063
5 0.11875 0.62813 0.05 0.0375
5 0.09844 0.61406 0.05937 0.04688
5 0.07812 0.59844 0.04375 0.04063
5 0.05469 0.58594 0.04688 0.04062
5 0.03594 0.57188 0.05312 0.05
5 0.01719 0.55469 0.03438 0.04688
5 0.00781 0.53594 0.01562 0.04063
5 0.26562 0.57812 0.04375 0.04375
5 0.2375 0.56406 0.05625 0.05312
5 0.21094 0.54219 0.04063 0.03437
5 0.18125 0.53125 0.05 0.05
5 0.15781 0.51406 0.04688 0.04063
5 0.13438 0.50156 0.04375 0.04062
5 0.10938 0.48906 0.05 0.04687
5 0.0875 0.47344 0.04375 0.04063
5 0.06094 0.4625 0.04688 0.04375
48 0.375 0.64375 0.08125 0.0625
48 0.43594 0.36406 0.21562 0.17812
53 0.43438 0.09844 0.86875 0.19688
53 0.16094 0.65625 0.32188 0.6875
