48 0.98281 0.10469 0.03438 0.07812
11 0.79375 0.95938 0.1125 0.08125
6 0.72344 0.04219 0.07188 0.08438
5 0.38906 0.95938 0.02813 0.0375
5 0.05 0.25469 0.0375 0.05313
5 0.09844 0.5875 0.02812 0.05625
5 0.47812 0.98594 0.03125 0.02812
5 0.075 0.25 0.03125 0.05
5 0.28906 0.13281 0.04688 0.03437
5 0.12031 0.69844 0.04062 0.05938
5 0.52188 0.875 0.025 0.04375
5 0.72188 0.12031 0.0375 0.04687
5 0.16562 0.22031 0.03125 0.05938
5 0.23281 0.1875 0.04062 0.08125
5 0.02812 0.61094 0.05625 0.04063
5 0.50625 0.7625 0.03125 0.05625
5 0.48125 0.69844 0.03125 0.04688
5 0.09844 0.36562 0.02812 0.05
5 0.18594 0.60625 0.02813 0.04375
5 0.21094 0.71406 0.02813 0.06562
5 0.12969 0.59062 0.02188 0.05
5 0.27812 0.62031 0.03125 0.05938
5 0.45781 0.9125 0.02813 0.04375
5 0.03438 0.68438 0.03125 0.05625
5 0.08281 0.17969 0.05938 0.03437
5 0.24531 0.6125 0.03438 0.05625
5 0.62187 0.5125 0.04375 0.05625
5 0.57969 0.41875 0.02812 0.04375
5 0.76094 0.1375 0.03437 0.04375
5 0.28906 0.1625 0.03438 0.0625
5 0.33594 0.10938 0.04688 0.025
5 0.76406 0.02344 0.04063 0.04688
5 0.10312 0.23906 0.0375 0.06562
5 0.06875 0.30312 0.03125 0.05625
5 0.21875 0.61094 0.03125 0.05937
5 0.06562 0.69219 0.0375 0.05938
5 0.44063 0.10156 0.01875 0.02813
5 0.20937 0.12031 0.05625 0.03438
5 0.00781 0.20312 0.01562 0.05625
5 0.44375 0.02812 0.08125 0.0375
5 0.20781 0.19219 0.03438 0.06563
5 0.18281 0.71094 0.03438 0.05937
5 0.475 0.83594 0.03125 0.04062
5 0.325 0.14688 0.025 0.0625
6 0.54531 0.50938 0.07812 0.16875
8 0.57188 0.61875 0.05 0.06875
5 0.45781 0.06562 0.05938 0.0375
5 0.15781 0.60312 0.02813 0.05
5 0.67656 0.12969 0.04063 0.05313
5 0.325 0.74844 0.03125 0.05312
5 0.70156 0.22031 0.04063 0.05313
6 0.62969 0.28281 0.07188 0.14688
5 0.13438 0.225 0.0375 0.06875
5 0.2625 0.16719 0.0375 0.06563
5 0.00781 0.34219 0.01562 0.04062
5 0.43125 0.85781 0.03125 0.05312
48 0.23594 0.14062 0.47188 0.28125
5 0.15469 0.71406 0.02188 0.04063
5 0.23906 0.72656 0.02812 0.04062
5 0.0875 0.69531 0.03125 0.05313
5 0.55937 0.70938 0.03125 0.05
5 0.33438 0.0625 0.0625 0.04375
