48 0.00938 0.48906 0.01875 0.07188
48 0.03438 0.55625 0.06875 0.0625
48 0.00312 0.40156 0.00625 0.09063
48 0.13906 0.36406 0.13438 0.12812
48 0.29375 0.28594 0.04375 0.07812
48 0.24062 0.24062 0.05625 0.09375
48 0.01406 0.70781 0.02812 0.10938
48 0.23906 0.53906 0.09062 0.12813
48 0.03594 0.79688 0.07187 0.09375
48 0.39062 0.71406 0.05 0.05938
48 0.25156 0.71406 0.12188 0.07188
48 0.26875 0.64844 0.075 0.04062
48 0.375 0.6625 0.1375 0.05
48 0.50469 0.64219 0.07812 0.05312
48 0.40312 0.62031 0.1 0.04063
48 0.41094 0.58438 0.10938 0.04375
48 0.48906 0.575 0.04687 0.04375
48 0.55469 0.59375 0.04688 0.075
48 0.02031 0.63438 0.04062 0.08125
48 0.14531 0.86875 0.10312 0.05625
48 0.73125 0.69687 0.1125 0.0375
48 0.70625 0.63906 0.125 0.08437
48 0.88281 0.71406 0.12187 0.05938
48 0.44375 0.75938 0.11875 0.08125
48 0.61875 0.74062 0.05625 0.05
48 0.49688 0.8125 0.10625 0.1125
48 0.33906 0.32031 0.04063 0.04688
48 0.65625 0.2625 0.0375 0.03125
48 0.52812 0.20469 0.05625 0.05313
48 0.21406 0.10625 0.07812 0.05625
48 0.43906 0.09062 0.07187 0.06875
48 0.75625 0.3375 0.10625 0.1
48 0.94844 0.35312 0.10313 0.15625
48 0.85 0.36094 0.0875 0.16562
48 0.78125 0.45 0.0875 0.08125
48 0.55312 0.36562 0.08125 0.08125
48 0.82969 0.5875 0.21562 0.075
48 0.61094 0.52031 0.04063 0.04063
48 0.67031 0.33438 0.05937 0.0875
48 0.68125 0.40625 0.11875 0.09375
48 0.43438 0.24219 0.0625 0.04688
48 0.57969 0.47812 0.04063 0.03125
48 0.47969 0.31562 0.10938 0.05625
48 0.53125 0.25625 0.16875 0.10625
48 0.47344 0.46094 0.06562 0.05937
48 0.62344 0.03125 0.05937 0.05
48 0.43438 0.01406 0.1375 0.02812
48 0.47812 0.04219 0.05625 0.04688
48 0.52656 0.0625 0.04063 0.03125
48 0.52812 0.02344 0.04375 0.04688
48 0.57344 0.01406 0.05312 0.02812
48 0.01094 0.02969 0.02188 0.05938
48 0.12188 0.025 0.13125 0.05
48 0.0625 0.07344 0.08125 0.05938
48 0.1375 0.0875 0.0625 0.06875
48 0.01562 0.1625 0.03125 0.08125
48 0.07969 0.125 0.11562 0.0625
48 0.0875 0.17656 0.13125 0.07187
48 0.20156 0.025 0.04688 0.05
48 0.24062 0.025 0.04375 0.05
48 0.27344 0.00469 0.04063 0.00938
48 0.29219 0.05781 0.07812 0.09688
48 0.35469 0.04844 0.05938 0.04063
48 0.56719 0.11094 0.04063 0.04688
48 0.25469 0.15 0.09062 0.0875
48 0.32031 0.01562 0.10313 0.03125
48 0.57188 0.06406 0.05 0.04063
48 0.46875 0.17969 0.0375 0.05312
48 0.42344 0.18594 0.05313 0.05938
48 0.38125 0.18594 0.0375 0.05313
48 0.375 0.24531 0.0375 0.06563
48 0.33906 0.17031 0.08437 0.08438
48 0.31094 0.24219 0.07812 0.09062
48 0.25 0.31094 0.04375 0.04062
48 0.4875 0.37813 0.05 0.04375
48 0.375 0.36875 0.075 0.0625
48 0.39062 0.325 0.04375 0.03125
48 0.52812 0.4125 0.04375 0.03125
48 0.53438 0.44375 0.05625 0.03125
48 0.53125 0.49062 0.0375 0.0625
48 0.60938 0.38281 0.04375 0.05937
48 0.62187 0.33906 0.0375 0.02813
48 0.59531 0.43906 0.05937 0.05313
48 0.575 0.30469 0.05 0.03438
48 0.375 0.43281 0.05625 0.05938
48 0.4375 0.41875 0.05625 0.05
48 0.63281 0.47344 0.02812 0.04063
48 0.65469 0.47656 0.01562 0.04063
48 0.7 0.48906 0.075 0.06562
48 0.83906 0.47812 0.02813 0.0625
48 0.75625 0.54688 0.03125 0.03125
48 0.7875 0.51562 0.10625 0.05
48 0.86094 0.52812 0.04063 0.0375
48 0.9375 0.47812 0.05 0.0625
48 0.92656 0.54531 0.04688 0.06563
48 0.97031 0.57656 0.05937 0.05937
48 0.575 0.51406 0.0375 0.03437
48 0.57812 0.55312 0.04375 0.04375
48 0.65 0.54375 0.08125 0.0875
48 0.60312 0.64688 0.08125 0.0375
48 0.58594 0.69375 0.02188 0.0375
48 0.57187 0.72812 0.025 0.04375
48 0.575 0.77188 0.05625 0.0625
48 0.97188 0.725 0.05625 0.04375
48 0.74844 0.75469 0.05312 0.05938
48 0.99844 0.85625 0.00313 0.0625
48 0.80625 0.7 0.0375 0.025
48 0.80781 0.72969 0.06562 0.03437
48 0.97031 0.80313 0.04688 0.05625
48 0.99531 0.78281 0.00938 0.07812
48 0.81719 0.77031 0.07812 0.05312
48 0.76875 0.82344 0.08125 0.06562
48 0.84219 0.80469 0.05937 0.04688
48 0.90938 0.78438 0.08125 0.08125
48 0.62187 0.85312 0.03125 0.03125
48 0.65156 0.84375 0.03437 0.03125
48 0.375 0.79062 0.0625 0.05
48 0.32344 0.49688 0.07812 0.0875
48 0.37969 0.52188 0.04688 0.04375
48 0.43125 0.53594 0.05625 0.05938
48 0.12656 0.55469 0.12188 0.06563
48 0.18438 0.45938 0.0375 0.0625
48 0.22031 0.95 0.02813 0.09375
48 0.29063 0.98125 0.05625 0.0375
48 0.43438 0.88125 0.06875 0.0625
48 0.475 0.91719 0.0375 0.04688
48 0.42656 0.99844 0.05312 0.00313
48 0.47656 0.99688 0.04688 0.00625
48 0.51562 0.925 0.05625 0.04375
48 0.51094 0.97344 0.05938 0.04688
48 0.56094 0.97188 0.04688 0.04375
48 0.53438 0.99688 0.0625 0.00625
48 0.57812 0.99688 0.0375 0.00625
48 0.99375 0.92188 0.0125 0.0625
48 0.97344 0.975 0.03437 0.05
48 0.6 0.95781 0.06875 0.05938
48 0.63281 0.90469 0.04688 0.05937
48 0.67031 0.96406 0.05312 0.07188
48 0.44219 0.96562 0.03437 0.05
48 0.73125 0.9 0.04375 0.05
48 0.6875 0.88125 0.1 0.0875
48 0.99531 0.97344 0.00938 0.05312
48 0.96875 0.91094 0.05 0.07188
48 0.91406 0.90625 0.05937 0.075
48 0.76719 0.87031 0.05312 0.04688
48 0.85938 0.96719 0.05 0.06563
48 0.79531 0.96094 0.08437 0.05937
48 0.775 0.99531 0.03125 0.00938
48 0.82656 0.99688 0.07188 0.00625
48 0.94531 0.85 0.09688 0.05625
48 0.82656 0.88281 0.14062 0.11563
48 0.95469 0.99688 0.05937 0.00625
48 0.67656 0.72656 0.10313 0.04062
48 0.35781 0.75781 0.05938 0.05937
48 0.3375 0.71406 0.05 0.05312
48 0.28125 0.82969 0.15 0.04688
48 0.28281 0.77812 0.14063 0.06875
48 0.53438 0.73281 0.0375 0.07812
48 0.23594 0.89844 0.05938 0.09688
48 0.1875 0.9125 0.03125 0.0375
48 0.15625 0.93281 0.09375 0.13438
48 0.25 0.96719 0.04375 0.06563
48 0.44688 0.92656 0.04375 0.05938
48 0.22188 0.99375 0.025 0.0125
48 0.56406 0.92812 0.07188 0.03125
48 0.44375 0.68125 0.05625 0.04375
48 0.15625 0.65938 0.0875 0.05
48 0.32031 0.62344 0.07188 0.04063
48 0.24375 0.61563 0.1 0.0875
48 0.24531 0.66875 0.12188 0.0375
48 0.52344 0.57969 0.05313 0.10938
48 0.475 0.60781 0.05 0.02812
48 0.45625 0.63906 0.0375 0.05937
48 0.5125 0.67812 0.0875 0.03125
48 0.50469 0.7125 0.07812 0.08125
48 0.63437 0.28125 0.0875 0.08125
48 0.39062 0.28906 0.06875 0.05937
48 0.42656 0.37344 0.04688 0.05313
48 0.3625 0.475 0.04375 0.05625
48 0.42344 0.33906 0.03437 0.02813
48 0.60938 0.00625 0.0625 0.0125
48 0.42812 0.12031 0.0625 0.07187
48 0.60312 0.13906 0.0875 0.04062
48 0.02812 0.88438 0.05625 0.1125
48 0.03438 0.96875 0.0625 0.0625
48 0.40312 0.95469 0.08125 0.09062
48 0.33281 0.5875 0.07812 0.05
48 0.16875 0.61719 0.06875 0.06563
48 0.41562 0.47812 0.05625 0.0625
48 0.08281 0.6375 0.09062 0.09375
48 0.5 0.87344 0.05625 0.04688
48 0.91875 0.97344 0.075 0.05312
48 0.85 0.65625 0.125 0.0625
48 0.50625 0.1 0.05625 0.0375
48 0.02344 0.08906 0.04688 0.07187
48 0.72656 0.96406 0.05313 0.07188
48 0.31094 0.92344 0.08438 0.07812
48 0.17344 0.77188 0.08438 0.15
48 0.32812 0.55469 0.08125 0.02812
48 0.63437 0.6125 0.1 0.04375
48 0.575 0.90156 0.0625 0.04063
48 0.575 0.82969 0.0625 0.06563
48 0.48438 0.52031 0.0625 0.05938
48 0.61719 0.30312 0.03438 0.04375
48 0.62813 0.68594 0.0625 0.04063
48 0.40156 0.83281 0.09063 0.05938
48 0.10625 0.48438 0.1625 0.10625
48 0.675 0.78906 0.1125 0.09688
48 0.19219 0.95312 0.04688 0.05625
48 0.44219 0.71875 0.04688 0.0375
48 0.09219 0.90781 0.05312 0.07188
48 0.57344 0.87031 0.06562 0.04688
48 0.57344 0.17188 0.04688 0.06875
48 0.625 0.98594 0.0625 0.02812
48 0.95625 0.65312 0.0875 0.09375
48 0.90156 0.48594 0.04063 0.06563
48 0.32656 0.86875 0.14062 0.04375
48 0.17812 0.22969 0.06875 0.21562
48 0.98281 0.48125 0.03438 0.06875
48 0.35625 0.975 0.08125 0.05
48 0.99375 0.53594 0.0125 0.06562
48 0.35 0.09687 0.1 0.0625
48 0.71562 0.54844 0.05625 0.04063
48 0.2125 0.54062 0.0625 0.03125
