48 0.11875 0.10625 0.0625 0.09375
48 0.54688 0.0125 0.0625 0.025
48 0.61406 0.02344 0.09687 0.04688
48 0.42031 0.44531 0.07187 0.09688
48 0.16719 0.40469 0.10937 0.09063
48 0.26562 0.00938 0.09375 0.01875
48 0.17656 0.02344 0.05937 0.04688
48 0.87812 0.86094 0.125 0.04063
48 0.92656 0.4625 0.09687 0.06875
48 0.87344 0.40469 0.04688 0.08438
48 0.83438 0.625 0.0625 0.06875
48 0.91562 0.59062 0.08125 0.05
48 0.94531 0.38906 0.08438 0.06562
48 0.10156 0.16406 0.07812 0.05938
48 0.53438 0.06875 0.06875 0.06875
48 0.69062 0.49531 0.06875 0.04063
48 0.57969 0.35625 0.08437 0.05
48 0.55625 0.31719 0.04375 0.04688
48 0.76875 0.9625 0.04375 0.0375
48 0.99844 0.82656 0.00313 0.04688
48 0.66406 0.78281 0.04062 0.02812
48 0.85469 0.25469 0.05312 0.07188
48 0.51875 0.22812 0.075 0.08125
48 0.91094 0.50469 0.12188 0.05312
48 0.77188 0.54062 0.04375 0.08125
48 0.69844 0.55625 0.09063 0.05
48 0.6 0.31094 0.0625 0.05313
48 0.58438 0.25469 0.0875 0.05313
48 0.725 0.90156 0.0625 0.12188
48 0.70312 0.4375 0.08125 0.03125
48 0.23281 0.32656 0.08438 0.09687
48 0.39531 0.02188 0.08437 0.04375
48 0.85156 0.33281 0.07187 0.04688
48 0.45312 0.00312 0.0625 0.00625
48 0.38906 0.22031 0.04688 0.04062
48 0.36562 0.98125 0.15 0.0375
48 0.41406 0.94375 0.07188 0.0875
48 0.38125 0.77969 0.1375 0.11562
48 0.08438 0.70312 0.13125 0.10625
48 0.20156 0.74688 0.15313 0.15625
48 0.54531 0.49531 0.14062 0.09063
48 0.40156 0.56094 0.12812 0.14062
48 0.40469 0.26719 0.15937 0.09063
48 0.06719 0.37344 0.13438 0.09687
48 0.0375 0.15313 0.075 0.05
48 0.47344 0.1125 0.03437 0.0375
48 0.77656 0.04844 0.06562 0.07188
48 0.73281 0.11875 0.04688 0.06875
48 0.86406 0.07344 0.05312 0.07812
48 0.80156 0.10938 0.09063 0.05
48 0.77969 0.1875 0.07812 0.0875
48 0.94219 0.25469 0.07188 0.04063
48 0.74844 0.375 0.15312 0.11875
48 0.75469 0.45938 0.05938 0.06875
48 0.73281 0.63594 0.07188 0.04688
48 0.72656 0.68906 0.07187 0.04688
48 0.72969 0.64219 0.14687 0.14687
48 0.67031 0.66719 0.05937 0.12188
48 0.86406 0.72812 0.11562 0.05625
48 0.88281 0.9875 0.10938 0.025
48 0.65938 0.97969 0.03125 0.04063
48 0.70469 0.4 0.07812 0.04375
48 0.06719 0.59844 0.11562 0.12812
48 0.83906 0.93125 0.10938 0.11875
48 0.07656 0.47969 0.04688 0.07188
48 0.49531 0.70156 0.06562 0.11562
48 0.14062 0.96562 0.0875 0.06875
48 0.05312 0.82656 0.10625 0.12187
48 0.45156 0.2125 0.06562 0.08125
48 0.05781 0.29063 0.09062 0.1
48 0.41094 0.69844 0.08437 0.08437
48 0.8625 0.80781 0.1 0.07188
