48 0.54844 0.075 0.19063 0.15
5 0.85312 0.18281 0.03125 0.01562
48 0.35469 0.78906 0.21562 0.13437
48 0.34844 0.67812 0.29063 0.1375
5 0.54688 0.27812 0.03125 0.01875
5 0.57969 0.275 0.03438 0.01875
48 0.63281 0.72656 0.25313 0.15938
48 0.00625 0.5125 0.0125 0.25625
48 0.05156 0.81406 0.10312 0.32188
48 0.22031 0.14375 0.44062 0.2875
48 0.7875 0.98906 0.175 0.02187
48 0.58594 0.99219 0.25313 0.01562
48 0.11094 0.52031 0.18438 0.20312
48 0.88906 0.41562 0.22188 0.2
51 0.85469 0.05 0.29063 0.1
48 0.21562 0.79219 0.175 0.17812
48 0.35781 0.52188 0.24063 0.28125
48 0.96562 0.98438 0.06875 0.03125
48 0.90781 0.70469 0.18437 0.27187
48 0.61719 0.475 0.29688 0.2375
