48 0.17656 0.58438 0.12812 0.14375
48 0.50313 0.3875 0.10625 0.10625
48 0.03906 0.18125 0.07812 0.10625
48 0.43281 0.15 0.13438 0.0875
5 0.15781 0.64844 0.05938 0.03438
48 0.00938 0.56875 0.01875 0.43125
48 0.16406 0.01406 0.14687 0.02812
48 0.09062 0.86563 0.18125 0.225
9 0.15469 0.1125 0.02188 0.0375
5 0.02969 0.58594 0.05312 0.03438
5 0.02812 0.6125 0.05 0.03125
48 0.95625 0.52969 0.0875 0.09062
48 0.51719 0.11719 0.09063 0.12188
48 0.34531 0.24688 0.14062 0.15
48 0.94531 0.87031 0.10938 0.19062
48 0.15 0.19375 0.1625 0.11875
5 0.13906 0.69687 0.05312 0.0375
48 0.52031 0.25938 0.09687 0.10625
5 0.02656 0.63594 0.05312 0.03437
48 0.12969 0.30312 0.12187 0.06875
48 0.86562 0.85469 0.09375 0.22187
48 0.60781 0.00156 0.08437 0.00312
48 0.97969 0.12344 0.04063 0.14062
5 0.02188 0.65781 0.04375 0.04688
48 0.7375 0.79375 0.14375 0.18125
48 0.97344 0.4 0.05312 0.0875
