48 0.99062 0.79531 0.01875 0.05312
48 0.63594 0.3875 0.10313 0.09375
48 0.32188 0.45156 0.18125 0.16563
48 0.35312 0.34688 0.0625 0.04375
48 0.23125 0.21406 0.075 0.06563
48 0.59844 0.66406 0.20312 0.15938
48 0.56563 0.54844 0.1125 0.08437
48 0.45781 0.53281 0.08437 0.06563
48 0.925 0.32656 0.15 0.15313
48 0.91406 0.20937 0.09688 0.06875
48 0.88281 0.23594 0.08438 0.06562
48 0.76406 0.28125 0.19063 0.15
48 0.67344 0.19219 0.07188 0.05937
48 0.70312 0.14844 0.1375 0.09687
48 0.54062 0.07969 0.06875 0.05938
48 0.62813 0.02031 0.1 0.04062
48 0.42031 0.64219 0.17813 0.14687
48 0.48906 0.10312 0.10313 0.0875
48 0.07656 0.3625 0.13438 0.11875
48 0.03594 0.31562 0.07187 0.18125
48 0.99531 0.85312 0.00938 0.04375
48 0.75781 0.0375 0.17188 0.075
48 0.91875 0.89844 0.10625 0.07812
48 0.09687 0.1875 0.125 0.1125
48 0.29219 0.58281 0.10938 0.10313
48 0.90312 0.10156 0.1 0.09687
48 0.77812 0.45938 0.1375 0.1
48 0.9875 0.25938 0.025 0.09375
