48 0.84844 0.25 0.30312 0.375
48 0.81875 0.61094 0.2 0.07812
48 0.53594 0.60156 0.22188 0.09688
48 0.5375 0.68281 0.20625 0.06562
48 0.84062 0.68438 0.1875 0.05625
48 0.43281 0.47031 0.44688 0.12813
48 0.54844 0.2125 0.22188 0.425
48 0.34531 0.08906 0.13437 0.12813
48 0.41094 0.30469 0.08437 0.20937
48 0.32188 0.30625 0.1125 0.2125
48 0.2125 0.31875 0.11875 0.2375
48 0.075 0.32344 0.15 0.25938
48 0.07344 0.0875 0.14688 0.15
48 0.20469 0.09375 0.08438 0.11875
48 0.2625 0.01562 0.15625 0.03125
5 0.35312 0.00156 0.05 0.00312
48 0.94062 0.04062 0.11875 0.08125
48 0.03594 0.57344 0.07187 0.07812
5 0.00625 0.49062 0.0125 0.025
5 0.02656 0.51094 0.04062 0.02813
48 0.82031 0.45 0.14688 0.05625
48 0.1125 0.58281 0.075 0.07188
48 0.67812 0.60156 0.0625 0.06563
