5 0.2625 0.96562 0.05625 0.01875
5 0.26406 0.98906 0.05938 0.02187
5 0.28281 0.87344 0.05938 0.02187
5 0.27969 0.85 0.05938 0.025
5 0.28906 0.825 0.05312 0.025
5 0.28438 0.79844 0.04375 0.02812
5 0.62969 0.80625 0.05938 0.03125
10 0.63594 0.99844 0.13438 0.00313
10 0.64844 0.95 0.12813 0.04375
10 0.34531 0.96406 0.08438 0.07188
56 0.5375 0.19844 0.475 0.39688
56 0.15781 0.14062 0.31562 0.28125
48 0.29219 0.66719 0.07812 0.09063
14 0.05312 0.44531 0.10625 0.09688
10 0.26719 0.93594 0.07813 0.03438
