48 0.17188 0.39062 0.075 0.08125
57 0.50781 0.87812 0.04688 0.075
57 0.53594 0.82344 0.04063 0.05938
57 0.58281 0.91406 0.04688 0.07812
57 0.60469 0.85625 0.04063 0.0625
57 0.57812 0.82812 0.0625 0.04375
57 0.56875 0.84219 0.06875 0.04063
57 0.56094 0.85625 0.07188 0.0375
57 0.55625 0.87344 0.0625 0.03438
57 0.54688 0.89219 0.06875 0.04063
57 0.5375 0.90625 0.0625 0.04375
52 0.9125 0.43125 0.175 0.85
52 0.90938 0.92969 0.18125 0.14062
43 0.51562 0.9625 0.10625 0.075
52 0.58906 0.85781 0.41562 0.28438
52 0.07187 0.71875 0.14375 0.225
