48 0.82656 0.98438 0.13438 0.03125
9 0.99062 0.84375 0.01875 0.0625
9 0.98438 0.6125 0.03125 0.04375
48 0.77344 0.59688 0.23438 0.2125
48 0.8625 0.54375 0.2375 0.225
48 0.90469 0.45625 0.19063 0.2
48 0.97344 0.38594 0.05312 0.19062
9 0.06094 0.77031 0.06562 0.10313
9 0.05781 0.88437 0.09688 0.05625
9 0.54531 0.76094 0.07812 0.04688
9 0.53594 0.34062 0.08437 0.0875
13 0.29219 0.25 0.12188 0.09375
52 0.53906 0.33125 0.92188 0.6625
52 0.36406 0.03125 0.72812 0.0625
39 0.20312 0.88125 0.05625 0.06875
39 0.27187 0.3375 0.08125 0.05625
39 0.36562 0.46094 0.075 0.04063
43 0.58281 0.15469 0.09063 0.06562
43 0.78594 0.325 0.13438 0.0875
9 0.10625 0.975 0.125 0.05
40 0.96562 0.88281 0.06875 0.08438
