48 0.93438 0.01562 0.13125 0.03125
48 0.97812 0.71406 0.04375 0.14687
48 0.71406 0.18281 0.17812 0.21562
48 0.87969 0.40938 0.16563 0.14375
48 0.92031 0.25156 0.11562 0.13437
48 0.95469 0.59844 0.09062 0.14687
48 0.13125 0.16094 0.23125 0.19688
48 0.925 0.48281 0.15 0.14062
48 0.29219 0.57031 0.15938 0.16562
48 0.78594 0.13125 0.17188 0.2375
48 0.55781 0.34062 0.20313 0.16875
48 0.94531 0.06875 0.10938 0.1375
48 0.8625 0.29531 0.1375 0.14688
48 0.46094 0.45938 0.19687 0.15625
48 0.01875 0.17656 0.0375 0.12187
48 0.02031 0.0625 0.04062 0.125
48 0.77812 0.31719 0.15625 0.13438
48 0.1625 0.475 0.1875 0.125
48 0.05156 0.5875 0.10312 0.1625
48 0.10781 0.70156 0.16562 0.14687
48 0.67344 0.51094 0.19063 0.14687
48 0.5375 0.62969 0.15625 0.14062
48 0.39688 0.71719 0.1625 0.14062
48 0.29219 0.78281 0.10938 0.10313
48 0.19062 0.84531 0.1375 0.12813
48 0.06719 0.90938 0.13438 0.11875
48 0.01406 0.96094 0.02812 0.07812
48 0.83438 0.75781 0.33125 0.48438
48 0.9625 0.24062 0.075 0.225
48 0.19375 0.08281 0.3 0.16562
48 0.39219 0.5125 0.07812 0.0875
5 0.92031 0.14375 0.02812 0.0125
48 0.0625 0.39688 0.125 0.3125
48 0.4625 0.94844 0.6125 0.10313
48 0.35469 0.84219 0.59063 0.31563
48 0.58906 0.03906 0.15937 0.07812
