5 0.43125 0.02969 0.0375 0.05938
48 0.11719 0.22188 0.23438 0.375
48 0.29688 0.04531 0.20625 0.09062
48 0.31562 0.23125 0.15625 0.1
48 0.35156 0.36094 0.24062 0.23438
48 0.59844 0.01719 0.18438 0.03438
48 0.60938 0.06406 0.15625 0.09062
48 0.62031 0.14219 0.19062 0.10938
48 0.64219 0.225 0.17188 0.1
48 0.17656 0.54531 0.22813 0.13438
5 0.07187 0.45938 0.025 0.04375
5 0.35156 0.66094 0.04688 0.02187
5 0.41406 0.64531 0.02812 0.02187
48 0.19688 0.71562 0.225 0.225
48 0.40469 0.81875 0.14688 0.11875
48 0.24844 0.84844 0.19062 0.12188
48 0.02812 0.86406 0.05625 0.02813
48 0.44531 0.975 0.15312 0.05
48 0.49219 0.87656 0.15312 0.09062
48 0.37344 0.73125 0.10312 0.13125
48 0.73125 0.85 0.19375 0.1
48 0.74219 0.775 0.14688 0.09375
48 0.71406 0.69062 0.20312 0.1
48 0.69531 0.60156 0.22812 0.12813
48 0.35 0.52812 0.1125 0.125
5 0.32969 0.59375 0.05938 0.025
48 0.32344 0.13125 0.22188 0.11875
48 0.65781 0.29531 0.18437 0.09687
48 0.66562 0.37344 0.225 0.10938
48 0.76719 0.97656 0.20312 0.04688
