48 0.02344 0.33125 0.04688 0.175
48 0.65312 0.05 0.08125 0.1
48 0.99219 0.45781 0.01562 0.13438
48 0.88281 0.88906 0.12813 0.20937
48 0.55469 0.71406 0.08438 0.08437
48 0.25312 0.39688 0.08125 0.09375
48 0.73594 0.08125 0.13438 0.1625
48 0.71719 0.49219 0.09688 0.07812
48 0.2125 0.73125 0.0875 0.10625
48 0.19219 0.90469 0.10312 0.09062
48 0.05313 0.95 0.0625 0.05
48 0.50625 0.12812 0.1 0.1375
48 0.94219 0.18438 0.09687 0.13125
48 0.77812 0.65312 0.0875 0.0875
48 0.40781 0.12188 0.10312 0.0875
48 0.725 0.74844 0.08125 0.09062
48 0.8 0.25 0.0875 0.1
48 0.69062 0.98438 0.06875 0.03125
48 0.60938 0.65156 0.08125 0.10938
48 0.87031 0.20937 0.08437 0.09375
48 0.47656 0.72969 0.10938 0.12812
48 0.27812 0.69375 0.0875 0.09375
48 0.98281 0.03125 0.03438 0.0625
48 0.43125 0.63281 0.09375 0.09062
48 0.35781 0.68281 0.07812 0.10938
48 0.04688 0.08125 0.09375 0.09375
48 0.89531 0.06094 0.09687 0.12188
48 0.96719 0.52188 0.06563 0.0875
48 0.81094 0.49844 0.07812 0.07188
48 0.1875 0.4375 0.11875 0.11875
48 0.95781 0.03906 0.08437 0.07812
48 0.28594 0.02188 0.09687 0.04375
48 0.11094 0.44531 0.09687 0.14062
48 0.33906 0.61562 0.10313 0.08125
48 0.18125 0.84375 0.075 0.05
48 0.65938 0.5875 0.09375 0.1375
48 0.00625 0.72656 0.0125 0.05313
48 0.20625 0.28594 0.09375 0.12812
48 0.55625 0.36719 0.0875 0.10313
48 0.35156 0.35 0.15938 0.1375
48 0.01406 0.77969 0.02812 0.07812
48 0.20937 0.04062 0.09375 0.08125
48 0.65938 0.91875 0.09375 0.1
48 0.04219 0.0125 0.08438 0.025
48 0.13438 0.29375 0.11875 0.15625
48 0.74219 0.57969 0.10938 0.10938
48 0.04531 0.99688 0.09062 0.00625
48 0.68281 0.14219 0.09687 0.08438
48 0.81719 0.07344 0.12812 0.14688
48 0.8375 0.97969 0.0875 0.04063
48 0.99062 0.18281 0.01875 0.11562
48 0.11875 0.90781 0.0625 0.08437
48 0.50781 0.61562 0.10938 0.10625
48 0.30781 0.22656 0.16562 0.17812
48 0.73438 0.28906 0.075 0.07812
48 0.58125 0.57812 0.0875 0.0875
48 0.12969 0.06094 0.10312 0.12188
48 0.87969 0.48906 0.07812 0.10313
48 0.76094 0.95625 0.08437 0.0875
48 0.00781 0.09688 0.01562 0.06875
48 0.06094 0.30469 0.09688 0.19688
48 0.62969 0.31562 0.09687 0.13125
48 0.59375 0.08594 0.075 0.11562
48 0.82656 0.56875 0.07188 0.0875
48 0.15156 0.75156 0.10937 0.13438
48 0.04062 0.4875 0.08125 0.13125
