48 0.0125 0.01875 0.025 0.0375
48 0.04375 0.19219 0.0875 0.20312
48 0.10938 0.10469 0.21875 0.20938
5 0.27187 0.00781 0.04375 0.01562
5 0.2875 0.01406 0.05 0.02812
5 0.39844 0.03281 0.04688 0.04062
48 0.80312 0.025 0.1875 0.05
48 0.65312 0.10156 0.2875 0.20312
48 0.89219 0.08438 0.21562 0.16875
48 0.78125 0.22812 0.275 0.2125
5 0.4875 0.24375 0.04375 0.03125
5 0.58125 0.30938 0.05 0.0375
5 0.65469 0.36562 0.04063 0.03125
5 0.19531 0.22969 0.05312 0.04688
48 0.9375 0.17969 0.125 0.19688
48 0.98594 0.29219 0.02812 0.19688
48 0.88906 0.36562 0.22188 0.1875
5 0.76094 0.46719 0.04063 0.04062
5 0.60469 0.47812 0.04063 0.03125
5 0.62187 0.49219 0.0375 0.02812
48 0.39375 0.37344 0.33125 0.25312
5 0.16562 0.33594 0.03125 0.02187
5 0.07187 0.41406 0.0375 0.02812
5 0.03438 0.44688 0.0375 0.03125
48 0.28438 0.48125 0.25625 0.175
5 0.71719 0.69375 0.04688 0.03125
48 0.55781 0.71875 0.31562 0.225
48 0.15 0.66406 0.3 0.27188
5 0.25 0.7875 0.0375 0.03125
5 0.88438 0.54844 0.05 0.02812
5 0.87188 0.52812 0.0375 0.01875
48 0.94844 0.53438 0.10313 0.21875
48 0.08594 0.82188 0.17188 0.2625
48 0.46875 0.84531 0.39375 0.22813
48 0.36406 0.93281 0.35312 0.13438
48 0.0125 0.95156 0.025 0.09688
48 0.24844 0.99531 0.34062 0.00938
48 0.91094 0.90781 0.14062 0.09062
48 0.875 0.96094 0.25 0.07812
