5 0.31406 0.95938 0.04688 0.05
5 0.50469 0.5125 0.04687 0.05
5 0.79062 0.00312 0.0375 0.00625
48 0.44844 0.00156 0.12188 0.00312
48 0.52812 0.06406 0.0875 0.10938
48 0.55937 0.00625 0.075 0.0125
48 0.53281 0.19062 0.14687 0.1
48 0.85781 0.00625 0.09688 0.0125
48 0.71875 0.05156 0.2 0.10312
48 0.18906 0.96562 0.37812 0.06875
48 0.10312 0.93281 0.1375 0.13438
48 0.24375 0.89531 0.1375 0.10313
48 0.02188 0.82656 0.04375 0.17812
48 0.13438 0.81719 0.0625 0.05312
48 0.17188 0.85938 0.075 0.08125
48 0.40312 0.97969 0.125 0.04063
48 0.05469 0.4875 0.10938 0.20625
48 0.20312 0.20156 0.1125 0.09063
48 0.08906 0.22812 0.17812 0.1125
48 0.07187 0.30156 0.14375 0.16563
48 0.3 0.65625 0.1375 0.18125
48 0.34219 0.57031 0.14062 0.10938
48 0.175 0.51094 0.10625 0.15937
48 0.22656 0.66875 0.10313 0.08125
48 0.15937 0.36406 0.0875 0.10313
48 0.22031 0.28438 0.15313 0.11875
48 0.42656 0.37188 0.09687 0.09375
48 0.30937 0.475 0.10625 0.1
48 0.39688 0.50469 0.1 0.07188
48 0.24688 0.5 0.0625 0.08125
48 0.34688 0.42344 0.10625 0.08438
48 0.48438 0.56875 0.10625 0.10625
48 0.64375 0.57187 0.08125 0.06875
48 0.40156 0.30312 0.12812 0.10625
48 0.26875 0.37344 0.18125 0.18438
48 0.63438 0.94219 0.10625 0.08437
48 0.48594 0.68125 0.22188 0.175
48 0.48594 0.75312 0.07812 0.0625
48 0.39375 0.73594 0.1625 0.15938
48 0.65781 0.65781 0.12813 0.13438
48 0.75781 0.78906 0.04688 0.04062
48 0.58281 0.81406 0.19062 0.21562
48 0.69531 0.85312 0.13437 0.1375
48 0.76406 0.70938 0.14687 0.15
48 0.94531 0.97188 0.10938 0.05625
48 0.86719 0.94062 0.11563 0.11875
48 0.91719 0.80469 0.16563 0.22188
48 0.98281 0.92031 0.03438 0.15938
48 0.74688 0.94375 0.1875 0.1125
