48 0.37656 0.99062 0.14688 0.01875
48 0.60156 0.50781 0.15312 0.15312
48 0.47812 0.29531 0.1125 0.13438
48 0.65312 0.85625 0.11875 0.06875
48 0.74844 0.375 0.16563 0.20625
48 0.92344 0.84688 0.15312 0.0875
48 0.98125 0.55156 0.0375 0.22813
48 0.51875 0.99219 0.15625 0.01562
48 0.52188 0.37812 0.21875 0.0625
48 0.4125 0.56719 0.25 0.10313
48 0.92188 0.92969 0.15625 0.14062
48 0.92188 0.77812 0.15 0.08125
48 0.80781 0.64375 0.20937 0.35625
48 0.8125 0.89219 0.075 0.17812
48 0.73906 0.89688 0.08437 0.16875
48 0.76406 0.22656 0.17812 0.09688
48 0.13906 0.5125 0.20312 0.1875
48 0.925 0.72188 0.15 0.075
48 0.91719 0.56875 0.09063 0.2125
48 0.13281 0.03906 0.13438 0.07812
48 0.65625 0.99844 0.13125 0.00313
48 0.55312 0.15625 0.1875 0.1
48 0.00938 0.85469 0.01875 0.17188
48 0.33125 0.31875 0.1875 0.34375
48 0.05 0.29688 0.1 0.075
48 0.27031 0.07344 0.07188 0.14688
48 0.08906 0.13906 0.10937 0.10938
48 0.45781 0.05469 0.09063 0.10938
48 0.86719 0.36562 0.11563 0.16875
48 0.08438 0.75312 0.16875 0.23125
48 0.52344 0.90312 0.14688 0.175
48 0.14531 0.98125 0.27187 0.0375
48 0.74844 0.99688 0.05937 0.00625
4 0.99688 0.13594 0.00625 0.02812
48 0.87344 0.10312 0.11562 0.1
48 0.62969 0.05156 0.20937 0.10312
48 0.48281 0.19219 0.05313 0.08438
48 0.62813 0.2125 0.06875 0.14375
5 0.60156 0.71719 0.02812 0.02812
48 0.01875 0.50937 0.0375 0.19375
48 0.60312 0.62031 0.18125 0.07812
48 0.95469 0.02188 0.09062 0.04375
48 0.01562 0.06562 0.03125 0.13125
