39 0.92031 0.55 0.12813 0.0375
48 0.29063 0.96875 0.225 0.0625
48 0.13438 0.86875 0.21875 0.11875
48 0.1875 0.61875 0.3375 0.0875
48 0.43438 0.63594 0.1375 0.17188
48 0.475 0.79062 0.10625 0.11875
48 0.90781 0.3875 0.18437 0.23125
48 0.98281 0.94844 0.03438 0.10313
48 0.09219 0.3125 0.18438 0.18125
48 0.84844 0.00938 0.30312 0.01875
48 0.6 0.38438 0.2625 0.15
48 0.62969 0.24219 0.27813 0.15938
48 0.325 0.40469 0.15 0.11563
48 0.02969 0.08125 0.05938 0.15625
48 0.9375 0.15469 0.125 0.04688
48 0.51406 0.99844 0.06562 0.00313
48 0.4875 0.95625 0.13125 0.075
48 0.8125 0.725 0.33125 0.1625
