48 0.25938 0.03438 0.08125 0.06875
48 0.40469 0.02656 0.09687 0.05312
48 0.3125 0.71875 0.06875 0.05625
48 0.29844 0.66094 0.07187 0.05312
48 0.04688 0.54531 0.09375 0.32188
48 0.20156 0.6 0.20312 0.125
48 0.49688 0.45781 0.1 0.09063
48 0.41875 0.43906 0.0875 0.05938
48 0.64844 0.20312 0.10312 0.0625
48 0.99531 0.09844 0.00938 0.19688
48 0.87344 0.31562 0.19688 0.15
48 0.50781 0.11406 0.09062 0.07813
48 0.41094 0.11875 0.09063 0.13125
48 0.32188 0.05625 0.06875 0.10625
48 0.32656 0.14062 0.08438 0.0625
48 0.32969 0.19531 0.06562 0.04063
48 0.55625 0.18281 0.05625 0.06563
48 0.55469 0.25781 0.05937 0.09062
48 0.49687 0.25938 0.0625 0.0875
48 0.52344 0.32656 0.09062 0.04688
48 0.52812 0.36562 0.08125 0.0375
48 0.51406 0.40312 0.07812 0.0375
48 0.41719 0.24219 0.11562 0.12813
48 0.42344 0.33594 0.12188 0.08437
48 0.42812 0.39375 0.09375 0.05
48 0.20156 0.12188 0.07187 0.15625
48 0.06094 0.27187 0.07187 0.09375
48 0.02344 0.3625 0.03438 0.05625
48 0.18906 0.28438 0.05313 0.03125
48 0.19531 0.31406 0.06562 0.03437
48 0.63125 0.3625 0.05 0.0625
48 0.69531 0.35312 0.07812 0.08125
48 0.67969 0.42344 0.10312 0.05938
48 0.31719 0.3625 0.07812 0.1125
48 0.30312 0.40625 0.1125 0.08125
48 0.29531 0.31562 0.13438 0.1
48 0.21094 0.40312 0.07812 0.05625
48 0.21875 0.45469 0.09375 0.04688
48 0.11719 0.44531 0.10938 0.05937
48 0.1375 0.52188 0.10625 0.1
48 0.84375 0.69688 0.1375 0.175
48 0.67969 0.62031 0.18437 0.10938
48 0.08594 0.70625 0.11562 0.075
48 0.24844 0.7625 0.04687 0.08125
48 0.31563 0.79531 0.08125 0.08437
48 0.08906 0.79531 0.09062 0.07188
48 0.05 0.9125 0.075 0.125
48 0.12812 0.89844 0.05625 0.09062
48 0.15156 0.97031 0.05313 0.05937
48 0.21094 0.79219 0.02813 0.02187
48 0.23906 0.86406 0.16563 0.12188
48 0.26406 0.97188 0.15937 0.05625
48 0.44219 0.77188 0.05312 0.03125
48 0.4125 0.73594 0.10625 0.09062
48 0.53438 0.7375 0.14375 0.09375
48 0.425 0.82656 0.125 0.08437
48 0.525 0.80625 0.08125 0.05625
48 0.51719 0.85469 0.07187 0.04688
48 0.39688 0.90312 0.06875 0.075
48 0.40312 0.97031 0.09375 0.05937
48 0.5125 0.95156 0.13125 0.09688
48 0.62969 0.97031 0.03437 0.03438
48 0.59375 0.97188 0.03125 0.05625
48 0.64688 0.97812 0.08125 0.04375
48 0.72188 0.72656 0.04375 0.09688
48 0.63125 0.80781 0.1375 0.10313
48 0.82187 0.85 0.05625 0.06875
48 0.74531 0.82969 0.09687 0.07812
48 0.17969 0.23438 0.05312 0.06875
48 0.10156 0.18906 0.06562 0.08438
48 0.43281 0.65156 0.14063 0.10938
48 0.12812 0.29063 0.06875 0.05625
48 0.69062 0.51719 0.175 0.12813
48 0.65938 0.27344 0.125 0.10313
48 0.07656 0.35938 0.07187 0.08125
48 0.14219 0.11562 0.07812 0.06875
48 0.54062 0.63281 0.125 0.12187
48 0.83906 0.10156 0.15937 0.11562
48 0.49531 0.18594 0.07813 0.06562
48 0.50156 0.0375 0.12188 0.075
48 0.325 0.5 0.0875 0.13125
48 0.13438 0.375 0.05625 0.075
48 0.89375 0.55781 0.1875 0.11562
48 0.25469 0.11094 0.06562 0.12812
48 0.20625 0.35156 0.075 0.06563
