48 0.06719 0.35156 0.09688 0.08437
48 0.08125 0.18906 0.1625 0.22812
48 0.04375 0.80625 0.0875 0.11875
48 0.05781 0.47812 0.11562 0.175
48 0.04062 0.625 0.08125 0.11875
48 0.32344 0.50313 0.10938 0.16875
48 0.14531 0.58438 0.10312 0.0375
48 0.15781 0.53438 0.10312 0.06875
48 0.35156 0.6875 0.20312 0.2125
48 0.42969 0.48906 0.11562 0.19688
48 0.41094 0.33281 0.22188 0.17188
48 0.41875 0.23438 0.2 0.11875
48 0.61406 0.31094 0.22187 0.14688
48 0.62344 0.22969 0.19063 0.11562
5 0.8375 0.30937 0.04375 0.01875
5 0.81562 0.18125 0.025 0.04375
5 0.84062 0.20781 0.04375 0.02188
5 0.83906 0.14375 0.04688 0.025
10 0.77656 0.00469 0.02813 0.00938
5 0.90312 0.52031 0.025 0.03437
48 0.6125 0.63125 0.1125 0.08125
48 0.57969 0.95625 0.25313 0.0875
48 0.74375 0.95469 0.1125 0.09062
48 0.73594 0.99375 0.15312 0.0125
48 0.15 0.45781 0.0875 0.10937
48 0.42031 0.97812 0.08438 0.04375
48 0.92969 0.73906 0.09062 0.12188
5 0.84062 0.22969 0.04375 0.02188
48 0.23438 0.50938 0.075 0.21875
5 0.46406 0.81719 0.02187 0.02813
4 0.83125 0.91562 0.03125 0.05
8 0.76875 0.73125 0.05 0.0625
5 0.70469 0.01719 0.04688 0.02188
48 0.92188 0.84219 0.06875 0.09062
5 0.70625 0.00469 0.0625 0.00938
5 0.83281 0.05781 0.04063 0.02188
5 0.84375 0.34688 0.04375 0.025
48 0.97969 0.75781 0.04063 0.16562
5 0.56719 0.93125 0.04688 0.025
48 0.3375 0.09688 0.275 0.19375
48 0.60781 0.47812 0.25312 0.2125
5 0.21875 0.92812 0.04375 0.03125
48 0.95312 0.39375 0.09375 0.15
5 0.17656 0.94375 0.04688 0.025
4 0.06719 0.9625 0.03438 0.025
5 0.84531 0.00156 0.04688 0.00312
48 0.24219 0.28906 0.13438 0.22188
5 0.48594 0.81875 0.02813 0.03125
48 0.9375 0.26094 0.125 0.14687
48 0.52656 0.0625 0.12188 0.125
5 0.83906 0.37031 0.04688 0.02187
48 0.51406 0.68125 0.12187 0.2
5 0.84219 0.38594 0.03438 0.01562
5 0.84062 0.12344 0.05 0.01562
5 0.50938 0.81719 0.025 0.03437
48 0.95156 0.93438 0.09688 0.13125
