48 0.17031 0.69844 0.15313 0.05938
48 0.21094 0.87812 0.14062 0.24375
48 0.52188 0.78438 0.1875 0.075
48 0.80469 0.8875 0.20312 0.13125
48 0.96562 0.91562 0.06875 0.05625
48 0.69375 0.23594 0.225 0.12188
48 0.52188 0.5 0.19375 0.1125
48 0.91094 0.29219 0.17812 0.14687
48 0.575 0.97188 0.0875 0.05625
48 0.60938 0.91406 0.075 0.05937
48 0.64219 0.85938 0.07188 0.05625
48 0.66562 0.82031 0.05625 0.04062
48 0.44531 0.20781 0.17188 0.12812
48 0.51562 0.2875 0.08125 0.10625
48 0.82344 0.5 0.07812 0.0625
48 0.95781 0.51406 0.08437 0.08438
