5 0.91094 0.0125 0.02813 0.025
5 0.84375 0.01094 0.025 0.02188
5 0.81406 0.0125 0.03438 0.025
5 0.94062 0.025 0.0375 0.05
5 0.53281 0.42656 0.02812 0.04688
6 0.48438 0.92188 0.0375 0.1125
5 0.50313 0.50781 0.01875 0.04062
56 0.88125 0.69531 0.23125 0.46562
53 0.09219 0.19375 0.18438 0.3875
5 0.49219 0.7375 0.02812 0.05
5 0.38906 0.40469 0.02813 0.05938
5 0.45625 0.82031 0.03125 0.04688
5 0.34219 0.64062 0.02813 0.0375
5 0.50156 0.46094 0.02813 0.04688
5 0.5 0.66406 0.03125 0.04062
5 0.35469 0.58438 0.02813 0.05625
5 0.45 0.92188 0.025 0.04375
5 0.33594 0.81562 0.02187 0.04375
5 0.5125 0.41406 0.0375 0.05312
5 0.2875 0.99688 0.05625 0.00625
5 0.50625 0.99844 0.025 0.00313
5 0.39844 0.34375 0.02812 0.05625
5 0.23125 0.38438 0.0375 0.04375
5 0.48906 0.59531 0.03437 0.04063
5 0.52344 0.66406 0.02812 0.03438
48 0.29531 0.12344 0.33438 0.24688
5 0.45781 0.77031 0.02813 0.04063
5 0.36406 0.3875 0.02813 0.05625
5 0.31875 0.85781 0.04375 0.02812
5 0.32188 0.96094 0.025 0.03438
48 0.91875 0.99844 0.1625 0.00313
5 0.39219 0.98594 0.02188 0.02812
5 0.53438 0.52812 0.025 0.04375
5 0.26094 0.875 0.04688 0.03125
5 0.25312 0.97031 0.03125 0.05312
5 0.52344 0.47031 0.02812 0.05313
5 0.26406 0.38281 0.04687 0.04063
5 0.29844 0.35312 0.04688 0.04375
5 0.46562 0.62813 0.03125 0.05625
48 0.71406 0.59531 0.12188 0.28438
5 0.47969 0.54375 0.02813 0.05625
5 0.46406 0.66875 0.02813 0.04375
48 0.83906 0.17188 0.29063 0.275
5 0.36094 0.81875 0.02813 0.05
5 0.52969 0.625 0.02812 0.05
5 0.36406 0.67031 0.02813 0.04688
5 0.50469 0.83438 0.02187 0.05
48 0.15 0.71562 0.3 0.56875
5 0.51094 0.75 0.02813 0.04375
5 0.32188 0.9875 0.025 0.025
5 0.34688 0.98906 0.03125 0.02187
48 0.65781 0.82969 0.14687 0.24062
5 0.34375 0.68125 0.03125 0.04375
48 0.475 0.98906 0.03125 0.02187
5 0.35312 0.74688 0.03125 0.05625
5 0.44531 0.98594 0.02812 0.02812
5 0.45625 0.87031 0.03125 0.05312
5 0.48281 0.7 0.02813 0.05
5 0.26094 0.89688 0.04688 0.01875
5 0.37031 0.62187 0.02813 0.05
5 0.34531 0.95781 0.03437 0.04688
5 0.49219 0.63594 0.04062 0.04063
5 0.51719 0.70781 0.02812 0.04688
5 0.25469 0.91562 0.04688 0.025
5 0.29219 0.98594 0.05312 0.02812
