48 0.32656 0.35312 0.65312 0.70625
48 0.14531 0.28906 0.29063 0.57812
48 0.61094 0.825 0.77812 0.35
48 0.78594 0.52812 0.42812 0.51875
48 0.95312 0.14844 0.09375 0.29688
5 0.72344 0.00469 0.04063 0.00938
5 0.69062 0.03281 0.04375 0.04688
5 0.4375 0.00781 0.0375 0.01562
5 0.6625 0.07812 0.04375 0.05
5 0.39219 0.04531 0.03437 0.04062
5 0.34688 0.12031 0.04375 0.04687
5 0.30156 0.17344 0.03437 0.03437
5 0.26719 0.20938 0.04062 0.04375
5 0.51562 0.28906 0.0375 0.04063
5 0.47969 0.33281 0.03437 0.04063
5 0.44531 0.38125 0.04688 0.04375
5 0.41875 0.41562 0.03125 0.0375
5 0.37656 0.42812 0.04688 0.05
5 0.39062 0.45312 0.04375 0.0375
5 0.05313 0.47031 0.05625 0.02188
5 0.04375 0.50781 0.0375 0.04688
5 0.01719 0.55937 0.03438 0.05
5 0.21094 0.70312 0.04688 0.04375
5 0.18125 0.74688 0.04375 0.0375
5 0.15 0.7875 0.0375 0.0375
13 0.04844 0.93125 0.09688 0.13125
