48 0.64688 0.80469 0.11875 0.10938
48 0.77344 0.78281 0.08438 0.08437
48 0.69688 0.91875 0.2 0.11875
5 0.62813 0.00625 0.0375 0.0125
5 0.85625 0.26562 0.01875 0.0375
5 0.8 0.35 0.0375 0.04375
5 0.075 0.74219 0.03125 0.03438
5 0.05313 0.85781 0.025 0.04063
5 0.10469 0.14531 0.02188 0.03438
48 0.30469 0.16719 0.20937 0.16562
5 0.11094 0.65781 0.02187 0.04688
48 0.97031 0.32812 0.05937 0.18125
5 0.15937 0.13438 0.025 0.05
48 0.61406 0.18281 0.32812 0.15938
48 0.70469 0.62813 0.22188 0.19375
48 0.26875 0.9375 0.1875 0.125
5 0.08594 0.66406 0.02813 0.05313
5 0.09844 0.79844 0.02188 0.04688
48 0.48125 0.91406 0.2125 0.17188
48 0.06094 0.51406 0.12188 0.24687
48 0.07969 0.27812 0.15937 0.28125
5 0.15781 0.07187 0.02813 0.05
48 0.97031 0.12031 0.05937 0.14688
48 0.97344 0.94531 0.05312 0.10938
48 0.025 0.84062 0.05 0.18125
