53 0.08281 0.92812 0.16562 0.14375
48 0.91875 0.15625 0.1625 0.3125
5 0.53906 0.51719 0.07187 0.03438
48 0.17031 0.25625 0.34062 0.43125
48 0.61875 0.79062 0.48125 0.41875
48 0.93594 0.59219 0.12813 0.29063
16 0.40781 0.21406 0.13437 0.13438
48 0.74844 0.39844 0.13438 0.10938
48 0.49219 0.59062 0.12187 0.10625
48 0.37813 0.54219 0.14375 0.14063
16 0.27656 0.36875 0.10312 0.09375
10 0.61563 0.17969 0.1 0.11562
5 0.00312 0.95 0.00625 0.0375
10 0.56406 0.28438 0.07812 0.0875
5 0.04219 0.98906 0.03437 0.02187
