48 0.85781 0.03906 0.27812 0.07812
48 0.02812 0.08281 0.05625 0.12187
48 0.23438 0.95781 0.14375 0.08437
48 0.05469 0.97031 0.10938 0.05937
48 0.69844 0.83438 0.10313 0.11875
48 0.13906 0.26094 0.10938 0.07187
48 0.29844 0.15469 0.08438 0.07187
48 0.46875 0.97812 0.18125 0.04375
48 0.53125 0.40312 0.09375 0.10625
48 0.00469 0.44844 0.00938 0.11562
48 0.23594 0.2125 0.12188 0.06875
48 0.14531 0.14375 0.11562 0.11875
48 0.46094 0.29531 0.14062 0.10312
48 0.02656 0.52969 0.05312 0.13438
48 0.075 0.65156 0.15 0.13438
48 0.52031 0.14375 0.20937 0.2375
48 0.22344 0.44375 0.14062 0.1125
48 0.28594 0.71094 0.12812 0.14688
48 0.03125 0.80781 0.0625 0.12188
48 0.1 0.4625 0.11875 0.13125
48 0.89531 0.24219 0.20937 0.37813
