48 0.10156 0.92344 0.20312 0.15312
48 0.52812 0.93281 0.125 0.13438
48 0.44531 0.99688 0.16562 0.00625
48 0.99062 0.05781 0.01875 0.11562
48 0.42031 0.48906 0.15313 0.12812
5 0.98438 0.22344 0.03125 0.02188
5 0.98906 0.17969 0.02187 0.02813
48 0.98125 0.67656 0.0375 0.13438
5 0.97969 0.24375 0.02187 0.03125
5 0.99844 0.13906 0.00313 0.04062
48 0.80781 0.79844 0.10938 0.11562
5 0.98594 0.20156 0.02812 0.02813
48 0.34688 0.77812 0.1375 0.11875
48 0.21406 0.09375 0.24062 0.1875
48 0.11719 0.625 0.23438 0.50625
