5 0.925 0.03906 0.05 0.02812
5 0.87812 0.11094 0.03125 0.04688
5 0.725 0.04688 0.05 0.025
5 0.84375 0.04375 0.03125 0.05
5 0.8875 0.16094 0.025 0.04688
5 0.88594 0.22344 0.02187 0.04688
48 0.05156 0.7375 0.10312 0.18125
48 0.67813 0.55 0.24375 0.14375
48 0.68438 0.95469 0.3 0.09062
48 0.0625 0.47656 0.125 0.25313
48 0.16094 0.01094 0.32188 0.02188
48 0.94375 0.72969 0.1125 0.27813
48 0.67188 0.39062 0.29375 0.2
48 0.35625 0.7625 0.31875 0.18125
48 0.37344 0.58281 0.29688 0.22813
48 0.08125 0.93594 0.1625 0.12813
48 0.93906 0.25937 0.12187 0.36875
48 0.38125 0.9625 0.29375 0.075
48 0.35312 0.20156 0.29375 0.20312
48 0.35312 0.38125 0.30625 0.15625
48 0.07187 0.23281 0.14375 0.24063
48 0.66094 0.18594 0.32812 0.22188
