48 0.64688 0.96875 0.33125 0.0625
48 0.64219 0.54688 0.10938 0.09375
48 0.81719 0.59531 0.15937 0.12813
48 0.525 0.15156 0.14375 0.15938
48 0.91562 0.41875 0.16875 0.14375
48 0.1125 0.825 0.16875 0.125
48 0.69219 0.93438 0.14687 0.13125
48 0.55781 0.73438 0.24062 0.18125
48 0.04531 0.67188 0.09062 0.18125
48 0.00156 0.88594 0.00312 0.09687
48 0.44531 0.43125 0.18437 0.14375
48 0.47188 0.03281 0.13125 0.06562
48 0.89375 0.52031 0.13125 0.12812
48 0.37031 0.15313 0.13438 0.14375
48 0.0625 0.76875 0.125 0.14375
48 0.9625 0.33906 0.075 0.15937
48 0.17656 0.975 0.27812 0.05
48 0.50156 0.28438 0.30312 0.16875
48 0.84531 0.7125 0.30937 0.2
48 0.55625 0.06719 0.16875 0.13438
48 0.22656 0.22344 0.19688 0.18438
48 0.04219 0.03594 0.08438 0.07187
48 0.53594 0.82188 0.12188 0.09375
48 0.90312 0.18906 0.19375 0.15313
48 0.025 0.10312 0.05 0.20625
48 0.94219 0.09844 0.11562 0.19062
48 0.97344 0.01719 0.05312 0.03438
48 0.48125 0.9375 0.2 0.125
48 0.83281 0.8625 0.20937 0.16875
48 0.69531 0.70312 0.11563 0.1
48 0.62344 0.19688 0.12813 0.10625
48 0.72031 0.61562 0.12187 0.1375
48 0.52188 0.22969 0.2625 0.17812
48 0.38438 0.00938 0.1375 0.01875
48 0.80625 0.36094 0.1625 0.11563
48 0.91562 0.33594 0.14375 0.12187
48 0.03438 0.86406 0.06875 0.07812
48 0.61406 0.59531 0.11562 0.10313
48 0.75156 0.55469 0.15312 0.15312
48 0.30625 0.42812 0.15 0.10625
48 0.33438 0.32188 0.1 0.125
48 0.24375 0.10312 0.15625 0.175
48 0.49062 0.35469 0.19375 0.14687
48 0.32812 0.13594 0.0875 0.10312
48 0.33594 0.37344 0.09688 0.07187
48 0.30312 0.04531 0.19375 0.09062
48 0.77344 0.9625 0.17188 0.075
48 0.67188 0.48906 0.1 0.11562
48 0.44062 0.49375 0.1625 0.1
48 0.38281 0.32656 0.10313 0.15313
48 0.91875 0.64688 0.1625 0.18125
48 0.875 0.25781 0.21875 0.12813
48 0.24531 0.62813 0.41562 0.3375
48 0.75781 0.89844 0.31563 0.20312
48 0.95156 0.57812 0.09688 0.1625
48 0.44375 0.10625 0.1 0.09375
48 0.51562 0.8625 0.14375 0.1125
48 0.69844 0.78125 0.10938 0.09375
48 0.12812 0.34062 0.25 0.175
48 0.84531 0.49062 0.15938 0.15
48 0.66406 0.08125 0.21562 0.1625
48 0.38906 0.07656 0.18438 0.15313
48 0.73906 0.02812 0.18438 0.05625
48 0.83438 0.77812 0.25 0.1875
48 0.96875 0.46719 0.0625 0.12187
48 0.16562 0.25938 0.175 0.1125
5 0.10781 0.5625 0.04688 0.05
5 0.77969 0.10781 0.04063 0.04688
5 0.51719 0.34219 0.04688 0.05938
5 0.00156 0.51875 0.00312 0.0375
5 0.04375 0.60156 0.0375 0.04062
5 0.44844 0.97188 0.06562 0.05625
5 0.02031 0.4375 0.04062 0.0625
5 0.01406 0.55313 0.02812 0.0375
5 0.11094 0.68281 0.04063 0.05938
5 0.07969 0.64531 0.04687 0.04063
5 0.39688 0.92031 0.04375 0.05937
5 0.77969 0.2125 0.05312 0.06875
