5 0.05781 0.40781 0.06562 0.02813
5 0.09844 0.51562 0.04688 0.05625
5 0.04062 0.57812 0.03125 0.05625
5 0.06719 0.56875 0.03438 0.05625
5 0.0375 0.61562 0.05625 0.03125
5 0.09688 0.575 0.03125 0.04375
48 0.06719 0.71562 0.13438 0.175
48 0.2875 0.88594 0.36875 0.22813
48 0.01406 0.37031 0.02812 0.08437
48 0.55469 0.07656 0.15312 0.10938
56 0.54375 0.69375 0.1 0.1625
48 0.98281 0.04844 0.03438 0.09688
48 0.9875 0.27344 0.025 0.34062
48 0.99375 0.51719 0.0125 0.06563
5 0.8875 0.98438 0.0375 0.03125
48 0.15469 0.12969 0.30938 0.25938
