5 0.89688 0.02188 0.04375 0.04375
48 0.9625 0.04219 0.075 0.08438
48 0.96562 0.175 0.06875 0.24375
5 0.36094 0.00469 0.07812 0.00938
5 0.39062 0.06875 0.0625 0.025
5 0.40938 0.09844 0.05625 0.02188
5 0.69219 0.28594 0.07188 0.03437
5 0.68594 0.325 0.09062 0.03125
5 0.92031 0.2 0.05937 0.05625
48 0.69062 0.14688 0.30625 0.29375
48 0.82188 0.65469 0.35625 0.69062
5 0.03906 0.82188 0.05938 0.03125
5 0.10938 0.82656 0.0625 0.02812
5 0.16562 0.82812 0.0625 0.025
5 0.2875 0.98125 0.06875 0.0375
5 0.30312 0.94062 0.0375 0.0375
48 0.14531 0.94219 0.29063 0.11562
5 0.26562 0.66875 0.075 0.03125
5 0.98281 0.41719 0.03438 0.04688
9 0.62813 0.90312 0.075 0.16875
