5 0.09844 0.22188 0.04062 0.04375
5 0.22813 0.30781 0.0375 0.05312
5 0.01875 0.43906 0.0375 0.04062
5 0.29375 0.56094 0.09375 0.05937
5 0.7125 0.62187 0.04375 0.05625
5 0.02031 0.88438 0.04062 0.04375
5 0.04844 0.90469 0.07188 0.04688
5 0.2 0.80469 0.0875 0.04688
5 0.225 0.83125 0.08125 0.04375
5 0.26406 0.85156 0.08438 0.04062
5 0.28906 0.87188 0.07812 0.0375
5 0.31562 0.90156 0.06875 0.04063
5 0.35 0.76406 0.0625 0.04688
5 0.59844 0.30469 0.07812 0.03438
5 0.575 0.32812 0.075 0.04375
5 0.55781 0.35312 0.08437 0.04375
5 0.53594 0.37813 0.07188 0.05
5 0.37969 0.22344 0.06562 0.03438
5 0.8375 0.69062 0.04375 0.05
5 0.88594 0.70312 0.03437 0.05
5 0.95625 0.73438 0.0375 0.05625
5 0.9875 0.75312 0.025 0.05
5 0.21875 0.98281 0.0625 0.03438
5 0.59219 0.91875 0.05312 0.0375
5 0.40625 0.98281 0.0375 0.03438
5 0.37031 0.99062 0.03437 0.01875
5 0.48438 0.99219 0.06875 0.01562
5 0.95156 0.9625 0.07188 0.05625
53 0.18125 0.89688 0.3625 0.20625
53 0.44375 0.95312 0.20625 0.09375
53 0.64219 0.99531 0.18437 0.00938
53 0.90781 0.72344 0.18437 0.10938
53 0.76719 0.62969 0.16563 0.10938
5 0.75156 0.77344 0.07812 0.04688
53 0.60938 0.54688 0.2125 0.1125
5 0.29375 0.35625 0.04375 0.0625
53 0.57031 0.34062 0.17188 0.14375
53 0.30781 0.21719 0.51562 0.12812
53 0.31094 0.33906 0.23437 0.11562
53 0.45469 0.45312 0.19063 0.1
