48 0.05312 0.25938 0.10625 0.2875
48 0.09688 0.05 0.15 0.1
48 0.21094 0.94844 0.05938 0.05312
48 0.24062 0.90156 0.05625 0.05312
48 0.44219 0.93281 0.07812 0.09687
48 0.32656 0.88125 0.10938 0.075
48 0.375 0.92188 0.175 0.11875
48 0.27969 0.97344 0.11563 0.05312
48 0.39375 0.975 0.10625 0.05
48 0.225 0.99375 0.06875 0.0125
48 0.70156 0.96094 0.27812 0.07812
48 0.85938 0.8375 0.18125 0.16875
48 0.95625 0.70469 0.0875 0.13438
48 0.06562 0.81875 0.13125 0.3625
48 0.53906 0.85469 0.22188 0.29063
48 0.67656 0.83125 0.25938 0.25
5 0.11562 0.34062 0.0375 0.05625
48 0.81875 0.02656 0.15 0.05312
48 0.65625 0.17969 0.1625 0.17812
48 0.65312 0.275 0.05625 0.0375
48 0.32031 0.01875 0.19062 0.0375
48 0.45469 0.11875 0.23438 0.2375
48 0.33125 0.28281 0.275 0.24688
48 0.56406 0.31406 0.14062 0.10938
48 0.68281 0.27969 0.07812 0.06562
48 0.65938 0.35625 0.125 0.10625
48 0.64844 0.45625 0.11563 0.10625
48 0.51562 0.41719 0.15 0.09687
48 0.56563 0.49062 0.05625 0.0875
48 0.48594 0.50313 0.10938 0.09375
48 0.29844 0.49062 0.27187 0.14375
48 0.93906 0.43438 0.09062 0.1375
48 0.91562 0.59531 0.09375 0.14687
48 0.8875 0.95781 0.09375 0.08437
48 0.46875 0.81562 0.13125 0.1375
48 0.97031 0.57969 0.05937 0.13438
48 0.81875 0.67969 0.15625 0.10312
48 0.6875 0.58125 0.1625 0.125
48 0.97188 0.83281 0.05625 0.10938
48 0.96562 0.93594 0.06875 0.12813
48 0.54375 0.59062 0.14375 0.1125
48 0.66094 0.6875 0.14062 0.0875
48 0.51719 0.68594 0.10312 0.07812
