48 0.00156 0.65312 0.00312 0.0625
48 0.02344 0.625 0.04688 0.1125
48 0.07812 0.53906 0.075 0.20938
48 0.07187 0.65781 0.075 0.05937
48 0.25 0.53594 0.075 0.14687
48 0.18281 0.65469 0.04688 0.04063
48 0.03125 0.81094 0.0625 0.09062
48 0.01094 0.87031 0.02188 0.05938
48 0.25 0.75156 0.0375 0.03438
48 0.19375 0.78594 0.10625 0.10938
48 0.11094 0.82812 0.09687 0.05625
48 0.12188 0.87969 0.09375 0.07188
48 0.13125 0.93594 0.1 0.05937
48 0.18438 0.87656 0.05 0.05937
48 0.24062 0.87969 0.05625 0.07812
48 0.26875 0.84531 0.0375 0.02812
48 0.00781 0.98594 0.01562 0.02187
48 0.23125 0.98438 0.04375 0.03125
48 0.28125 0.97031 0.06875 0.05937
48 0.30937 0.85938 0.04375 0.05625
48 0.11719 0.97656 0.07188 0.04688
48 0.69531 0.93906 0.30313 0.12187
48 0.53281 0.96406 0.04688 0.07188
48 0.80312 0.87812 0.0625 0.04375
48 0.62656 0.99062 0.07812 0.01875
48 0.75469 0.99375 0.06562 0.0125
48 0.83125 0.99844 0.05625 0.00313
48 0.53125 0.87656 0.0875 0.06563
48 0.59531 0.8625 0.02812 0.03125
